0.65627,-0.5767,1.7605,-1.0645,0.72873,0.48997,-1.0002,0.33606
0.58581,-0.52667,1.7029,-1.0373,0.69313,0.48172,-0.96507,0.3322
0.51511,-0.47593,1.6446,-1.0087,0.6575,0.47259,-0.9298,0.32763
0.4442,-0.42454,1.5857,-0.97873,0.62183,0.46263,-0.8944,0.32235
0.37309,-0.37256,1.526,-0.94744,0.58612,0.45184,-0.85889,0.31639
0.30181,-0.32005,1.4656,-0.91486,0.55036,0.44027,-0.82326,0.30977
0.23038,-0.26707,1.4045,-0.88102,0.51456,0.42794,-0.78751,0.30251
0.15882,-0.21369,1.3428,-0.84596,0.4787,0.41489,-0.75163,0.29462
0.087165,-0.15997,1.2804,-0.80973,0.44278,0.40114,-0.71563,0.28614
0.015432,-0.10598,1.2174,-0.77236,0.4068,0.38673,-0.67951,0.27707
-0.056349,-0.051775,1.1537,-0.7339,0.37075,0.37168,-0.64326,0.26744
-0.12815,0.0025728,1.0894,-0.69438,0.33463,0.35604,-0.60688,0.25728
-0.19995,0.056998,1.0246,-0.65387,0.29844,0.33983,-0.57038,0.24662
-0.27171,0.11143,0.95918,-0.6124,0.26217,0.3231,-0.53375,0.23546
-0.3434,0.16581,0.8932,-0.57003,0.22583,0.30587,-0.497,0.22385
-0.415,0.22007,0.8267,-0.52679,0.18941,0.28818,-0.46012,0.2118
-0.48647,0.27414,0.75968,-0.48276,0.1529,0.27008,-0.42311,0.19934
-0.55777,0.32794,0.69218,-0.43797,0.11631,0.25159,-0.38598,0.18651
-0.62888,0.38143,0.62421,-0.39247,0.079634,0.23275,-0.34872,0.17332
-0.69976,0.43451,0.55579,-0.34634,0.042875,0.21361,-0.31134,0.1598
-0.77038,0.48714,0.48697,-0.29961,0.0060322,0.19419,-0.27384,0.14599
-0.84069,0.53924,0.41775,-0.25235,-0.030894,0.17455,-0.23622,0.13191
-0.91067,0.59074,0.34817,-0.20461,-0.067902,0.15471,-0.19849,0.11759
-0.98027,0.64158,0.27825,-0.15645,-0.10499,0.13472,-0.16064,0.10307
-1.0495,0.6917,0.20803,-0.10794,-0.14215,0.11461,-0.12268,0.088364
-1.1182,0.74102,0.13754,-0.059122,-0.17939,0.094424,-0.084617,0.073512
-1.1864,0.78948,0.066798,-0.010066,-0.2167,0.074202,-0.046453,0.058544
-1.2541,0.83703,-0.0041523,0.039169,-0.25407,0.053983,-0.0081943,0.04349
-1.3212,0.88358,-0.075281,0.088521,-0.2915,0.033805,0.030155,0.028381
-1.3877,0.92909,-0.14655,0.13793,-0.32899,0.013707,0.068587,0.013249
-1.4536,0.97349,-0.21793,0.18733,-0.36651,-0.0062722,0.1071,-0.0018738
-1.5187,1.0167,-0.28939,0.23666,-0.40408,-0.026094,0.14567,-0.016956
-1.5831,1.0587,-0.36088,0.28586,-0.44168,-0.045719,0.18431,-0.031967
-1.6467,1.0995,-0.43236,0.33487,-0.47929,-0.065111,0.223,-0.046873
-1.7094,1.1388,-0.50381,0.38362,-0.51692,-0.084232,0.26174,-0.061644
-1.7713,1.1768,-0.57517,0.43205,-0.55454,-0.10304,0.30051,-0.076246
-1.8322,1.2133,-0.6464,0.48009,-0.59215,-0.12151,0.33929,-0.09065
-1.8922,1.2484,-0.71748,0.52769,-0.62973,-0.1396,0.37809,-0.10482
-1.9511,1.2818,-0.78834,0.57477,-0.66728,-0.15727,0.41689,-0.11873
-2.009,1.3137,-0.85896,0.62129,-0.70477,-0.17448,0.45567,-0.13235
-2.0657,1.3439,-0.92928,0.66717,-0.74219,-0.19121,0.49443,-0.14564
-2.1213,1.3725,-0.99926,0.71236,-0.77952,-0.20742,0.53314,-0.15858
-2.1757,1.3993,-1.0689,0.75679,-0.81675,-0.22308,0.5718,-0.17113
-2.2288,1.4243,-1.138,0.80041,-0.85387,-0.23816,0.61038,-0.18327
-2.2806,1.4475,-1.2067,0.84315,-0.89084,-0.25262,0.64887,-0.19497
-2.3311,1.4688,-1.2749,0.88495,-0.92765,-0.26643,0.68726,-0.20619
-2.3802,1.4883,-1.3424,0.92577,-0.96429,-0.27957,0.72552,-0.21691
-2.4278,1.5058,-1.4094,0.96553,-1.0007,-0.29201,0.76364,-0.2271
-2.4739,1.5214,-1.4757,1.0042,-1.037,-0.30372,0.8016,-0.23674
-2.5185,1.535,-1.5413,1.0417,-1.0729,-0.31467,0.83937,-0.2458
-2.5616,1.5466,-1.6061,1.078,-1.1086,-0.32484,0.87695,-0.25425
-2.603,1.5562,-1.6701,1.113,-1.1441,-0.33421,0.9143,-0.26207
-2.6427,1.5637,-1.7332,1.1467,-1.1792,-0.34275,0.95141,-0.26923
-2.6807,1.5692,-1.7954,1.179,-1.2139,-0.35044,0.98825,-0.27572
-2.717,1.5726,-1.8566,1.2099,-1.2484,-0.35727,1.0248,-0.28151
-2.7515,1.5739,-1.9168,1.2393,-1.2824,-0.36321,1.061,-0.28657
-2.7842,1.5731,-1.9759,1.2672,-1.316,-0.36825,1.0969,-0.2909
-2.8149,1.5702,-2.034,1.2936,-1.3491,-0.37237,1.1325,-0.29446
-2.8438,1.5652,-2.0908,1.3184,-1.3818,-0.37556,1.1676,-0.29725
-2.8707,1.558,-2.1464,1.3415,-1.414,-0.3778,1.2024,-0.29924
-2.8957,1.5488,-2.2008,1.363,-1.4457,-0.37909,1.2367,-0.30042
-2.9186,1.5374,-2.2538,1.3827,-1.4768,-0.3794,1.2705,-0.30078
-2.9395,1.5239,-2.3055,1.4007,-1.5074,-0.37874,1.3039,-0.3003
-2.9583,1.5084,-2.3557,1.417,-1.5373,-0.3771,1.3367,-0.29897
-2.975,1.4907,-2.4045,1.4314,-1.5666,-0.37447,1.369,-0.29679
-2.9895,1.471,-2.4518,1.4439,-1.5952,-0.37085,1.4007,-0.29373
-3.0019,1.4493,-2.4975,1.4547,-1.6231,-0.36624,1.4318,-0.28979
-3.0121,1.4255,-2.5416,1.4635,-1.6503,-0.36063,1.4623,-0.28497
-3.0201,1.3997,-2.5841,1.4704,-1.6767,-0.35402,1.4922,-0.27927
-3.0258,1.372,-2.6248,1.4754,-1.7023,-0.34643,1.5214,-0.27267
-3.0293,1.3423,-2.6639,1.4784,-1.7271,-0.33784,1.5498,-0.26517
-3.0305,1.3106,-2.7011,1.4795,-1.7511,-0.32828,1.5775,-0.25678
-3.0294,1.2771,-2.7366,1.4786,-1.7742,-0.31774,1.6045,-0.2475
-3.026,1.2418,-2.7702,1.4757,-1.7964,-0.30624,1.6306,-0.23732
-3.0203,1.2047,-2.8018,1.4708,-1.8176,-0.29378,1.656,-0.22626
-3.0122,1.1658,-2.8316,1.4639,-1.8379,-0.28038,1.6805,-0.2143
-3.0018,1.1252,-2.8594,1.4551,-1.8572,-0.26605,1.7041,-0.20148
-2.989,1.0829,-2.8852,1.4442,-1.8755,-0.2508,1.7268,-0.18778
-2.9739,1.039,-2.9089,1.4314,-1.8928,-0.23466,1.7486,-0.17322
-2.9565,0.99357,-2.9306,1.4165,-1.909,-0.21764,1.7695,-0.15782
-2.9366,0.94664,-2.9502,1.3997,-1.924,-0.19977,1.7893,-0.14158
-2.9145,0.89826,-2.9676,1.3809,-1.938,-0.18105,1.8082,-0.12452
-2.8899,0.8485,-2.9829,1.3602,-1.9508,-0.16153,1.826,-0.10666
-2.8631,0.79742,-2.9961,1.3376,-1.9624,-0.14121,1.8428,-0.088006
-2.8339,0.74509,-3.007,1.313,-1.9729,-0.12013,1.8585,-0.068586
-2.8023,0.69158,-3.0157,1.2865,-1.9821,-0.09832,1.8731,-0.04842
-2.7685,0.63696,-3.0222,1.2582,-1.9901,-0.075802,1.8865,-0.027527
-2.7323,0.58129,-3.0264,1.228,-1.9969,-0.052607,1.8989,-0.0059328
-2.6939,0.52466,-3.0284,1.196,-2.0023,-0.02877,1.91,0.016338
-2.6532,0.46715,-3.0281,1.1623,-2.0065,-0.0043212,1.92,0.03926
-2.6103,0.40881,-3.0255,1.1268,-2.0093,0.020703,1.9287,0.062803
-2.5651,0.34975,-3.0206,1.0896,-2.0108,0.046268,1.9362,0.086939
-2.5177,0.29004,-3.0133,1.0507,-2.011,0.072335,1.9425,0.11164
-2.4682,0.22976,-3.0038,1.0103,-2.0098,0.098867,1.9475,0.13687
-2.4165,0.16899,-2.9919,0.96822,-2.0072,0.12582,1.9512,0.16259
-2.3627,0.10783,-2.9778,0.92466,-2.0032,0.15317,1.9536,0.18877
-2.3068,0.046359,-2.9613,0.87962,-1.9979,0.18085,1.9547,0.21538
-2.2488,-0.015334,-2.9425,0.83318,-1.9911,0.20884,1.9545,0.24238
-2.1889,-0.077161,-2.9214,0.78537,-1.9828,0.23708,1.9529,0.26973
-2.127,-0.13903,-2.898,0.73626,-1.9732,0.26553,1.95,0.29738
-2.0631,-0.20085,-2.8723,0.68591,-1.9621,0.29415,1.9457,0.3253
-1.9973,-0.26253,-2.8443,0.63438,-1.9495,0.32289,1.94,0.35344
-1.9297,-0.32398,-2.8141,0.58174,-1.9355,0.3517,1.9329,0.38177
-1.8602,-0.38511,-2.7817,0.52806,-1.9201,0.38053,1.9244,0.41024
-1.789,-0.44581,-2.747,0.4734,-1.9032,0.40934,1.9145,0.43879
-1.7161,-0.50601,-2.7101,0.41783,-1.8848,0.43807,1.9032,0.46739
-1.6415,-0.5656,-2.671,0.36143,-1.8649,0.46668,1.8905,0.49599
-1.5652,-0.6245,-2.6297,0.30427,-1.8436,0.49511,1.8764,0.52454
-1.4874,-0.68261,-2.5863,0.24644,-1.8209,0.52332,1.8608,0.55299
-1.408,-0.73984,-2.5408,0.188,-1.7966,0.55125,1.8438,0.58129
-1.3272,-0.79609,-2.4933,0.12903,-1.7709,0.57885,1.8254,0.60939
-1.2449,-0.85128,-2.4437,0.069629,-1.7438,0.60607,1.8055,0.63724
-1.1613,-0.90532,-2.392,0.0098652,-1.7152,0.63285,1.7842,0.66479
-1.0764,-0.95811,-2.3384,-0.050174,-1.6852,0.65914,1.7615,0.69198
-0.99014,-1.0096,-2.2829,-0.1104,-1.6537,0.6849,1.7373,0.71877
-0.90272,-1.0596,-2.2254,-0.17074,-1.6209,0.71006,1.7117,0.74509
-0.81416,-1.1081,-2.1661,-0.23109,-1.5866,0.73458,1.6847,0.77091
-0.7245,-1.1551,-2.105,-0.29137,-1.5509,0.7584,1.6562,0.79616
-0.63381,-1.2004,-2.0421,-0.3515,-1.5138,0.78148,1.6264,0.82079
-0.54214,-1.2439,-1.9774,-0.41138,-1.4754,0.80375,1.5951,0.84474
-0.44955,-1.2856,-1.911,-0.47092,-1.4356,0.82517,1.5624,0.86797
-0.35611,-1.3253,-1.843,-0.53003,-1.3944,0.84569,1.5284,0.89042
-0.26186,-1.3631,-1.7734,-0.58864,-1.352,0.86525,1.4929,0.91204
-0.16688,-1.3989,-1.7023,-0.64663,-1.3082,0.88381,1.4561,0.93277
-0.071223,-1.4325,-1.6296,-0.70393,-1.2631,0.90132,1.4179,0.95255
0.025054,-1.4639,-1.5555,-0.76045,-1.2168,0.91772,1.3784,0.97135
0.12189,-1.493,-1.48,-0.81609,-1.1692,0.93298,1.3375,0.9891
0.21922,-1.5198,-1.4031,-0.87078,-1.1203,0.94705,1.2953,1.0058
0.31699,-1.5443,-1.325,-0.92441,-1.0703,0.95987,1.2518,1.0213
0.41513,-1.5663,-1.2455,-0.9769,-1.0191,0.97141,1.207,1.0356
0.51359,-1.5858,-1.1649,-1.0282,-0.96669,0.98162,1.161,1.0487
0.61231,-1.6028,-1.0832,-1.0781,-0.91316,0.99046,1.1136,1.0604
0.71122,-1.6171,-1.0004,-1.1267,-0.85851,0.99789,1.0651,1.0709
0.81026,-1.6289,-0.91649,-1.1738,-0.80277,1.0039,1.0153,1.0799
0.90938,-1.6379,-0.83165,-1.2193,-0.74598,1.0084,0.96429,1.0875
1.0085,-1.6443,-0.7459,-1.2632,-0.68814,1.0113,0.91212,1.0937
1.1076,-1.6479,-0.65927,-1.3054,-0.6293,1.0127,0.85878,1.0983
1.2066,-1.6487,-0.57184,-1.3458,-0.56948,1.0125,0.80431,1.1014
1.3054,-1.6468,-0.48366,-1.3843,-0.50872,1.0107,0.74873,1.1029
1.404,-1.642,-0.39478,-1.4208,-0.44703,1.0073,0.69205,1.1027
1.5023,-1.6343,-0.30526,-1.4554,-0.38446,1.0021,0.6343,1.1009
1.6003,-1.6239,-0.21516,-1.4879,-0.32102,0.99526,0.57552,1.0974
1.6979,-1.6105,-0.12453,-1.5182,-0.25677,0.98667,0.51571,1.0921
1.7951,-1.5943,-0.033423,-1.5463,-0.19172,0.97633,0.45492,1.085
1.8917,-1.5752,0.058098,-1.5722,-0.12591,0.96422,0.39317,1.0762
1.9878,-1.5532,0.14998,-1.5957,-0.059379,0.95032,0.33048,1.0656
2.0832,-1.5284,0.24217,-1.6168,0.0078439,0.93462,0.26689,1.0531
2.178,-1.5007,0.33461,-1.6356,0.075722,0.9171,0.20242,1.0387
2.2721,-1.4702,0.42724,-1.6518,0.14422,0.89775,0.13711,1.0225
2.3654,-1.4368,0.52002,-1.6655,0.2133,0.87656,0.070979,1.0043
2.4579,-1.4006,0.61289,-1.6766,0.28293,0.85353,0.004071,0.98422
2.5494,-1.3617,0.70579,-1.6851,0.35307,0.82866,-0.063587,0.96222
2.6401,-1.32,0.79868,-1.691,0.42368,0.80193,-0.13196,0.93827
2.7298,-1.2756,0.89149,-1.6941,0.49473,0.77336,-0.20102,0.91238
2.8184,-1.2285,0.98418,-1.6946,0.56617,0.74295,-0.27072,0.88454
2.906,-1.1787,1.0767,-1.6923,0.63797,0.71071,-0.34104,0.85474
2.9924,-1.1264,1.169,-1.6873,0.71008,0.67663,-0.41193,0.82298
3.0777,-1.0715,1.261,-1.6795,0.78248,0.64074,-0.48337,0.78928
3.1618,-1.0141,1.3527,-1.6689,0.85511,0.60305,-0.5553,0.75363
3.2445,-0.95428,1.444,-1.6555,0.92793,0.56358,-0.62771,0.71604
3.326,-0.89206,1.5349,-1.6393,1.0009,0.52234,-0.70054,0.67653
3.4061,-0.82752,1.6253,-1.6203,1.074,0.47935,-0.77376,0.63511
3.4849,-0.76072,1.7152,-1.5985,1.1472,0.43465,-0.84733,0.5918
3.5622,-0.69172,1.8046,-1.5739,1.2204,0.38825,-0.9212,0.54661
3.638,-0.62061,1.8933,-1.5465,1.2936,0.34018,-0.99535,0.49957
3.7123,-0.54746,1.9814,-1.5163,1.3667,0.29048,-1.0697,0.45071
3.785,-0.47233,2.0687,-1.4833,1.4397,0.23918,-1.1443,0.40004
3.8561,-0.39532,2.1553,-1.4476,1.5126,0.18632,-1.219,0.34762
3.9256,-0.3165,2.2412,-1.4091,1.5853,0.13193,-1.2938,0.29345
3.9935,-0.23596,2.3262,-1.3679,1.6578,0.076058,-1.3686,0.23759
4.0596,-0.15378,2.4103,-1.3241,1.7301,0.018743,-1.4435,0.18008
4.124,-0.070057,2.4935,-1.2777,1.802,-0.039967,-1.5183,0.12094
4.1866,0.015118,2.5757,-1.2286,1.8735,-0.10003,-1.5931,0.060229
4.2474,0.10165,2.6569,-1.177,1.9447,-0.16139,-1.6677,-0.002008
4.3064,0.18945,2.7371,-1.1229,2.0154,-0.22399,-1.7422,-0.065724
4.3635,0.27842,2.8162,-1.0663,2.0856,-0.28779,-1.8165,-0.13087
4.4187,0.36845,2.8942,-1.0073,2.1553,-0.35273,-1.8905,-0.19739
4.472,0.45946,2.971,-0.94599,2.2244,-0.41875,-1.9642,-0.26522
4.5234,0.55132,3.0467,-0.88235,2.2929,-0.48579,-2.0375,-0.33432
4.5727,0.64396,3.1211,-0.81648,2.3607,-0.5538,-2.1105,-0.40462
4.6201,0.73725,3.1942,-0.74845,2.4278,-0.6227,-2.183,-0.47605
4.6654,0.8311,3.266,-0.67832,2.4942,-0.69244,-2.255,-0.54856
4.7087,0.9254,3.3365,-0.60615,2.5598,-0.76295,-2.3265,-0.62208
4.75,1.02,3.4056,-0.53203,2.6246,-0.83416,-2.3974,-0.69654
4.7891,1.1149,3.4733,-0.45604,2.6884,-0.906,-2.4677,-0.77187
4.8261,1.2099,3.5396,-0.37824,2.7514,-0.97842,-2.5373,-0.848
4.861,1.305,3.6044,-0.29872,2.8134,-1.0513,-2.6061,-0.92486
4.8938,1.3999,3.6677,-0.21757,2.8744,-1.1247,-2.6742,-1.0024
4.9244,1.4947,3.7295,-0.13487,2.9344,-1.1983,-2.7415,-1.0805
4.9528,1.5892,3.7897,-0.050709,2.9933,-1.2723,-2.8079,-1.1591
4.9791,1.6833,3.8483,0.034822,3.0511,-1.3465,-2.8734,-1.2381
5.0031,1.7769,3.9052,0.12163,3.1077,-1.4208,-2.938,-1.3175
5.025,1.8698,3.9606,0.20962,3.1631,-1.4951,-3.0015,-1.3971
5.0446,1.9621,4.0142,0.2987,3.2173,-1.5695,-3.064,-1.4769
5.062,2.0536,4.0661,0.38877,3.2702,-1.6437,-3.1254,-1.5568
5.0772,2.1441,4.1163,0.47973,3.3219,-1.7178,-3.1857,-1.6368
5.0901,2.2336,4.1648,0.57148,3.3721,-1.7916,-3.2448,-1.7167
5.1008,2.322,4.2114,0.66392,3.421,-1.8651,-3.3026,-1.7965
5.1092,2.4092,4.2563,0.75695,3.4685,-1.9383,-3.3592,-1.876
5.1154,2.4952,4.2993,0.85047,3.5146,-2.0109,-3.4145,-1.9552
5.1193,2.5797,4.3405,0.94436,3.5592,-2.083,-3.4685,-2.0341
5.121,2.6627,4.3797,1.0385,3.6022,-2.1545,-3.521,-2.1125
5.1205,2.7442,4.4171,1.1329,3.6438,-2.2253,-3.5721,-2.1903
5.1177,2.824,4.4526,1.2273,3.6837,-2.2953,-3.6217,-2.2675
5.1126,2.9021,4.4861,1.3217,3.7221,-2.3645,-3.6698,-2.344
5.1053,2.9783,4.5177,1.4159,3.7589,-2.4328,-3.7164,-2.4197
5.0958,3.0526,4.5473,1.5099,3.794,-2.5001,-3.7614,-2.4945
5.0841,3.125,4.5749,1.6035,3.8274,-2.5664,-3.8048,-2.5684
5.0701,3.1953,4.6004,1.6967,3.8592,-2.6315,-3.8465,-2.6412
5.054,3.2635,4.624,1.7893,3.8892,-2.6955,-3.8865,-2.713
5.0357,3.3296,4.6455,1.8812,3.9175,-2.7582,-3.9248,-2.7835
5.0152,3.3933,4.665,1.9724,3.9441,-2.8196,-3.9614,-2.8528
4.9925,3.4548,4.6823,2.0627,3.9689,-2.8796,-3.9962,-2.9208
4.9676,3.5139,4.6976,2.152,3.9918,-2.9382,-4.0291,-2.9874
4.9407,3.5705,4.7109,2.2403,4.013,-2.9953,-4.0603,-3.0525
4.9116,3.6247,4.722,2.3274,4.0324,-3.0509,-4.0895,-3.116
4.8804,3.6764,4.7309,2.4132,4.0499,-3.1049,-4.1169,-3.178
4.8472,3.7255,4.7378,2.4977,4.0656,-3.1572,-4.1424,-3.2382
4.8118,3.7719,4.7425,2.5807,4.0794,-3.2078,-4.1659,-3.2968
4.7745,3.8158,4.7451,2.6622,4.0913,-3.2566,-4.1875,-3.3535
4.7351,3.8569,4.7456,2.7421,4.1014,-3.3037,-4.2071,-3.4084
4.6938,3.8954,4.7439,2.8202,4.1096,-3.3489,-4.2247,-3.4614
4.6504,3.9311,4.74,2.8966,4.1159,-3.3922,-4.2403,-3.5124
4.6052,3.964,4.734,2.971,4.1204,-3.4336,-4.2539,-3.5614
4.558,3.9942,4.7258,3.0435,4.1229,-3.473,-4.2654,-3.6084
4.5089,4.0215,4.7155,3.114,4.1235,-3.5104,-4.2749,-3.6532
4.458,4.046,4.703,3.1823,4.1223,-3.5458,-4.2823,-3.6959
4.4053,4.0677,4.6883,3.2484,4.1192,-3.5791,-4.2877,-3.7364
4.3507,4.0866,4.6715,3.3123,4.1142,-3.6104,-4.291,-3.7746
4.2945,4.1027,4.6525,3.3739,4.1073,-3.6395,-4.2922,-3.8106
4.2364,4.1159,4.6314,3.4331,4.0986,-3.6665,-4.2914,-3.8442
4.1767,4.1263,4.6081,3.4898,4.088,-3.6914,-4.2884,-3.8755
4.1153,4.1338,4.5827,3.5441,4.0756,-3.7141,-4.2834,-3.9045
4.0523,4.1386,4.5551,3.5957,4.0613,-3.7346,-4.2763,-3.931
3.9877,4.1405,4.5254,3.6448,4.0452,-3.7529,-4.2671,-3.9552
3.9216,4.1397,4.4936,3.6912,4.0273,-3.769,-4.2558,-3.9769
3.8539,4.1361,4.4597,3.7349,4.0076,-3.7829,-4.2425,-3.9961
3.7848,4.1297,4.4238,3.7759,3.9862,-3.7946,-4.2271,-4.0129
3.7142,4.1207,4.3857,3.8141,3.9629,-3.8041,-4.2097,-4.0272
3.6422,4.109,4.3456,3.8495,3.938,-3.8114,-4.1902,-4.0391
3.5689,4.0946,4.3034,3.882,3.9113,-3.8165,-4.1687,-4.0484
3.4942,4.0776,4.2592,3.9117,3.883,-3.8194,-4.1452,-4.0552
3.4183,4.058,4.2129,3.9385,3.8529,-3.8201,-4.1197,-4.0596
3.3411,4.0358,4.1647,3.9624,3.8213,-3.8186,-4.0922,-4.0615
3.2628,4.0112,4.1145,3.9833,3.788,-3.815,-4.0628,-4.0608
3.1833,3.9841,4.0624,4.0013,3.7531,-3.8092,-4.0314,-4.0577
3.1027,3.9546,4.0083,4.0164,3.7167,-3.8014,-3.9981,-4.0522
3.021,3.9227,3.9523,4.0285,3.6788,-3.7914,-3.963,-4.0442
2.9384,3.8886,3.8945,4.0376,3.6393,-3.7793,-3.9259,-4.0338
2.8547,3.8521,3.8347,4.0438,3.5984,-3.7652,-3.887,-4.0209
2.7701,3.8135,3.7732,4.0471,3.556,-3.7491,-3.8463,-4.0057
2.6847,3.7727,3.7098,4.0474,3.5123,-3.731,-3.8038,-3.9881
2.5984,3.7299,3.6447,4.0447,3.4672,-3.711,-3.7596,-3.9682
2.5113,3.685,3.5779,4.0392,3.4207,-3.689,-3.7137,-3.946
2.4234,3.6381,3.5093,4.0307,3.373,-3.6652,-3.666,-3.9215
2.3349,3.5893,3.4391,4.0194,3.324,-3.6395,-3.6167,-3.8947
2.2457,3.5387,3.3672,4.0052,3.2738,-3.612,-3.5658,-3.8658
2.1558,3.4863,3.2938,3.9882,3.2224,-3.5827,-3.5133,-3.8347
2.0655,3.4322,3.2187,3.9684,3.1698,-3.5517,-3.4593,-3.8015
1.9745,3.3765,3.1422,3.9458,3.1162,-3.5191,-3.4038,-3.7662
1.8831,3.3192,3.0641,3.9205,3.0615,-3.4848,-3.3468,-3.7288
1.7913,3.2603,2.9846,3.8925,3.0057,-3.449,-3.2883,-3.6895
1.6991,3.2,2.9037,3.8619,2.949,-3.4116,-3.2285,-3.6483
1.6065,3.1384,2.8215,3.8286,2.8914,-3.3727,-3.1674,-3.6051
1.5136,3.0754,2.7379,3.7928,2.8328,-3.3325,-3.1049,-3.5602
1.4205,3.0111,2.653,3.7545,2.7734,-3.2908,-3.0412,-3.5134
1.3271,2.9457,2.5669,3.7137,2.7132,-3.2478,-2.9763,-3.4649
1.2336,2.8792,2.4796,3.6705,2.6522,-3.2035,-2.9102,-3.4148
1.1399,2.8117,2.3912,3.625,2.5904,-3.1581,-2.843,-3.363
1.0461,2.7432,2.3016,3.5772,2.528,-3.1114,-2.7747,-3.3097
0.95231,2.6738,2.211,3.5271,2.4649,-3.0637,-2.7054,-3.2549
0.85846,2.6035,2.1195,3.4749,2.4012,-3.0149,-2.6351,-3.1986
0.76464,2.5325,2.0269,3.4205,2.3369,-2.9651,-2.5639,-3.141
0.67089,2.4607,1.9335,3.3642,2.2721,-2.9143,-2.4918,-3.082
0.57723,2.3883,1.8392,3.3058,2.2068,-2.8626,-2.4188,-3.0218
0.4837,2.3154,1.7441,3.2456,2.1411,-2.8102,-2.3451,-2.9604
0.39035,2.2419,1.6483,3.1835,2.075,-2.7569,-2.2706,-2.8979
0.2972,2.1679,1.5518,3.1196,2.0085,-2.7029,-2.1954,-2.8343
0.2043,2.0936,1.4546,3.0541,1.9416,-2.6482,-2.1195,-2.7697
0.11166,2.0188,1.3569,2.9869,1.8745,-2.5929,-2.0431,-2.7042
0.019334,1.9438,1.2586,2.9181,1.8071,-2.5371,-1.9661,-2.6378
-0.072657,1.8686,1.1599,2.8479,1.7395,-2.4807,-1.8886,-2.5706
-0.16428,1.7932,1.0607,2.7763,1.6717,-2.4239,-1.8106,-2.5026
-0.25551,1.7176,0.96114,2.7034,1.6038,-2.3666,-1.7322,-2.4339
-0.34632,1.642,0.86129,2.6292,1.5357,-2.309,-1.6535,-2.3647
-0.43667,1.5663,0.76117,2.5538,1.4676,-2.2511,-1.5744,-2.2948
-0.52655,1.4907,0.66086,2.4774,1.3995,-2.1928,-1.4951,-2.2244
-0.61593,1.4151,0.56039,2.3999,1.3313,-2.1344,-1.4155,-2.1536
-0.70478,1.3396,0.45984,2.3214,1.2631,-2.0758,-1.3357,-2.0824
-0.79308,1.2642,0.35925,2.2421,1.195,-2.017,-1.2558,-2.0109
-0.88081,1.189,0.25868,2.162,1.127,-1.9582,-1.1759,-1.9391
-0.96796,1.114,0.15818,2.0812,1.0591,-1.8993,-1.0958,-1.8671
-1.0545,1.0392,0.05781,1.9997,0.99131,-1.8403,-1.0158,-1.7949
-1.1404,0.96472,-0.042373,1.9177,0.92368,-1.7814,-0.93576,-1.7226
-1.2257,0.89053,-0.14232,1.8352,0.85623,-1.7226,-0.85581,-1.6503
-1.3103,0.81665,-0.24197,1.7522,0.78899,-1.6638,-0.77599,-1.578
-1.3942,0.74313,-0.34127,1.6689,0.72198,-1.6051,-0.69631,-1.5057
-1.4775,0.66998,-0.44018,1.5853,0.65521,-1.5466,-0.61682,-1.4334
-1.56,0.59722,-0.53863,1.5015,0.58871,-1.4883,-0.53756,-1.3614
-1.6419,0.52487,-0.63658,1.4176,0.52249,-1.4302,-0.45856,-1.2895
-1.723,0.45295,-0.73396,1.3335,0.45657,-1.3723,-0.37987,-1.2178
-1.8034,0.38146,-0.83075,1.2495,0.39098,-1.3146,-0.3015,-1.1464
-1.883,0.31042,-0.92687,1.1656,0.32571,-1.2572,-0.22351,-1.0754
-1.9619,0.23984,-1.0223,1.0817,0.26079,-1.2002,-0.14591,-1.0046
-2.0401,0.16973,-1.1169,0.99807,0.19622,-1.1434,-0.068745,-0.93426
-2.1175,0.10008,-1.2108,0.91466,0.13202,-1.0869,0.0079608,-0.86432
-2.1942,0.030914,-1.3038,0.83156,0.068194,-1.0308,0.084178,-0.79483
-2.2701,-0.03778,-1.3959,0.74882,0.004751,-0.97496,0.15988,-0.72582
-2.3452,-0.106,-1.4871,0.66651,-0.058304,-0.91951,0.23503,-0.65732
-2.4196,-0.17374,-1.5772,0.58466,-0.12096,-0.86442,0.30962,-0.58935
-2.4932,-0.24102,-1.6664,0.50334,-0.18323,-0.80969,0.38361,-0.52194
-2.566,-0.30783,-1.7545,0.4226,-0.24509,-0.75531,0.45699,-0.45512
-2.6381,-0.37418,-1.8414,0.34249,-0.30656,-0.7013,0.52973,-0.3889
-2.7095,-0.44008,-1.9272,0.26305,-0.36762,-0.64765,0.60181,-0.32331
-2.78,-0.50555,-2.0119,0.18432,-0.42828,-0.59436,0.67321,-0.25836
-2.8498,-0.57058,-2.0952,0.10636,-0.48854,-0.54142,0.74391,-0.19406
-2.9189,-0.6352,-2.1774,0.029192,-0.54841,-0.48883,0.8139,-0.13044
-2.9872,-0.69941,-2.2582,-0.047132,-0.60789,-0.43657,0.88316,-0.067499
-3.0548,-0.76324,-2.3377,-0.12258,-0.66699,-0.38463,0.95167,-0.0052536
-3.1216,-0.82669,-2.4158,-0.19711,-0.72571,-0.33301,1.0194,0.056289
-3.1877,-0.88978,-2.4926,-0.27071,-0.78405,-0.2817,1.0864,0.11712
-3.2531,-0.95252,-2.5679,-0.34332,-0.84203,-0.23066,1.1526,0.17724
-3.3177,-1.0149,-2.6417,-0.41494,-0.89966,-0.1799,1.218,0.23664
-3.3816,-1.0771,-2.7141,-0.48552,-0.95695,-0.12939,1.2826,0.29532
-3.4448,-1.1389,-2.785,-0.55504,-1.0139,-0.079111,1.3464,0.35328
-3.5073,-1.2004,-2.8544,-0.62349,-1.0705,-0.029046,1.4093,0.41051
-3.5691,-1.2617,-2.9222,-0.69084,-1.1269,0.020828,1.4714,0.46703
-3.6302,-1.3228,-2.9884,-0.75708,-1.1829,0.070531,1.5327,0.52283
-3.6906,-1.3836,-3.053,-0.82217,-1.2386,0.12009,1.5932,0.57792
-3.7503,-1.4443,-3.1161,-0.88612,-1.2941,0.16952,1.6528,0.6323
-3.8093,-1.5047,-3.1775,-0.9489,-1.3493,0.21885,1.7115,0.68599
-3.8676,-1.565,-3.2373,-1.0105,-1.4042,0.26811,1.7695,0.73898
-3.9253,-1.6251,-3.2954,-1.0709,-1.459,0.31732,1.8265,0.79129
-3.9823,-1.6852,-3.3519,-1.1302,-1.5135,0.3665,1.8827,0.84293
-4.0386,-1.745,-3.4067,-1.1882,-1.5678,0.41569,1.938,0.8939
-4.0942,-1.8048,-3.4598,-1.245,-1.6219,0.46491,1.9925,0.94422
-4.1491,-1.8645,-3.5112,-1.3007,-1.6758,0.51417,2.0461,0.99391
-4.2034,-1.9242,-3.5609,-1.3551,-1.7296,0.56352,2.0989,1.043
-4.257,-1.9837,-3.6089,-1.4083,-1.7832,0.61298,2.1508,1.0914
-4.3099,-2.0433,-3.6551,-1.4603,-1.8367,0.66257,2.2018,1.1392
-4.3621,-2.1027,-3.6997,-1.5111,-1.8901,0.71231,2.252,1.1865
-4.4137,-2.1622,-3.7426,-1.5607,-1.9433,0.76224,2.3013,1.2332
-4.4646,-2.2216,-3.7837,-1.6091,-1.9965,0.81237,2.3498,1.2793
-4.5147,-2.281,-3.8231,-1.6563,-2.0495,0.86273,2.3974,1.3248
-4.5642,-2.3404,-3.8608,-1.7023,-2.1025,0.91334,2.4441,1.3699
-4.6129,-2.3998,-3.8968,-1.7471,-2.1554,0.96423,2.49,1.4144
-4.661,-2.4591,-3.9311,-1.7908,-2.2083,1.0154,2.5351,1.4584
-4.7083,-2.5185,-3.9636,-1.8333,-2.2611,1.0669,2.5793,1.5019
-4.7549,-2.5779,-3.9945,-1.8747,-2.3138,1.1187,2.6227,1.5449
-4.8007,-2.6372,-4.0236,-1.9149,-2.3665,1.1709,2.6652,1.5874
-4.8458,-2.6965,-4.0511,-1.954,-2.4192,1.2234,2.7069,1.6295
-4.8901,-2.7559,-4.0769,-1.992,-2.4718,1.2764,2.7477,1.6712
-4.9335,-2.8152,-4.101,-2.0289,-2.5244,1.3297,2.7877,1.7124
-4.9762,-2.8744,-4.1234,-2.0647,-2.577,1.3834,2.8268,1.7531
-5.0181,-2.9336,-4.1442,-2.0994,-2.6296,1.4375,2.8651,1.7935
-5.0591,-2.9927,-4.1633,-2.1331,-2.6821,1.4921,2.9025,1.8335
-5.0993,-3.0518,-4.1807,-2.1657,-2.7345,1.5471,2.9391,1.873
-5.1386,-3.1108,-4.1966,-2.1973,-2.787,1.6025,2.9748,1.9122
-5.1769,-3.1697,-4.2108,-2.2279,-2.8394,1.6583,3.0097,1.9509
-5.2144,-3.2284,-4.2234,-2.2575,-2.8917,1.7146,3.0437,1.9893
-5.2509,-3.287,-4.2345,-2.2861,-2.944,1.7714,3.0769,2.0273
-5.2864,-3.3454,-4.2439,-2.3137,-2.9962,1.8285,3.1092,2.065
-5.3209,-3.4037,-4.2518,-2.3404,-3.0484,1.8861,3.1407,2.1022
-5.3544,-3.4617,-4.2581,-2.3661,-3.1004,1.9441,3.1712,2.1391
-5.3869,-3.5194,-4.2628,-2.3909,-3.1524,2.0025,3.2009,2.1756
-5.4182,-3.5769,-4.266,-2.4148,-3.2042,2.0614,3.2297,2.2117
-5.4485,-3.6341,-4.2677,-2.4377,-3.2559,2.1206,3.2576,2.2474
-5.4776,-3.691,-4.2679,-2.4598,-3.3074,2.1801,3.2846,2.2828
-5.5055,-3.7474,-4.2666,-2.481,-3.3587,2.2401,3.3107,2.3178
-5.5322,-3.8035,-4.2639,-2.5014,-3.4099,2.3004,3.3359,2.3523
-5.5577,-3.8591,-4.2596,-2.5209,-3.4608,2.361,3.3601,2.3865
-5.5819,-3.9143,-4.2539,-2.5395,-3.5115,2.4218,3.3834,2.4202
-5.6048,-3.9689,-4.2468,-2.5574,-3.5619,2.483,3.4058,2.4536
-5.6264,-4.023,-4.2382,-2.5744,-3.612,2.5444,3.4272,2.4865
-5.6466,-4.0765,-4.2282,-2.5906,-3.6618,2.606,3.4476,2.5189
-5.6654,-4.1293,-4.2168,-2.606,-3.7112,2.6678,3.4671,2.5509
-5.6828,-4.1814,-4.204,-2.6206,-3.7602,2.7297,3.4855,2.5824
-5.6986,-4.2329,-4.1899,-2.6345,-3.8089,2.7917,3.503,2.6134
-5.713,-4.2835,-4.1744,-2.6475,-3.857,2.8538,3.5194,2.6439
-5.7258,-4.3334,-4.1575,-2.6599,-3.9047,2.916,3.5348,2.6738
-5.737,-4.3823,-4.1393,-2.6714,-3.9518,2.9781,3.5492,2.7033
-5.7466,-4.4304,-4.1197,-2.6822,-3.9984,3.0402,3.5625,2.7321
-5.7546,-4.4775,-4.0988,-2.6922,-4.0444,3.1022,3.5747,2.7604
-5.7609,-4.5236,-4.0767,-2.7016,-4.0897,3.1641,3.5858,2.788
-5.7654,-4.5686,-4.0532,-2.7101,-4.1344,3.2258,3.5958,2.8151
-5.7682,-4.6126,-4.0285,-2.718,-4.1783,3.2872,3.6047,2.8414
-5.7691,-4.6553,-4.0024,-2.725,-4.2215,3.3484,3.6124,2.8671
-5.7682,-4.6969,-3.9751,-2.7314,-4.2639,3.4092,3.619,2.8921
-5.7655,-4.7372,-3.9466,-2.737,-4.3055,3.4697,3.6244,2.9164
-5.7609,-4.7762,-3.9168,-2.742,-4.3461,3.5297,3.6287,2.9399
-5.7543,-4.8139,-3.8858,-2.7461,-4.3858,3.5893,3.6317,2.9626
-5.7457,-4.8501,-3.8536,-2.7496,-4.4246,3.6482,3.6335,2.9845
-5.7352,-4.8849,-3.8201,-2.7523,-4.4623,3.7066,3.6341,3.0055
-5.7226,-4.9182,-3.7855,-2.7542,-4.4989,3.7644,3.6334,3.0257
-5.7079,-4.9499,-3.7496,-2.7555,-4.5345,3.8214,3.6314,3.045
-5.6911,-4.98,-3.7126,-2.756,-4.5689,3.8777,3.6282,3.0634
-5.6722,-5.0085,-3.6744,-2.7557,-4.6021,3.9331,3.6237,3.0808
-5.6512,-5.0352,-3.635,-2.7547,-4.634,3.9876,3.6179,3.0972
-5.628,-5.0602,-3.5944,-2.753,-4.6647,4.0412,3.6107,3.1126
-5.6025,-5.0834,-3.5527,-2.7505,-4.694,4.0938,3.6022,3.127
-5.5749,-5.1048,-3.5099,-2.7472,-4.7219,4.1453,3.5924,3.1403
-5.5449,-5.1243,-3.4659,-2.7431,-4.7484,4.1957,3.5812,3.1526
-5.5127,-5.1418,-3.4208,-2.7383,-4.7735,4.2449,3.5686,3.1637
-5.4782,-5.1573,-3.3746,-2.7327,-4.797,4.2928,3.5546,3.1736
-5.4414,-5.1708,-3.3273,-2.7263,-4.8189,4.3395,3.5393,3.1824
-5.4022,-5.1822,-3.2788,-2.7191,-4.8393,4.3847,3.5225,3.1899
-5.3606,-5.1916,-3.2293,-2.711,-4.858,4.4286,3.5043,3.1963
-5.3167,-5.1987,-3.1787,-2.7022,-4.8751,4.471,3.4847,3.2013
-5.2704,-5.2037,-3.127,-2.6925,-4.8904,4.5118,3.4636,3.2051
-5.2217,-5.2064,-3.0742,-2.682,-4.9039,4.551,3.4411,3.2076
-5.1706,-5.2069,-3.0204,-2.6706,-4.9156,4.5886,3.4171,3.2087
-5.117,-5.2051,-2.9655,-2.6584,-4.9255,4.6245,3.3917,3.2085
-5.061,-5.2009,-2.9096,-2.6454,-4.9335,4.6586,3.3649,3.2069
-5.0026,-5.1944,-2.8526,-2.6314,-4.9396,4.6909,3.3365,3.2039
-4.9418,-5.1855,-2.7946,-2.6166,-4.9438,4.7214,3.3067,3.1994
-4.8785,-5.1742,-2.7356,-2.6008,-4.9459,4.7499,3.2754,3.1936
-4.8128,-5.1604,-2.6756,-2.5842,-4.9461,4.7764,3.2427,3.1862
-4.7446,-5.1441,-2.6146,-2.5667,-4.9441,4.8009,3.2085,3.1774
-4.674,-5.1253,-2.5526,-2.5482,-4.9401,4.8234,3.1728,3.1671
-4.601,-5.104,-2.4896,-2.5288,-4.934,4.8438,3.1356,3.1553
-4.5255,-5.0802,-2.4256,-2.5085,-4.9258,4.8619,3.097,3.1419
-4.4477,-5.0538,-2.3607,-2.4872,-4.9154,4.8779,3.0569,3.1271
-4.3674,-5.0249,-2.2948,-2.4649,-4.9029,4.8917,3.0154,3.1106
-4.2848,-4.9933,-2.228,-2.4417,-4.8881,4.9032,2.9724,3.0927
-4.1998,-4.9592,-2.1603,-2.4175,-4.8711,4.9124,2.9279,3.0731
-4.1124,-4.9225,-2.0917,-2.3923,-4.8518,4.9192,2.8821,3.052
-4.0227,-4.8831,-2.0221,-2.3662,-4.8303,4.9236,2.8348,3.0293
-3.9308,-4.8412,-1.9517,-2.339,-4.8065,4.9257,2.7861,3.005
-3.8365,-4.7966,-1.8804,-2.3109,-4.7805,4.9252,2.736,2.9792
-3.74,-4.7495,-1.8082,-2.2817,-4.7521,4.9224,2.6846,2.9517
-3.6413,-4.6997,-1.7352,-2.2515,-4.7214,4.917,2.6317,2.9227
-3.5404,-4.6473,-1.6614,-2.2203,-4.6884,4.9091,2.5775,2.8921
-3.4373,-4.5923,-1.5868,-2.1881,-4.6531,4.8987,2.522,2.8599
-3.3322,-4.5347,-1.5113,-2.1549,-4.6155,4.8857,2.4652,2.8262
-3.2249,-4.4746,-1.4351,-2.1206,-4.5755,4.8701,2.4071,2.7908
-3.1157,-4.4119,-1.3582,-2.0853,-4.5332,4.852,2.3477,2.754
-3.0044,-4.3466,-1.2804,-2.049,-4.4886,4.8312,2.287,2.7155
-2.8912,-4.2789,-1.202,-2.0117,-4.4417,4.8079,2.2251,2.6756
-2.7761,-4.2086,-1.1229,-1.9733,-4.3925,4.7819,2.162,2.6341
-2.6591,-4.1359,-1.0431,-1.934,-4.3409,4.7534,2.0978,2.5911
-2.5404,-4.0607,-0.96259,-1.8936,-4.2871,4.7222,2.0324,2.5466
-2.4199,-3.9832,-0.88148,-1.8521,-4.231,4.6884,1.9658,2.5007
-2.2978,-3.9032,-0.79976,-1.8097,-4.1726,4.652,1.8982,2.4533
-2.174,-3.8209,-0.71744,-1.7663,-4.112,4.613,1.8295,2.4045
-2.0487,-3.7363,-0.63457,-1.7219,-4.0492,4.5714,1.7598,2.3543
-1.9219,-3.6494,-0.55115,-1.6765,-3.9841,4.5273,1.6891,2.3027
-1.7936,-3.5603,-0.46723,-1.6301,-3.9169,4.4805,1.6175,2.2497
-1.664,-3.469,-0.38282,-1.5827,-3.8476,4.4312,1.5449,2.1954
-1.5331,-3.3755,-0.29796,-1.5344,-3.7761,4.3794,1.4715,2.1399
-1.4009,-3.28,-0.21266,-1.4851,-3.7025,4.3251,1.3971,2.083
-1.2676,-3.1825,-0.12698,-1.435,-3.6268,4.2683,1.322,2.025
-1.1333,-3.0829,-0.040925,-1.3839,-3.5492,4.209,1.2461,1.9657
-0.9979,-2.9814,0.04546,-1.3319,-3.4695,4.1473,1.1695,1.9053
-0.86162,-2.8781,0.13214,-1.279,-3.3879,4.0832,1.0922,1.8438
-0.72449,-2.773,0.2191,-1.2253,-3.3043,4.0168,1.0142,1.7812
-0.5866,-2.6661,0.30628,-1.1707,-3.2189,3.948,0.93569,1.7175
-0.44803,-2.5575,0.39366,-1.1153,-3.1317,3.8769,0.85658,1.6529
-0.30887,-2.4473,0.48119,-1.0592,-3.0427,3.8036,0.77696,1.5873
-0.1692,-2.3355,0.56885,-1.0022,-2.952,3.7281,0.69688,1.5207
-0.029102,-2.2222,0.65659,-0.94453,-2.8595,3.6505,0.61637,1.4533
0.11133,-2.1076,0.74437,-0.88612,-2.7655,3.5707,0.5355,1.3851
0.252,-1.9916,0.83216,-0.82702,-2.6699,3.4889,0.45431,1.3161
0.39283,-1.8743,0.9199,-0.76726,-2.5727,3.405,0.37284,1.2464
0.53372,-1.7558,1.0076,-0.70686,-2.4741,3.3192,0.29115,1.176
0.67458,-1.6362,1.0951,-0.64587,-2.3741,3.2316,0.20929,1.1049
0.81533,-1.5155,1.1825,-0.5843,-2.2727,3.1421,0.12731,1.0333
0.95586,-1.3939,1.2696,-0.52221,-2.1701,3.0508,0.045256,0.96116
1.0961,-1.2714,1.3565,-0.45961,-2.0662,2.9578,-0.036813,0.88854
1.2359,-1.148,1.4431,-0.39654,-1.9612,2.8631,-0.11885,0.81549
1.3752,-1.024,1.5294,-0.33305,-1.855,2.7669,-0.2008,0.74207
1.514,-0.89923,1.6152,-0.26917,-1.7479,2.6692,-0.2826,0.66834
1.6521,-0.77394,1.7006,-0.20494,-1.6398,2.57,-0.36421,0.59434
1.7893,-0.64816,1.7855,-0.14039,-1.5308,2.4694,-0.44558,0.52015
1.9257,-0.52198,1.8699,-0.075577,-1.421,2.3675,-0.52664,0.4458
2.0612,-0.39547,1.9536,-0.010529,-1.3105,2.2644,-0.60735,0.37136
2.1956,-0.26873,2.0367,0.054707,-1.1993,2.1601,-0.68765,0.29688
2.3288,-0.14182,2.1191,0.12009,-1.0875,2.0548,-0.76748,0.22242
2.4608,-0.014849,2.2007,0.18557,-0.97513,1.9484,-0.84679,0.14804
2.5914,0.11212,2.2815,0.25111,-0.86235,1.8411,-0.92553,0.073791
2.7206,0.23899,2.3615,0.31667,-0.74921,1.7329,-1.0036,-0.00026835
2.8483,0.36568,2.4405,0.38219,-0.63577,1.624,-1.0811,-0.074082
2.9744,0.49212,2.5186,0.44763,-0.52211,1.5144,-1.1578,-0.14759
3.0988,0.61821,2.5956,0.51295,-0.40832,1.4041,-1.2337,-0.22074
3.2214,0.74388,2.6716,0.5781,-0.29446,1.2933,-1.3087,-0.29348
3.3421,0.86905,2.7464,0.64303,-0.18062,1.182,-1.3829,-0.36575
3.4608,0.99363,2.82,0.70769,-0.066882,1.0704,-1.4561,-0.43749
3.5776,1.1176,2.8924,0.77204,0.046683,0.95849,-1.5283,-0.50864
3.6922,1.2407,2.9635,0.83602,0.15999,0.84634,-1.5995,-0.57916
3.8046,1.3631,3.0332,0.8996,0.27297,0.73406,-1.6695,-0.649
3.9147,1.4845,3.1015,0.96272,0.38554,0.62172,-1.7384,-0.71808
4.0225,1.605,3.1683,1.0253,0.49761,0.50941,-1.8061,-0.78638
4.1278,1.7245,3.2336,1.0874,0.60911,0.39721,-1.8726,-0.85382
4.2307,1.8428,3.2974,1.1488,0.71997,0.28519,-1.9377,-0.92037
4.331,1.9599,3.3594,1.2096,0.8301,0.17344,-2.0015,-0.98596
4.4287,2.0757,3.4198,1.2698,0.93943,0.062034,-2.0638,-1.0506
4.5237,2.1903,3.4785,1.3291,1.0479,-0.048947,-2.1248,-1.1141
4.6159,2.3034,3.5353,1.3877,1.1554,-0.15943,-2.1842,-1.1766
4.7054,2.415,3.5903,1.4454,1.2618,-0.26933,-2.2421,-1.2379
4.7919,2.5252,3.6434,1.5023,1.3672,-0.37857,-2.2984,-1.298
4.8756,2.6337,3.6946,1.5582,1.4714,-0.48709,-2.3531,-1.3569
4.9563,2.7406,3.7437,1.6131,1.5743,-0.5948,-2.4062,-1.4146
5.034,2.8457,3.7908,1.667,1.6759,-0.70163,-2.4575,-1.4709
5.1086,2.9491,3.8358,1.7199,1.7762,-0.80752,-2.5071,-1.5258
5.1802,3.0507,3.8787,1.7716,1.8749,-0.91238,-2.5549,-1.5794
5.2486,3.1504,3.9193,1.8222,1.9722,-1.0162,-2.6009,-1.6316
5.3139,3.2481,3.9577,1.8716,2.0678,-1.1188,-2.6451,-1.6822
5.376,3.3439,3.9939,1.9198,2.1618,-1.2202,-2.6873,-1.7314
5.4348,3.4376,4.0277,1.9666,2.2541,-1.3203,-2.7277,-1.7791
5.4905,3.5293,4.0591,2.0122,2.3446,-1.419,-2.7661,-1.8251
5.5429,3.6188,4.0882,2.0564,2.4333,-1.5164,-2.8025,-1.8696
5.592,3.7062,4.1148,2.0993,2.52,-1.6122,-2.837,-1.9125
5.6378,3.7914,4.1389,2.1407,2.6048,-1.7066,-2.8694,-1.9537
5.6803,3.8743,4.1605,2.1807,2.6876,-1.7993,-2.8997,-1.9933
5.7196,3.955,4.1796,2.2191,2.7684,-1.8904,-2.928,-2.0311
5.7555,4.0334,4.1961,2.2561,2.847,-1.9799,-2.9542,-2.0673
5.7882,4.1095,4.21,2.2915,2.9235,-2.0675,-2.9782,-2.1017
5.8176,4.1832,4.2213,2.3253,2.9978,-2.1534,-3.0002,-2.1343
5.8436,4.2545,4.23,2.3575,3.0699,-2.2374,-3.02,-2.1652
5.8664,4.3234,4.2359,2.388,3.1396,-2.3196,-3.0376,-2.1943
5.886,4.3899,4.2392,2.4169,3.2071,-2.3998,-3.0531,-2.2216
5.9023,4.4539,4.2398,2.4441,3.2722,-2.4781,-3.0664,-2.2471
5.9154,4.5154,4.2376,2.4696,3.3349,-2.5544,-3.0775,-2.2708
5.9253,4.5745,4.2327,2.4934,3.3951,-2.6286,-3.0864,-2.2927
5.9321,4.6311,4.2251,2.5154,3.453,-2.7007,-3.0931,-2.3127
5.9358,4.6852,4.2147,2.5356,3.5083,-2.7708,-3.0976,-2.3309
5.9363,4.7368,4.2015,2.5541,3.5611,-2.8387,-3.0999,-2.3472
5.9338,4.7859,4.1856,2.5707,3.6115,-2.9044,-3.1,-2.3617
5.9283,4.8324,4.1669,2.5856,3.6593,-2.968,-3.0979,-2.3744
5.9198,4.8765,4.1454,2.5986,3.7045,-3.0294,-3.0936,-2.3853
5.9084,4.918,4.1212,2.6098,3.7471,-3.0885,-3.0871,-2.3943
5.8941,4.957,4.0942,2.6191,3.7872,-3.1454,-3.0785,-2.4015
5.877,4.9934,4.0645,2.6266,3.8247,-3.2,-3.0676,-2.4069
5.8572,5.0274,4.0321,2.6322,3.8596,-3.2524,-3.0547,-2.4105
5.8346,5.0589,3.997,2.636,3.8919,-3.3025,-3.0396,-2.4123
5.8094,5.0879,3.9591,2.6379,3.9215,-3.3503,-3.0224,-2.4123
5.7817,5.1144,3.9186,2.638,3.9486,-3.3958,-3.0031,-2.4106
5.7514,5.1384,3.8754,2.6362,3.9731,-3.439,-2.9817,-2.4071
5.7186,5.16,3.8296,2.6325,3.995,-3.4799,-2.9582,-2.4018
5.6835,5.1791,3.7812,2.627,4.0144,-3.5185,-2.9327,-2.3949
5.646,5.1959,3.7302,2.6197,4.0312,-3.5547,-2.9052,-2.3862
5.6063,5.2102,3.6767,2.6105,4.0454,-3.5887,-2.8758,-2.3759
5.5645,5.2222,3.6207,2.5994,4.0571,-3.6205,-2.8444,-2.3639
5.5205,5.2318,3.5622,2.5866,4.0662,-3.6499,-2.811,-2.3503
5.4746,5.2391,3.5013,2.572,4.0729,-3.677,-2.7758,-2.3351
5.4267,5.2441,3.438,2.5555,4.0771,-3.7019,-2.7387,-2.3183
5.3769,5.2468,3.3724,2.5373,4.0789,-3.7246,-2.6998,-2.2999
5.3254,5.2473,3.3044,2.5174,4.0783,-3.745,-2.6591,-2.2801
5.2721,5.2456,3.2343,2.4957,4.0753,-3.7633,-2.6167,-2.2587
5.2173,5.2417,3.1619,2.4723,4.0699,-3.7793,-2.5726,-2.2358
5.1609,5.2356,3.0874,2.4472,4.0622,-3.7932,-2.5268,-2.2116
5.1031,5.2274,3.0109,2.4204,4.0523,-3.8049,-2.4794,-2.1859
5.0439,5.2171,2.9323,2.392,4.0401,-3.8146,-2.4304,-2.1588
4.9834,5.2047,2.8517,2.3619,4.0257,-3.8221,-2.3799,-2.1304
4.9217,5.1904,2.7693,2.3303,4.0092,-3.8276,-2.328,-2.1007
4.8589,5.174,2.685,2.2971,3.9905,-3.831,-2.2745,-2.0697
4.7951,5.1557,2.5989,2.2623,3.9698,-3.8324,-2.2197,-2.0374
4.7303,5.1355,2.5112,2.2261,3.9471,-3.8319,-2.1636,-2.004
4.6646,5.1134,2.4218,2.1883,3.9224,-3.8294,-2.1062,-1.9694
4.5982,5.0895,2.3309,2.1492,3.8958,-3.8251,-2.0475,-1.9336
4.5311,5.0638,2.2384,2.1086,3.8673,-3.8188,-1.9877,-1.8968
4.4633,5.0363,2.1446,2.0666,3.8371,-3.8108,-1.9267,-1.8588
4.395,5.0071,2.0494,2.0233,3.8051,-3.8009,-1.8646,-1.8199
4.3263,4.9762,1.9529,1.9786,3.7714,-3.7893,-1.8016,-1.78
4.2572,4.9437,1.8552,1.9327,3.736,-3.776,-1.7375,-1.7391
4.1877,4.9096,1.7565,1.8856,3.6991,-3.761,-1.6725,-1.6972
4.1181,4.8739,1.6567,1.8373,3.6607,-3.7444,-1.6067,-1.6546
4.0483,4.8367,1.5559,1.7878,3.6208,-3.7262,-1.5401,-1.611
3.9784,4.798,1.4543,1.7372,3.5795,-3.7065,-1.4727,-1.5667
3.9085,4.7578,1.3519,1.6855,3.5368,-3.6852,-1.4047,-1.5215
3.8387,4.7163,1.2488,1.6328,3.4929,-3.6625,-1.336,-1.4757
3.769,4.6734,1.1451,1.5791,3.4478,-3.6384,-1.2667,-1.4291
3.6995,4.6292,1.0408,1.5244,3.4016,-3.6129,-1.1969,-1.3819
3.6303,4.5837,0.93605,1.4688,3.3542,-3.5861,-1.1266,-1.3341
3.5615,4.5369,0.83094,1.4124,3.3059,-3.558,-1.056,-1.2856
3.493,4.489,0.72555,1.3551,3.2566,-3.5287,-0.98493,-1.2366
3.425,4.4398,0.61995,1.297,3.2064,-3.4982,-0.91361,-1.1871
3.3574,4.3896,0.51422,1.2381,3.1553,-3.4665,-0.84204,-1.137
3.2905,4.3383,0.40846,1.1786,3.1035,-3.4337,-0.77028,-1.0866
3.2242,4.2859,0.30274,1.1184,3.051,-3.3999,-0.69839,-1.0357
3.1585,4.2324,0.19715,1.0575,2.9979,-3.3651,-0.62642,-0.98437
3.0936,4.178,0.091767,0.99608,2.9442,-3.3292,-0.55443,-0.93271
3.0294,4.1227,-0.013321,0.9341,2.89,-3.2925,-0.48246,-0.88073
2.9661,4.0665,-0.11804,0.87162,2.8353,-3.2549,-0.41056,-0.82844
2.9036,4.0093,-0.2223,0.80868,2.7803,-3.2164,-0.3388,-0.77588
2.842,3.9514,-0.32603,0.74531,2.7249,-3.1772,-0.26722,-0.72309
2.7813,3.8926,-0.42914,0.68156,2.6693,-3.1372,-0.19587,-0.67008
2.7216,3.8331,-0.53156,0.61747,2.6135,-3.0965,-0.12479,-0.61688
2.6629,3.7728,-0.63322,0.55308,2.5575,-3.0551,-0.054043,-0.56353
2.6053,3.7118,-0.73404,0.48842,2.5014,-3.0131,0.016334,-0.51005
2.5487,3.6502,-0.83394,0.42353,2.4453,-2.9705,0.086293,-0.45646
2.4931,3.5879,-0.93285,0.35845,2.3892,-2.9274,0.15579,-0.40279
2.4387,3.525,-1.0307,0.29322,2.3332,-2.8837,0.22478,-0.34907
2.3854,3.4615,-1.1274,0.22788,2.2773,-2.8396,0.29323,-0.2953
2.3332,3.3975,-1.2229,0.16245,2.2216,-2.7951,0.36108,-0.24153
2.2822,3.3329,-1.3172,0.09698,2.1662,-2.7501,0.42831,-0.18777
2.2324,3.2679,-1.4101,0.031497,2.111,-2.7048,0.49487,-0.13403
2.1837,3.2024,-1.5016,-0.033963,2.0561,-2.6592,0.56073,-0.080348
2.1363,3.1364,-1.5917,-0.099368,2.0017,-2.6132,0.62585,-0.026732
2.09,3.0701,-1.6803,-0.16468,1.9476,-2.567,0.6902,0.026796
2.0449,3.0034,-1.7673,-0.22988,1.894,-2.5206,0.75374,0.08022
2.001,2.9363,-1.8526,-0.29493,1.8409,-2.474,0.81645,0.13352
1.9583,2.8689,-1.9363,-0.3598,1.7884,-2.4272,0.87829,0.18669
1.9168,2.8011,-2.0183,-0.42446,1.7364,-2.3803,0.93923,0.2397
1.8765,2.7331,-2.0985,-0.48888,1.6851,-2.3333,0.99925,0.29255
1.8374,2.6649,-2.1768,-0.55303,1.6344,-2.2862,1.0583,0.34521
1.7994,2.5964,-2.2533,-0.61689,1.5843,-2.239,1.1164,0.39769
1.7626,2.5276,-2.3279,-0.68044,1.535,-2.1918,1.1735,0.44995
1.7269,2.4587,-2.4005,-0.74364,1.4865,-2.1446,1.2296,0.502
1.6924,2.3897,-2.4711,-0.80648,1.4387,-2.0974,1.2847,0.55383
1.6589,2.3205,-2.5397,-0.86892,1.3917,-2.0502,1.3387,0.60541
1.6266,2.2511,-2.6063,-0.93096,1.3455,-2.0031,1.3916,0.65675
1.5953,2.1817,-2.6707,-0.99255,1.3002,-1.9561,1.4435,0.70783
1.5651,2.1122,-2.7331,-1.0537,1.2558,-1.9092,1.4942,0.75865
1.5358,2.0426,-2.7933,-1.1144,1.2122,-1.8623,1.5439,0.80919
1.5076,1.9729,-2.8514,-1.1745,1.1695,-1.8157,1.5924,0.85945
1.4804,1.9033,-2.9072,-1.2342,1.1277,-1.7691,1.6398,0.90943
1.454,1.8336,-2.9609,-1.2933,1.0869,-1.7227,1.686,0.95911
1.4286,1.764,-3.0124,-1.3518,1.0469,-1.6765,1.7312,1.0085
1.4041,1.6944,-3.0616,-1.4098,1.0079,-1.6305,1.7751,1.0576
1.3804,1.6248,-3.1086,-1.4673,0.96991,-1.5847,1.818,1.1063
1.3575,1.5553,-3.1534,-1.5241,0.93283,-1.5391,1.8596,1.1548
1.3353,1.4859,-3.1959,-1.5803,0.8967,-1.4937,1.9001,1.2029
1.314,1.4166,-3.2361,-1.6358,0.86152,-1.4486,1.9395,1.2507
1.2933,1.3474,-3.2741,-1.6908,0.8273,-1.4037,1.9777,1.2982
1.2732,1.2784,-3.3099,-1.7451,0.79403,-1.359,2.0148,1.3454
1.2538,1.2095,-3.3434,-1.7987,0.76171,-1.3146,2.0507,1.3922
1.235,1.1407,-3.3747,-1.8516,0.73033,-1.2705,2.0855,1.4387
1.2167,1.0722,-3.4037,-1.9038,0.69989,-1.2266,2.1191,1.4848
1.1989,1.0038,-3.4305,-1.9554,0.67037,-1.183,2.1516,1.5306
1.1815,0.93569,-3.4551,-2.0062,0.64177,-1.1396,2.183,1.576
1.1646,0.86777,-3.4776,-2.0563,0.61407,-1.0966,2.2133,1.6211
1.148,0.80011,-3.4978,-2.1057,0.58726,-1.0538,2.2426,1.6658
1.1318,0.73269,-3.5159,-2.1543,0.56133,-1.0113,2.2707,1.7102
1.1159,0.66555,-3.5319,-2.2022,0.53625,-0.96905,2.2977,1.7542
1.1001,0.5987,-3.5457,-2.2494,0.51201,-0.9271,2.3237,1.7979
1.0846,0.53215,-3.5575,-2.2958,0.48858,-0.88543,2.3487,1.8411
1.0693,0.46591,-3.5672,-2.3414,0.46596,-0.84404,2.3726,1.8841
1.0541,0.4,-3.5749,-2.3862,0.44412,-0.80292,2.3956,1.9266
1.0389,0.33443,-3.5806,-2.4302,0.42303,-0.76208,2.4175,1.9687
1.0237,0.26921,-3.5843,-2.4735,0.40266,-0.72152,2.4385,2.0105
1.0086,0.20436,-3.5861,-2.5159,0.38301,-0.68122,2.4585,2.0519
0.99335,0.13989,-3.586,-2.5576,0.36403,-0.64119,2.4775,2.0928
0.97802,0.075806,-3.5841,-2.5984,0.3457,-0.60143,2.4957,2.1334
0.96255,0.012131,-3.5803,-2.6385,0.32799,-0.56192,2.5129,2.1736
0.94689,-0.051128,-3.5748,-2.6777,0.31088,-0.52267,2.5292,2.2134
0.93101,-0.11396,-3.5675,-2.7161,0.29433,-0.48367,2.5447,2.2527
0.91485,-0.17635,-3.5585,-2.7536,0.27832,-0.44492,2.5594,2.2916
0.89839,-0.23829,-3.5479,-2.7903,0.26281,-0.4064,2.5732,2.3301
0.88157,-0.29977,-3.5356,-2.8262,0.24776,-0.36813,2.5863,2.3682
0.86437,-0.36077,-3.5218,-2.8612,0.23316,-0.33007,2.5985,2.4058
0.84675,-0.42129,-3.5065,-2.8954,0.21896,-0.29225,2.61,2.443
0.82866,-0.48131,-3.4897,-2.9287,0.20513,-0.25464,2.6208,2.4797
0.81008,-0.54083,-3.4715,-2.9612,0.19164,-0.21724,2.6308,2.5159
0.79096,-0.59983,-3.4519,-2.9928,0.17845,-0.18005,2.6402,2.5517
0.77128,-0.6583,-3.431,-3.0235,0.16554,-0.14305,2.6489,2.587
0.75099,-0.71624,-3.4088,-3.0534,0.15286,-0.10625,2.6569,2.6218
0.73007,-0.77364,-3.3854,-3.0823,0.14038,-0.069629,2.6643,2.6561
0.70848,-0.83048,-3.3609,-3.1104,0.12806,-0.033191,2.6711,2.6898
0.6862,-0.88676,-3.3352,-3.1376,0.11588,0.0030746,2.6774,2.7231
0.66319,-0.94247,-3.3084,-3.1639,0.10379,0.039174,2.683,2.7558
0.63943,-0.9976,-3.2806,-3.1893,0.091768,0.075113,2.6882,2.788
0.61489,-1.0521,-3.2519,-3.2138,0.079771,0.1109,2.6928,2.8196
0.58954,-1.1061,-3.2222,-3.2374,0.067769,0.14654,2.6969,2.8506
0.56336,-1.1594,-3.1917,-3.26,0.055726,0.18203,2.7005,2.8811
0.53633,-1.2121,-3.1603,-3.2818,0.04361,0.2174,2.7037,2.911
0.50842,-1.2643,-3.1282,-3.3026,0.031386,0.25263,2.7064,2.9403
0.47962,-1.3157,-3.0954,-3.3225,0.019022,0.28774,2.7087,2.9689
0.4499,-1.3666,-3.062,-3.3414,0.0064858,0.32273,2.7106,2.997
0.41925,-1.4168,-3.0279,-3.3595,-0.0062546,0.35761,2.7121,3.0244
0.38764,-1.4664,-2.9932,-3.3765,-0.019231,0.39238,2.7133,3.0511
0.35508,-1.5153,-2.9581,-3.3926,-0.032473,0.42705,2.7141,3.0772
0.32153,-1.5636,-2.9225,-3.4078,-0.046012,0.46162,2.7146,3.1026
0.28699,-1.6112,-2.8865,-3.422,-0.059877,0.4961,2.7147,3.1273
0.25145,-1.6581,-2.8501,-3.4352,-0.074097,0.53049,2.7146,3.1513
0.21489,-1.7044,-2.8134,-3.4475,-0.088699,0.5648,2.7141,3.1746
0.17732,-1.75,-2.7765,-3.4588,-0.10371,0.59903,2.7134,3.1971
0.13871,-1.7949,-2.7393,-3.4691,-0.11916,0.63318,2.7125,3.219
0.099079,-1.8392,-2.7019,-3.4784,-0.13507,0.66725,2.7113,3.24
0.058408,-1.8827,-2.6645,-3.4868,-0.15146,0.70126,2.7099,3.2603
0.016699,-1.9256,-2.6269,-3.4941,-0.16837,0.7352,2.7082,3.2799
-0.026049,-1.9678,-2.5893,-3.5005,-0.18581,0.76907,2.7064,3.2986
-0.069835,-2.0093,-2.5517,-3.5058,-0.2038,0.80288,2.7044,3.3165
-0.11466,-2.0501,-2.5141,-3.5102,-0.22236,0.83663,2.7021,3.3337
-0.16051,-2.0901,-2.4766,-3.5135,-0.24152,0.87032,2.6998,3.35
-0.2074,-2.1295,-2.4392,-3.5158,-0.2613,0.90395,2.6972,3.3654
-0.2553,-2.1682,-2.402,-3.5171,-0.2817,0.93753,2.6945,3.3801
-0.30422,-2.2062,-2.3649,-3.5174,-0.30275,0.97105,2.6917,3.3938
-0.35414,-2.2435,-2.3281,-3.5167,-0.32447,1.0045,2.6887,3.4068
-0.40505,-2.28,-2.2916,-3.5149,-0.34685,1.0379,2.6856,3.4188
-0.45694,-2.3159,-2.2553,-3.5121,-0.36993,1.0713,2.6824,3.43
-0.5098,-2.351,-2.2194,-3.5083,-0.39371,1.1046,2.6791,3.4402
-0.56361,-2.3855,-2.1838,-3.5035,-0.41821,1.1378,2.6757,3.4496
-0.61835,-2.4192,-2.1486,-3.4976,-0.44342,1.171,2.6721,3.4581
-0.67401,-2.4522,-2.1138,-3.4907,-0.46936,1.2042,2.6685,3.4657
-0.73057,-2.4845,-2.0794,-3.4828,-0.49604,1.2372,2.6648,3.4724
-0.788,-2.5161,-2.0455,-3.4738,-0.52347,1.2702,2.661,3.4781
-0.84629,-2.547,-2.0121,-3.4638,-0.55164,1.3032,2.6571,3.483
-0.90541,-2.5771,-1.9792,-3.4527,-0.58056,1.3361,2.6532,3.4869
-0.96533,-2.6066,-1.9469,-3.4407,-0.61023,1.3689,2.6492,3.4899
-1.026,-2.6353,-1.915,-3.4275,-0.64066,1.4016,2.6451,3.4919
-1.0875,-2.6634,-1.8838,-3.4134,-0.67184,1.4343,2.6409,3.493
-1.1497,-2.6907,-1.8531,-3.3983,-0.70378,1.4669,2.6367,3.4932
-1.2125,-2.7173,-1.8231,-3.3821,-0.73647,1.4994,2.6324,3.4925
-1.2761,-2.7432,-1.7936,-3.3649,-0.7699,1.5319,2.628,3.4908
-1.3402,-2.7684,-1.7648,-3.3467,-0.80407,1.5642,2.6236,3.4882
-1.405,-2.7929,-1.7366,-3.3274,-0.83899,1.5965,2.6191,3.4847
-1.4703,-2.8167,-1.7091,-3.3072,-0.87462,1.6287,2.6145,3.4802
-1.5362,-2.8398,-1.6822,-3.2859,-0.91098,1.6607,2.6098,3.4749
-1.6026,-2.8622,-1.656,-3.2637,-0.94805,1.6927,2.6051,3.4686
-1.6694,-2.8839,-1.6304,-3.2405,-0.98582,1.7245,2.6004,3.4614
-1.7366,-2.9048,-1.6055,-3.2162,-1.0243,1.7563,2.5955,3.4532
-1.8042,-2.9251,-1.5813,-3.191,-1.0634,1.7879,2.5906,3.4442
-1.8722,-2.9447,-1.5578,-3.1649,-1.1032,1.8194,2.5856,3.4343
-1.9404,-2.9636,-1.535,-3.1377,-1.1436,1.8507,2.5806,3.4235
-2.0089,-2.9818,-1.5128,-3.1096,-1.1847,1.8819,2.5754,3.4118
-2.0776,-2.9992,-1.4914,-3.0806,-1.2264,1.913,2.5702,3.3992
-2.1465,-3.016,-1.4705,-3.0506,-1.2687,1.9439,2.5648,3.3858
-2.2155,-3.0321,-1.4504,-3.0197,-1.3115,1.9747,2.5594,3.3715
-2.2846,-3.0475,-1.4309,-2.9879,-1.3549,2.0053,2.5539,3.3564
-2.3537,-3.0622,-1.4121,-2.9552,-1.3989,2.0357,2.5483,3.3404
-2.4229,-3.0763,-1.3939,-2.9215,-1.4433,2.0659,2.5426,3.3236
-2.4919,-3.0896,-1.3763,-2.887,-1.4883,2.096,2.5367,3.306
-2.5609,-3.1022,-1.3594,-2.8516,-1.5337,2.1259,2.5308,3.2876
-2.6297,-3.1142,-1.3431,-2.8153,-1.5795,2.1555,2.5247,3.2684
-2.6984,-3.1254,-1.3274,-2.7782,-1.6258,2.1849,2.5185,3.2485
-2.7667,-3.136,-1.3122,-2.7403,-1.6724,2.2142,2.5122,3.2277
-2.8348,-3.1459,-1.2977,-2.7015,-1.7194,2.2431,2.5057,3.2062
-2.9026,-3.1551,-1.2836,-2.6619,-1.7668,2.2719,2.4991,3.184
-2.97,-3.1636,-1.2701,-2.6215,-1.8145,2.3004,2.4924,3.161
-3.0369,-3.1715,-1.2572,-2.5804,-1.8624,2.3286,2.4854,3.1374
-3.1034,-3.1786,-1.2447,-2.5384,-1.9106,2.3566,2.4783,3.113
-3.1693,-3.1851,-1.2327,-2.4957,-1.959,2.3843,2.4711,3.088
-3.2347,-3.1909,-1.2211,-2.4523,-2.0075,2.4117,2.4636,3.0623
-3.2994,-3.196,-1.21,-2.4082,-2.0563,2.4388,2.456,3.0359
-3.3635,-3.2005,-1.1993,-2.3633,-2.1051,2.4656,2.4481,3.0089
-3.4268,-3.2042,-1.1889,-2.3177,-2.1541,2.4921,2.44,2.9813
-3.4894,-3.2073,-1.1789,-2.2715,-2.2031,2.5182,2.4318,2.953
-3.5511,-3.2098,-1.1693,-2.2246,-2.2521,2.544,2.4233,2.9242
-3.612,-3.2115,-1.1599,-2.177,-2.3011,2.5695,2.4145,2.8948
-3.6719,-3.2126,-1.1508,-2.1289,-2.3501,2.5946,2.4055,2.8648
-3.7309,-3.213,-1.142,-2.0801,-2.399,2.6193,2.3963,2.8342
-3.7889,-3.2128,-1.1333,-2.0307,-2.4478,2.6436,2.3868,2.8032
-3.8459,-3.2119,-1.1249,-1.9807,-2.4964,2.6676,2.377,2.7716
-3.9017,-3.2103,-1.1167,-1.9302,-2.5449,2.6911,2.3669,2.7395
-3.9564,-3.2081,-1.1085,-1.8792,-2.5931,2.7142,2.3566,2.7068
-4.0099,-3.2052,-1.1005,-1.8276,-2.6411,2.7368,2.3459,2.6738
-4.0622,-3.2017,-1.0925,-1.7755,-2.6887,2.7591,2.3349,2.6402
-4.1132,-3.1976,-1.0846,-1.7229,-2.7361,2.7808,2.3235,2.6062
-4.1629,-3.1928,-1.0767,-1.6698,-2.7831,2.8021,2.3118,2.5717
-4.2113,-3.1873,-1.0687,-1.6162,-2.8297,2.8229,2.2998,2.5368
-4.2582,-3.1812,-1.0607,-1.5623,-2.8758,2.8432,2.2874,2.5015
-4.3037,-3.1746,-1.0526,-1.5079,-2.9215,2.863,2.2746,2.4657
-4.3478,-3.1672,-1.0444,-1.4531,-2.9666,2.8823,2.2614,2.4296
-4.3903,-3.1593,-1.036,-1.3979,-3.0113,2.9011,2.2478,2.393
-4.4313,-3.1508,-1.0274,-1.3423,-3.0553,2.9193,2.2338,2.3561
-4.4707,-3.1416,-1.0187,-1.2864,-3.0987,2.937,2.2194,2.3188
-4.5085,-3.1319,-1.0096,-1.2302,-3.1415,2.9541,2.2045,2.2812
-4.5446,-3.1215,-1.0003,-1.1736,-3.1836,2.9706,2.1891,2.2432
-4.5791,-3.1106,-0.99068,-1.1168,-3.225,2.9865,2.1733,2.2049
-4.6118,-3.0991,-0.9807,-1.0597,-3.2656,3.0018,2.157,2.1662
-4.6429,-3.0871,-0.97033,-1.0023,-3.3055,3.0165,2.1401,2.1272
-4.6721,-3.0745,-0.95955,-0.94465,-3.3445,3.0306,2.1228,2.0878
-4.6995,-3.0614,-0.94833,-0.88679,-3.3827,3.044,2.105,2.0482
-4.7251,-3.0477,-0.93664,-0.82873,-3.42,3.0568,2.0865,2.0082
-4.7489,-3.0335,-0.92443,-0.77049,-3.4563,3.069,2.0676,1.968
-4.7708,-3.0187,-0.91169,-0.71207,-3.4918,3.0805,2.0481,1.9274
-4.7908,-3.0035,-0.89839,-0.65351,-3.5262,3.0913,2.0279,1.8865
-4.8089,-2.9878,-0.88449,-0.59481,-3.5596,3.1014,2.0072,1.8454
-4.8251,-2.9716,-0.86997,-0.536,-3.592,3.1108,1.9859,1.804
-4.8393,-2.9549,-0.8548,-0.4771,-3.6234,3.1196,1.9639,1.7622
-4.8515,-2.9378,-0.83895,-0.41812,-3.6536,3.1276,1.9414,1.7202
-4.8618,-2.9202,-0.82239,-0.35909,-3.6827,3.1349,1.9181,1.678
-4.87,-2.9022,-0.80511,-0.30003,-3.7107,3.1414,1.8942,1.6354
-4.8763,-2.8838,-0.78707,-0.24094,-3.7375,3.1473,1.8696,1.5926
-4.8805,-2.865,-0.76824,-0.18186,-3.7631,3.1524,1.8444,1.5495
-4.8827,-2.8458,-0.74862,-0.1228,-3.7875,3.1567,1.8184,1.5062
-4.8829,-2.8263,-0.72817,-0.06378,-3.8107,3.1603,1.7917,1.4625
-4.8811,-2.8064,-0.70687,-0.0048231,-3.8326,3.1632,1.7643,1.4187
-4.8771,-2.7861,-0.68471,0.054052,-3.8532,3.1653,1.7361,1.3745
-4.8712,-2.7655,-0.66165,0.11283,-3.8725,3.1666,1.7072,1.3301
-4.8632,-2.7446,-0.6377,0.17148,-3.8905,3.1671,1.6776,1.2854
-4.8531,-2.7234,-0.61281,0.22999,-3.9071,3.1669,1.6472,1.2405
-4.841,-2.702,-0.58699,0.28834,-3.9224,3.166,1.616,1.1953
-4.8268,-2.6803,-0.56022,0.3465,-3.9363,3.1642,1.584,1.1499
-4.8106,-2.6583,-0.53247,0.40446,-3.9489,3.1617,1.5512,1.1042
-4.7924,-2.6361,-0.50374,0.4622,-3.96,3.1584,1.5176,1.0583
-4.7721,-2.6137,-0.47402,0.51969,-3.9698,3.1543,1.4832,1.012
-4.7498,-2.5911,-0.4433,0.57691,-3.9781,3.1495,1.448,0.96559
-4.7255,-2.5684,-0.41156,0.63385,-3.985,3.1439,1.412,0.91889
-4.6992,-2.5454,-0.3788,0.69048,-3.9904,3.1375,1.3751,0.87193
-4.6709,-2.5224,-0.34501,0.74677,-3.9944,3.1304,1.3375,0.82473
-4.6406,-2.4992,-0.3102,0.80272,-3.997,3.1225,1.2989,0.77728
-4.6083,-2.4759,-0.27434,0.85829,-3.9981,3.1138,1.2596,0.72959
-4.5741,-2.4525,-0.23744,0.91346,-3.9977,3.1044,1.2194,0.68166
-4.538,-2.429,-0.1995,0.96822,-3.9959,3.0943,1.1783,0.63348
-4.5,-2.4054,-0.16053,1.0225,-3.9926,3.0834,1.1364,0.58508
-4.46,-2.3818,-0.12051,1.0764,-3.9878,3.0718,1.0937,0.53644
-4.4182,-2.3582,-0.079454,1.1298,-3.9816,3.0595,1.0501,0.48757
-4.3746,-2.3346,-0.037367,1.1827,-3.9739,3.0464,1.0057,0.43848
-4.3291,-2.3109,0.0057462,1.235,-3.9648,3.0327,0.9604,0.38917
-4.2819,-2.2872,0.04988,1.2868,-3.9542,3.0182,0.9143,0.33965
-4.2328,-2.2636,0.095025,1.338,-3.9422,3.0031,0.86736,0.28992
-4.1821,-2.24,0.14117,1.3887,-3.9287,2.9873,0.81959,0.23999
-4.1296,-2.2165,0.18831,1.4387,-3.9138,2.9708,0.77101,0.18986
-4.0754,-2.193,0.23642,1.4881,-3.8975,2.9537,0.7216,0.13954
-4.0195,-2.1695,0.2855,1.5369,-3.8798,2.9359,0.67139,0.089036
-3.9621,-2.1462,0.33553,1.585,-3.8607,2.9176,0.62038,0.03836
-3.903,-2.1229,0.38649,1.6323,-3.8402,2.8986,0.56858,-0.01248
-3.8424,-2.0997,0.43836,1.679,-3.8183,2.879,0.516,-0.063478
-3.7802,-2.0766,0.49113,1.725,-3.795,2.8588,0.46265,-0.11462
-3.7165,-2.0537,0.54477,1.7702,-3.7705,2.838,0.40855,-0.1659
-3.6514,-2.0308,0.59926,1.8146,-3.7445,2.8167,0.3537,-0.21731
-3.5849,-2.0081,0.65459,1.8582,-3.7173,2.7948,0.29813,-0.26883
-3.517,-1.9855,0.71071,1.901,-3.6888,2.7724,0.24184,-0.32046
-3.4477,-1.963,0.76761,1.943,-3.659,2.7495,0.18486,-0.37217
-3.3771,-1.9406,0.82527,1.9842,-3.628,2.7261,0.1272,-0.42397
-3.3053,-1.9184,0.88365,2.0245,-3.5957,2.7022,0.068873,-0.47583
-3.2322,-1.8963,0.94272,2.0639,-3.5623,2.6779,0.0099074,-0.52774
-3.1579,-1.8743,1.0024,2.1024,-3.5276,2.6531,-0.049681,-0.57969
-3.0825,-1.8525,1.0628,2.14,-3.4918,2.6279,-0.10987,-0.63166
-3.006,-1.8308,1.1238,2.1767,-3.4548,2.6022,-0.17064,-0.68363
-2.9284,-1.8092,1.1853,2.2125,-3.4168,2.5762,-0.23197,-0.7356
-2.8498,-1.7877,1.2474,2.2473,-3.3776,2.5498,-0.29383,-0.78754
-2.7702,-1.7663,1.3099,2.2812,-3.3374,2.523,-0.35621,-0.83944
-2.6896,-1.7451,1.3729,2.3141,-3.2962,2.4958,-0.41907,-0.89128
-2.6082,-1.7239,1.4363,2.346,-3.2539,2.4684,-0.48238,-0.94304
-2.5259,-1.7029,1.5001,2.3769,-3.2107,2.4406,-0.54613,-0.99471
-2.4429,-1.6819,1.5643,2.4068,-3.1665,2.4125,-0.61029,-1.0463
-2.359,-1.661,1.6287,2.4357,-3.1214,2.3841,-0.67482,-1.0977
-2.2745,-1.6401,1.6934,2.4636,-3.0754,2.3554,-0.7397,-1.149
-2.1893,-1.6193,1.7583,2.4905,-3.0285,2.3265,-0.8049,-1.2001
-2.1035,-1.5986,1.8234,2.5163,-2.9809,2.2973,-0.87039,-1.251
-2.0171,-1.5779,1.8886,2.5411,-2.9324,2.2679,-0.93613,-1.3017
-1.9301,-1.5571,1.954,2.5649,-2.8831,2.2383,-1.0021,-1.3522
-1.8427,-1.5364,2.0193,2.5876,-2.8331,2.2085,-1.0683,-1.4024
-1.7549,-1.5157,2.0846,2.6093,-2.7824,2.1786,-1.1346,-1.4523
-1.6667,-1.4949,2.1499,2.6299,-2.731,2.1484,-1.201,-1.502
-1.5781,-1.474,2.2151,2.6495,-2.679,2.1181,-1.2676,-1.5514
-1.4892,-1.4531,2.2802,2.6681,-2.6263,2.0876,-1.3342,-1.6004
-1.4001,-1.4321,2.3451,2.6856,-2.5731,2.057,-1.4008,-1.6491
-1.3108,-1.411,2.4097,2.7021,-2.5193,2.0263,-1.4675,-1.6974
-1.2214,-1.3897,2.4741,2.7175,-2.465,1.9954,-1.534,-1.7454
-1.1318,-1.3683,2.5381,2.732,-2.4102,1.9645,-1.6006,-1.7929
-1.0422,-1.3467,2.6017,2.7454,-2.355,1.9334,-1.6669,-1.84
-0.95262,-1.3249,2.6649,2.7578,-2.2993,1.9023,-1.7332,-1.8866
-0.86305,-1.3029,2.7277,2.7692,-2.2432,1.8711,-1.7992,-1.9328
-0.77357,-1.2807,2.7899,2.7796,-2.1868,1.8398,-1.865,-1.9785
-0.68422,-1.2582,2.8515,2.789,-2.1301,1.8084,-1.9306,-2.0237
-0.59505,-1.2354,2.9126,2.7974,-2.073,1.777,-1.9959,-2.0684
-0.50611,-1.2123,2.9729,2.8049,-2.0157,1.7455,-2.0608,-2.1125
-0.41744,-1.1889,3.0326,2.8114,-1.9581,1.714,-2.1253,-2.156
-0.32909,-1.1652,3.0915,2.817,-1.9003,1.6825,-2.1895,-2.199
-0.24111,-1.1411,3.1495,2.8217,-1.8424,1.6509,-2.2532,-2.2414
-0.15354,-1.1165,3.2068,2.8255,-1.7843,1.6193,-2.3164,-2.2832
-0.066428,-1.0916,3.2631,2.8284,-1.7261,1.5876,-2.3791,-2.3244
0.020183,-1.0663,3.3184,2.8304,-1.6678,1.556,-2.4413,-2.3649
0.10625,-1.0405,3.3728,2.8316,-1.6094,1.5243,-2.5028,-2.4047
0.19172,-1.0142,3.4262,2.832,-1.551,1.4926,-2.5637,-2.4439
0.27656,-0.98739,3.4784,2.8315,-1.4926,1.4608,-2.624,-2.4824
0.36072,-0.96009,3.5295,2.8303,-1.4342,1.4291,-2.6836,-2.5202
0.44416,-0.93226,3.5795,2.8282,-1.3758,1.3973,-2.7424,-2.5572
0.52683,-0.90388,3.6282,2.8255,-1.3176,1.3655,-2.8005,-2.5936
0.6087,-0.87493,3.6757,2.822,-1.2594,1.3336,-2.8577,-2.6292
0.68973,-0.8454,3.7219,2.8178,-1.2014,1.3018,-2.9141,-2.664
0.76986,-0.81526,3.7668,2.813,-1.1435,1.2699,-2.9697,-2.6981
0.84907,-0.78451,3.8103,2.8075,-1.0858,1.238,-3.0243,-2.7315
0.92731,-0.75312,3.8523,2.8013,-1.0284,1.206,-3.078,-2.764
1.0045,-0.7211,3.8929,2.7946,-0.97111,1.1741,-3.1308,-2.7957
1.0807,-0.68842,3.9321,2.7873,-0.91411,1.142,-3.1825,-2.8267
1.1558,-0.65507,3.9697,2.7794,-0.85738,1.11,-3.2332,-2.8568
1.2298,-0.62104,4.0057,2.771,-0.80095,1.0779,-3.2829,-2.8861
1.3027,-0.58633,4.0401,2.7621,-0.74485,1.0457,-3.3315,-2.9146
1.3743,-0.55093,4.073,2.7528,-0.68908,1.0135,-3.3789,-2.9423
1.4447,-0.51482,4.1041,2.743,-0.63368,0.98121,-3.4252,-2.9691
1.5139,-0.47801,4.1336,2.7327,-0.57867,0.94887,-3.4703,-2.9951
1.5817,-0.4405,4.1613,2.7221,-0.52406,0.91646,-3.5142,-3.0202
1.6483,-0.40227,4.1874,2.7111,-0.46987,0.88398,-3.5569,-3.0445
1.7134,-0.36333,4.2116,2.6997,-0.41613,0.85141,-3.5983,-3.0679
1.7772,-0.32368,4.2341,2.6881,-0.36286,0.81876,-3.6385,-3.0905
1.8396,-0.28331,4.2547,2.6761,-0.31006,0.78602,-3.6773,-3.1122
1.9005,-0.24224,4.2735,2.6639,-0.25776,0.75317,-3.7148,-3.1331
1.96,-0.20047,4.2904,2.6514,-0.20598,0.72023,-3.751,-3.1531
2.018,-0.15799,4.3054,2.6387,-0.15474,0.68718,-3.7858,-3.1722
2.0744,-0.11482,4.3186,2.6258,-0.10404,0.65402,-3.8192,-3.1905
2.1293,-0.070975,4.3298,2.6127,-0.053909,0.62073,-3.8512,-3.2079
2.1826,-0.026452,4.3391,2.5995,-0.0043583,0.58733,-3.8817,-3.2244
2.2343,0.018733,4.3464,2.5861,0.044597,0.55379,-3.9109,-3.2401
2.2845,0.064569,4.3518,2.5727,0.092943,0.52012,-3.9385,-3.2549
2.3329,0.11104,4.3552,2.5591,0.14067,0.48632,-3.9647,-3.2689
2.3798,0.15814,4.3566,2.5455,0.18775,0.45237,-3.9893,-3.282
2.4249,0.20583,4.356,2.5318,0.23419,0.41828,-4.0125,-3.2942
2.4684,0.25412,4.3534,2.5181,0.27996,0.38404,-4.0341,-3.3056
2.5101,0.30297,4.3488,2.5044,0.32507,0.34964,-4.0542,-3.3162
2.5502,0.35238,4.3423,2.4907,0.36948,0.31509,-4.0728,-3.3259
2.5885,0.40231,4.3337,2.477,0.4132,0.28038,-4.0898,-3.3348
2.6251,0.45274,4.323,2.4634,0.45622,0.24551,-4.1052,-3.3429
2.6599,0.50366,4.3104,2.4498,0.49852,0.21047,-4.119,-3.3501
2.693,0.55503,4.2958,2.4362,0.5401,0.17527,-4.1313,-3.3565
2.7243,0.60683,4.2791,2.4228,0.58095,0.1399,-4.1419,-3.3621
2.7538,0.65904,4.2605,2.4094,0.62105,0.10437,-4.151,-3.3669
2.7816,0.71162,4.2398,2.3961,0.66041,0.068661,-4.1584,-3.3709
2.8075,0.76455,4.2172,2.3829,0.69901,0.032788,-4.1643,-3.3741
2.8317,0.8178,4.1926,2.3699,0.73685,-0.0032533,-4.1685,-3.3765
2.8541,0.87133,4.166,2.357,0.77392,-0.039462,-4.1711,-3.3781
2.8748,0.92512,4.1375,2.3442,0.81022,-0.075837,-4.1721,-3.3789
2.8936,0.97914,4.107,2.3315,0.84573,-0.11238,-4.1715,-3.379
2.9107,1.0333,4.0746,2.319,0.88047,-0.14908,-4.1693,-3.3784
2.926,1.0877,4.0403,2.3066,0.91442,-0.18594,-4.1655,-3.3769
2.9396,1.1422,4.0041,2.2944,0.94758,-0.22296,-4.16,-3.3748
2.9514,1.1968,3.966,2.2823,0.97995,-0.26014,-4.153,-3.3719
2.9614,1.2515,3.926,2.2704,1.0115,-0.29746,-4.1443,-3.3683
2.9697,1.3061,3.8843,2.2586,1.0423,-0.33493,-4.1341,-3.364
2.9763,1.3608,3.8407,2.2469,1.0723,-0.37254,-4.1223,-3.3589
2.9812,1.4154,3.7953,2.2354,1.1015,-0.41029,-4.1089,-3.3532
2.9844,1.4699,3.7482,2.224,1.1299,-0.44817,-4.094,-3.3468
2.986,1.5244,3.6993,2.2128,1.1574,-0.48618,-4.0775,-3.3397
2.9858,1.5786,3.6487,2.2017,1.1842,-0.52431,-4.0595,-3.332
2.9841,1.6327,3.5965,2.1907,1.2102,-0.56255,-4.0399,-3.3235
2.9807,1.6866,3.5426,2.1798,1.2355,-0.60089,-4.0188,-3.3145
2.9757,1.7402,3.4871,2.169,1.2599,-0.63934,-3.9962,-3.3048
2.9692,1.7935,3.43,2.1584,1.2835,-0.67787,-3.9721,-3.2945
2.9611,1.8465,3.3713,2.1478,1.3064,-0.71649,-3.9466,-3.2836
2.9515,1.8991,3.3112,2.1372,1.3285,-0.75519,-3.9196,-3.272
2.9404,1.9513,3.2496,2.1268,1.3498,-0.79395,-3.8912,-3.2599
2.9279,2.0031,3.1865,2.1164,1.3703,-0.83278,-3.8613,-3.2472
2.9139,2.0545,3.122,2.106,1.3901,-0.87165,-3.8301,-3.2339
2.8986,2.1053,3.0562,2.0957,1.4092,-0.91057,-3.7975,-3.22
2.8819,2.1557,2.989,2.0854,1.4275,-0.94951,-3.7636,-3.2056
2.8638,2.2055,2.9206,2.0751,1.4451,-0.98849,-3.7283,-3.1907
2.8445,2.2546,2.8509,2.0648,1.462,-1.0275,-3.6918,-3.1752
2.8239,2.3032,2.78,2.0544,1.4781,-1.0665,-3.654,-3.1592
2.8021,2.3511,2.708,2.044,1.4936,-1.1054,-3.6149,-3.1427
2.7791,2.3984,2.6349,2.0335,1.5083,-1.1444,-3.5746,-3.1257
2.7549,2.4449,2.5607,2.023,1.5224,-1.1833,-3.5332,-3.1082
2.7297,2.4908,2.4854,2.0123,1.5358,-1.2223,-3.4905,-3.0902
2.7034,2.5358,2.4092,2.0016,1.5486,-1.2611,-3.4468,-3.0718
2.6762,2.5801,2.3321,1.9907,1.5607,-1.2999,-3.402,-3.0529
2.6479,2.6236,2.2541,1.9797,1.5723,-1.3387,-3.3561,-3.0336
2.6187,2.6663,2.1753,1.9685,1.5832,-1.3773,-3.3092,-3.0139
2.5887,2.7081,2.0957,1.9572,1.5935,-1.4159,-3.2613,-2.9937
2.5578,2.7491,2.0153,1.9456,1.6032,-1.4544,-3.2124,-2.9732
2.5261,2.7892,1.9343,1.9339,1.6124,-1.4928,-3.1626,-2.9522
2.4938,2.8283,1.8526,1.9219,1.621,-1.531,-3.1119,-2.9309
2.4607,2.8666,1.7704,1.9096,1.6291,-1.5691,-3.0604,-2.9092
2.427,2.9039,1.6876,1.8971,1.6368,-1.6071,-3.0081,-2.8871
2.3927,2.9402,1.6043,1.8844,1.6439,-1.645,-2.955,-2.8647
2.3578,2.9756,1.5206,1.8713,1.6505,-1.6827,-2.9012,-2.8419
2.3225,3.01,1.4365,1.8579,1.6568,-1.7202,-2.8467,-2.8189
2.2868,3.0434,1.3521,1.8442,1.6626,-1.7576,-2.7916,-2.7955
2.2507,3.0758,1.2674,1.8302,1.6679,-1.7948,-2.7358,-2.7718
2.2142,3.1072,1.1825,1.8158,1.673,-1.8317,-2.6795,-2.7479
2.1775,3.1375,1.0975,1.8011,1.6776,-1.8685,-2.6227,-2.7236
2.1406,3.1669,1.0123,1.786,1.6819,-1.9051,-2.5654,-2.6991
2.1035,3.1951,0.92702,1.7704,1.6859,-1.9415,-2.5076,-2.6744
2.0663,3.2224,0.84175,1.7545,1.6896,-1.9776,-2.4495,-2.6494
2.029,3.2486,0.75651,1.7382,1.693,-2.0135,-2.391,-2.6243
1.9917,3.2737,0.67137,1.7214,1.6962,-2.0492,-2.3323,-2.5989
1.9545,3.2978,0.58636,1.7043,1.6992,-2.0846,-2.2733,-2.5733
1.9173,3.3208,0.50155,1.6866,1.7019,-2.1197,-2.2141,-2.5475
1.8803,3.3428,0.41698,1.6685,1.7045,-2.1546,-2.1547,-2.5215
1.8435,3.3637,0.3327,1.65,1.707,-2.1892,-2.0952,-2.4954
1.807,3.3836,0.24877,1.631,1.7093,-2.2236,-2.0356,-2.4692
1.7708,3.4024,0.16524,1.6115,1.7115,-2.2576,-1.9761,-2.4428
1.7349,3.4202,0.082156,1.5915,1.7137,-2.2914,-1.9165,-2.4162
1.6995,3.4369,-0.00043262,1.5711,1.7158,-2.3249,-1.857,-2.3896
1.6645,3.4526,-0.082475,1.5502,1.7178,-2.358,-1.7977,-2.3629
1.63,3.4673,-0.16392,1.5288,1.7199,-2.3909,-1.7385,-2.3361
1.5961,3.4809,-0.24473,1.5068,1.722,-2.4234,-1.6795,-2.3093
1.5628,3.4936,-0.32484,1.4844,1.7242,-2.4557,-1.6207,-2.2823
1.5302,3.5052,-0.40421,1.4615,1.7264,-2.4876,-1.5623,-2.2554
