-0.024471,-0.31649,1.7535,-0.65178,0.69613,0.2963,-0.9488,0.21001
-0.14924,-0.27169,1.6385,-0.61908,0.61666,0.30332,-0.87411,0.21737
-0.27345,-0.22656,1.5228,-0.58514,0.53735,0.30948,-0.79939,0.22395
-0.39703,-0.1812,1.4066,-0.54999,0.45822,0.31482,-0.72466,0.22978
-0.51989,-0.13569,1.2899,-0.51372,0.3793,0.31936,-0.64995,0.23489
-0.64196,-0.090102,1.1729,-0.47638,0.30062,0.32313,-0.57529,0.2393
-0.76317,-0.04453,1.0555,-0.43805,0.22223,0.32618,-0.50071,0.24306
-0.88343,0.00094587,0.93781,-0.39878,0.14414,0.32853,-0.42624,0.24619
-1.0027,0.046243,0.81995,-0.35866,0.066397,0.33023,-0.35192,0.24873
-1.1208,0.09128,0.70197,-0.31776,-0.010974,0.33131,-0.27777,0.25071
-1.2378,0.13597,0.58394,-0.27614,-0.087941,0.33181,-0.20383,0.25218
-1.3535,0.18024,0.46592,-0.23389,-0.16447,0.33176,-0.13012,0.25315
-1.4679,0.224,0.34801,-0.19108,-0.24053,0.33121,-0.056682,0.25368
-1.5808,0.26718,0.23025,-0.14779,-0.31609,0.3302,0.01646,0.2538
-1.6923,0.3097,0.11274,-0.10409,-0.39112,0.32876,0.089273,0.25354
-1.8022,0.35147,-0.0044547,-0.060071,-0.46558,0.32694,0.16173,0.25296
-1.9105,0.39242,-0.12126,-0.015802,-0.53944,0.32477,0.23379,0.25207
-2.0171,0.43248,-0.23761,0.028632,-0.61267,0.3223,0.30542,0.25093
-2.1218,0.47157,-0.35342,0.073152,-0.68525,0.31957,0.37661,0.24957
-2.2247,0.50962,-0.46862,0.11768,-0.75712,0.31661,0.4473,0.24803
-2.3257,0.54657,-0.58313,0.16213,-0.82827,0.31347,0.51748,0.24635
-2.4247,0.58234,-0.69688,0.20642,-0.89865,0.31019,0.5871,0.24457
-2.5215,0.61686,-0.80978,0.25047,-0.96824,0.3068,0.65614,0.24273
-2.6162,0.65008,-0.92178,0.29421,-1.037,0.30335,0.72457,0.24086
-2.7087,0.68192,-1.0328,0.33755,-1.1049,0.29987,0.79234,0.23901
-2.7989,0.71234,-1.1427,0.38041,-1.1719,0.29641,0.85943,0.23721
-2.8866,0.74128,-1.2515,0.42272,-1.238,0.29299,0.9258,0.23549
-2.972,0.76867,-1.3591,0.46439,-1.3031,0.28966,0.99143,0.2339
-3.0548,0.79447,-1.4654,0.50535,-1.3672,0.28645,1.0563,0.23246
-3.1351,0.81863,-1.5703,0.54552,-1.4303,0.2834,1.1203,0.23122
-3.2127,0.84111,-1.6738,0.58483,-1.4923,0.28054,1.1835,0.2302
-3.2876,0.86185,-1.7757,0.6232,-1.5532,0.2779,1.2457,0.22945
-3.3597,0.88083,-1.8761,0.66057,-1.613,0.27552,1.3071,0.22898
-3.429,0.898,-1.9747,0.69685,-1.6716,0.27342,1.3675,0.22883
-3.4953,0.91333,-2.0717,0.73199,-1.729,0.27164,1.4269,0.22903
-3.5588,0.9268,-2.1668,0.76591,-1.7852,0.2702,1.4853,0.22961
-3.6192,0.93836,-2.2601,0.79855,-1.8401,0.26913,1.5426,0.23059
-3.6765,0.948,-2.3513,0.82985,-1.8937,0.26846,1.5988,0.23199
-3.7308,0.95571,-2.4406,0.85974,-1.9459,0.2682,1.6539,0.23385
-3.7818,0.96145,-2.5277,0.88817,-1.9967,0.26838,1.7078,0.23618
-3.8297,0.96523,-2.6127,0.91508,-2.0462,0.26902,1.7605,0.239
-3.8742,0.96702,-2.6954,0.94041,-2.0942,0.27013,1.8119,0.24233
-3.9155,0.96683,-2.7758,0.96412,-2.1407,0.27175,1.8621,0.24619
-3.9534,0.96465,-2.8539,0.98616,-2.1857,0.27387,1.911,0.25058
-3.9878,0.96049,-2.9295,1.0065,-2.2291,0.27651,1.9585,0.25554
-4.0189,0.95434,-3.0025,1.025,-2.2709,0.27969,2.0046,0.26105
-4.0465,0.94621,-3.0731,1.0418,-2.3112,0.28341,2.0493,0.26714
-4.0705,0.93613,-3.1409,1.0567,-2.3497,0.28769,2.0925,0.27381
-4.091,0.9241,-3.2061,1.0697,-2.3866,0.29252,2.1343,0.28106
-4.108,0.91015,-3.2685,1.0809,-2.4218,0.2979,2.1745,0.28891
-4.1213,0.89429,-3.3282,1.0901,-2.4552,0.30386,2.2131,0.29734
-4.131,0.87656,-3.3849,1.0973,-2.4868,0.31037,2.2502,0.30636
-4.1371,0.85698,-3.4387,1.1026,-2.5166,0.31744,2.2856,0.31597
-4.1395,0.8356,-3.4896,1.1059,-2.5446,0.32507,2.3193,0.32615
-4.1382,0.81244,-3.5374,1.1072,-2.5707,0.33325,2.3513,0.33691
-4.1333,0.78755,-3.5821,1.1064,-2.5949,0.34196,2.3816,0.34823
-4.1246,0.76097,-3.6237,1.1036,-2.6171,0.35121,2.4101,0.36011
-4.1123,0.73275,-3.6622,1.0989,-2.6374,0.36097,2.4369,0.37252
-4.0962,0.70294,-3.6974,1.092,-2.6557,0.37124,2.4617,0.38545
-4.0764,0.6716,-3.7294,1.0832,-2.672,0.38199,2.4848,0.39889
-4.0529,0.63879,-3.7581,1.0724,-2.6863,0.39321,2.5059,0.41281
-4.0257,0.60455,-3.7835,1.0595,-2.6985,0.40488,2.5251,0.42719
-3.9949,0.56897,-3.8055,1.0447,-2.7086,0.41697,2.5424,0.44202
-3.9603,0.5321,-3.8242,1.0279,-2.7166,0.42947,2.5576,0.45726
-3.9221,0.49402,-3.8394,1.0091,-2.7225,0.44234,2.5709,0.47288
-3.8802,0.45479,-3.8511,0.98848,-2.7262,0.45557,2.5821,0.48886
-3.8347,0.4145,-3.8594,0.96593,-2.7277,0.46911,2.5913,0.50516
-3.7856,0.37321,-3.8643,0.94152,-2.7271,0.48294,2.5984,0.52176
-3.7329,0.33101,-3.8656,0.9153,-2.7243,0.49702,2.6034,0.53861
-3.6767,0.28798,-3.8634,0.88731,-2.7193,0.51133,2.6063,0.55568
-3.617,0.24421,-3.8576,0.85758,-2.712,0.52582,2.607,0.57294
-3.5537,0.19978,-3.8484,0.82616,-2.7025,0.54046,2.6056,0.59034
-3.4871,0.15478,-3.8355,0.79311,-2.6908,0.55521,2.602,0.60784
-3.4171,0.10929,-3.8192,0.75849,-2.6768,0.57002,2.5962,0.62539
-3.3437,0.06342,-3.7992,0.72234,-2.6605,0.58487,2.5882,0.64296
-3.267,0.01725,-3.7758,0.68473,-2.6419,0.59969,2.578,0.6605
-3.187,-0.029122,-3.7488,0.64572,-2.6211,0.61446,2.5655,0.67796
-3.1039,-0.075602,-3.7182,0.60538,-2.598,0.62912,2.5508,0.6953
-3.0176,-0.12209,-3.6842,0.56378,-2.5726,0.64363,2.5339,0.71246
-2.9283,-0.16849,-3.6466,0.52099,-2.545,0.65794,2.5147,0.72939
-2.8359,-0.21471,-3.6056,0.47708,-2.515,0.672,2.4933,0.74605
-2.7406,-0.26065,-3.5611,0.43214,-2.4828,0.68577,2.4696,0.76238
-2.6425,-0.3062,-3.5131,0.38625,-2.4484,0.69919,2.4436,0.77834
-2.5414,-0.35127,-3.4617,0.33948,-2.4116,0.71221,2.4154,0.79386
-2.4377,-0.39576,-3.407,0.29192,-2.3726,0.72479,2.3849,0.80889
-2.3313,-0.43957,-3.3489,0.24366,-2.3314,0.73687,2.3521,0.82338
-2.2223,-0.48261,-3.2875,0.19479,-2.2879,0.74839,2.3171,0.83728
-2.1108,-0.52476,-3.2228,0.1454,-2.2423,0.75932,2.2798,0.85054
-1.9969,-0.56594,-3.1549,0.095571,-2.1944,0.76959,2.2404,0.86308
-1.8806,-0.60605,-3.0838,0.045412,-2.1444,0.77916,2.1986,0.87487
-1.762,-0.645,-3.0096,-0.0049878,-2.0921,0.78797,2.1547,0.88585
-1.6413,-0.68268,-2.9322,-0.055531,-2.0378,0.79596,2.1086,0.89596
-1.5185,-0.719,-2.8519,-0.10612,-1.9813,0.8031,2.0603,0.90515
-1.3937,-0.75388,-2.7685,-0.15666,-1.9228,0.80932,2.0098,0.91336
-1.267,-0.78722,-2.6823,-0.20704,-1.8621,0.81457,1.9572,0.92055
-1.1385,-0.81894,-2.5932,-0.25717,-1.7995,0.81881,1.9025,0.92665
-1.0083,-0.84894,-2.5013,-0.30696,-1.7348,0.82199,1.8457,0.93162
-0.87645,-0.87714,-2.4067,-0.35628,-1.6681,0.82405,1.7868,0.93541
-0.74309,-0.90347,-2.3094,-0.40505,-1.5995,0.82494,1.7259,0.93796
-0.60831,-0.92784,-2.2095,-0.45317,-1.529,0.82463,1.6629,0.93923
-0.4722,-0.95017,-2.1071,-0.50054,-1.4566,0.82305,1.598,0.93917
-0.33488,-0.97039,-2.0023,-0.54704,-1.3824,0.82018,1.5311,0.93773
-0.19643,-0.98844,-1.8951,-0.5926,-1.3064,0.81595,1.4623,0.93486
-0.056964,-1.0042,-1.7856,-0.63709,-1.2286,0.81034,1.3916,0.93053
0.083414,-1.0177,-1.674,-0.68044,-1.1492,0.80329,1.3191,0.92468
0.2246,-1.0288,-1.5602,-0.72254,-1.068,0.79477,1.2447,0.91729
0.3665,-1.0375,-1.4444,-0.7633,-0.98523,0.78475,1.1686,0.9083
0.509,-1.0437,-1.3266,-0.80262,-0.90088,0.77317,1.0908,0.89768
0.65199,-1.0473,-1.207,-0.84041,-0.815,0.76002,1.0113,0.8854
0.79537,-1.0484,-1.0856,-0.87658,-0.72765,0.74525,0.93018,0.87143
0.93904,-1.0468,-0.96259,-0.91104,-0.63887,0.72883,0.84746,0.85572
1.0829,-1.0425,-0.83795,-0.94371,-0.54871,0.71074,0.7632,0.83826
1.2268,-1.0356,-0.71183,-0.9745,-0.45724,0.69095,0.67746,0.81901
1.3707,-1.0259,-0.58432,-1.0033,-0.3645,0.66944,0.59027,0.79795
1.5144,-1.0135,-0.45551,-1.0301,-0.27055,0.64618,0.50171,0.77506
1.6579,-0.99823,-0.3255,-1.0548,-0.17545,0.62115,0.41182,0.75032
1.8011,-0.98019,-0.19438,-1.0773,-0.07926,0.59433,0.32065,0.72372
1.9438,-0.95934,-0.062264,-1.0975,0.017962,0.56572,0.22827,0.69523
2.0859,-0.93566,0.07076,-1.1154,0.11615,0.53529,0.13473,0.66484
2.2274,-0.90914,0.20459,-1.1309,0.21526,0.50304,0.040096,0.63255
2.3681,-0.8798,0.33912,-1.144,0.3152,0.46896,-0.05558,0.59836
2.5079,-0.84763,0.47426,-1.1545,0.41593,0.43305,-0.15223,0.56224
2.6468,-0.81263,0.6099,-1.1625,0.51738,0.39531,-0.2498,0.52422
2.7846,-0.77483,0.74594,-1.1679,0.61947,0.35573,-0.34821,0.48428
2.9212,-0.73425,0.88229,-1.1706,0.72215,0.31432,-0.44741,0.44243
3.0566,-0.69089,1.0188,-1.1706,0.82534,0.27108,-0.54733,0.39868
3.1905,-0.6448,1.1555,-1.1679,0.92898,0.22604,-0.64791,0.35304
3.323,-0.596,1.2921,-1.1624,1.033,0.17919,-0.74907,0.30553
3.454,-0.54452,1.4286,-1.1541,1.1373,0.13056,-0.85074,0.25616
3.5832,-0.49042,1.5649,-1.143,1.2419,0.080167,-0.95287,0.20495
3.7108,-0.43372,1.7009,-1.1291,1.3466,0.028026,-1.0554,0.15192
3.8364,-0.37448,1.8365,-1.1123,1.4514,-0.025836,-1.1582,0.097093
3.9602,-0.31276,1.9716,-1.0926,1.5563,-0.081391,-1.2612,0.040506
4.0819,-0.24861,2.1061,-1.07,1.6611,-0.13861,-1.3644,-0.017814
4.2015,-0.18208,2.2399,-1.0446,1.7658,-0.19746,-1.4677,-0.077834
4.3189,-0.11325,2.3728,-1.0162,1.8703,-0.2579,-1.5711,-0.13952
4.434,-0.042185,2.5049,-0.98504,1.9745,-0.3199,-1.6744,-0.20282
4.5467,0.031046,2.6359,-0.95097,2.0783,-0.38342,-1.7775,-0.26771
4.657,0.10637,2.7659,-0.91405,2.1818,-0.4484,-1.8805,-0.33414
4.7648,0.18369,2.8946,-0.8743,2.2848,-0.51481,-1.9832,-0.40205
4.87,0.26295,3.0221,-0.83174,2.3872,-0.5826,-2.0855,-0.47141
4.9724,0.34404,3.1482,-0.7864,2.4889,-0.6517,-2.1874,-0.54215
5.0722,0.42689,3.2728,-0.73832,2.59,-0.72208,-2.2889,-0.61423
5.169,0.51139,3.3959,-0.68752,2.6903,-0.79367,-2.3897,-0.68758
5.263,0.59746,3.5173,-0.63406,2.7897,-0.86641,-2.49,-0.76215
5.3541,0.685,3.6369,-0.57797,2.8882,-0.94024,-2.5895,-0.83788
5.4421,0.7739,3.7548,-0.51931,2.9856,-1.0151,-2.6882,-0.9147
5.527,0.86406,3.8707,-0.45814,3.082,-1.0909,-2.7861,-0.99254
5.6088,0.95539,3.9846,-0.3945,3.1773,-1.1676,-2.8831,-1.0713
5.6873,1.0478,4.0964,-0.32846,3.2713,-1.2452,-2.979,-1.151
5.7626,1.1411,4.2061,-0.26008,3.3641,-1.3235,-3.0739,-1.2316
5.8346,1.2352,4.3136,-0.18944,3.4555,-1.4024,-3.1677,-1.3128
5.9032,1.3301,4.4187,-0.11661,3.5455,-1.482,-3.2602,-1.3948
5.9683,1.4256,4.5214,-0.04166,3.6339,-1.5621,-3.3515,-1.4773
6.0301,1.5216,4.6217,0.035327,3.7208,-1.6427,-3.4414,-1.5603
6.0883,1.6179,4.7194,0.11427,3.8061,-1.7236,-3.5299,-1.6438
6.1429,1.7145,4.8145,0.19508,3.8897,-1.8049,-3.6169,-1.7277
6.194,1.8113,4.907,0.27767,3.9715,-1.8863,-3.7024,-1.8118
6.2415,1.9081,4.9967,0.36194,4.0516,-1.9679,-3.7863,-1.8962
6.2853,2.0048,5.0836,0.44781,4.1297,-2.0495,-3.8685,-1.9807
6.3254,2.1013,5.1676,0.53518,4.2059,-2.1311,-3.949,-2.0652
6.3618,2.1975,5.2487,0.62394,4.2801,-2.2126,-4.0276,-2.1497
6.3944,2.2932,5.3268,0.714,4.3522,-2.2938,-4.1044,-2.234
6.4234,2.3883,5.4019,0.80525,4.4222,-2.3748,-4.1794,-2.3181
6.4485,2.4828,5.4739,0.89758,4.4901,-2.4554,-4.2523,-2.402
6.4698,2.5765,5.5428,0.9909,4.5557,-2.5355,-4.3232,-2.4855
6.4874,2.6693,5.6084,1.0851,4.6191,-2.6151,-4.3921,-2.5685
6.5011,2.7611,5.6709,1.18,4.6801,-2.6941,-4.4588,-2.651
6.511,2.8518,5.73,1.2756,4.7388,-2.7724,-4.5233,-2.7328
6.517,2.9412,5.7858,1.3717,4.795,-2.8498,-4.5856,-2.814
6.5193,3.0293,5.8383,1.4683,4.8488,-2.9264,-4.6457,-2.8943
6.5177,3.1159,5.8874,1.5651,4.9001,-3.0021,-4.7034,-2.9738
6.5122,3.2009,5.933,1.6622,4.9489,-3.0767,-4.7588,-3.0524
6.503,3.2843,5.9752,1.7593,4.9951,-3.1502,-4.8118,-3.1299
6.4899,3.3659,6.0139,1.8564,5.0387,-3.2224,-4.8623,-3.2064
6.473,3.4457,6.0491,1.9533,5.0796,-3.2934,-4.9104,-3.2816
6.4523,3.5235,6.0807,2.05,5.1178,-3.3631,-4.9559,-3.3557
6.4279,3.5992,6.1088,2.1463,5.1534,-3.4313,-4.9989,-3.4283
6.3997,3.6729,6.1333,2.2421,5.1862,-3.498,-5.0394,-3.4996
6.3678,3.7443,6.1542,2.3372,5.2163,-3.5632,-5.0772,-3.5694
6.3322,3.8133,6.1715,2.4317,5.2435,-3.6267,-5.1124,-3.6377
6.2929,3.88,6.1852,2.5253,5.268,-3.6885,-5.1449,-3.7044
6.2499,3.9442,6.1953,2.618,5.2896,-3.7485,-5.1748,-3.7694
6.2033,4.0059,6.2018,2.7096,5.3085,-3.8066,-5.202,-3.8327
6.1532,4.065,6.2046,2.8,5.3244,-3.8629,-5.2264,-3.8942
6.0995,4.1213,6.2038,2.8892,5.3375,-3.9172,-5.2482,-3.9538
6.0423,4.175,6.1994,2.977,5.3478,-3.9695,-5.2671,-4.0115
5.9816,4.2258,6.1913,3.0633,5.3551,-4.0197,-5.2834,-4.0673
5.9175,4.2738,6.1797,3.148,5.3596,-4.0678,-5.2968,-4.121
5.8501,4.3188,6.1644,3.2311,5.3612,-4.1137,-5.3075,-4.1727
5.7793,4.3609,6.1456,3.3124,5.36,-4.1574,-5.3154,-4.2222
5.7053,4.4,6.1232,3.3918,5.3558,-4.1989,-5.3205,-4.2696
5.6281,4.436,6.0972,3.4693,5.3488,-4.238,-5.3229,-4.3148
5.5477,4.4689,6.0677,3.5447,5.3389,-4.2748,-5.3225,-4.3578
5.4642,4.4987,6.0347,3.6179,5.3262,-4.3092,-5.3192,-4.3984
5.3776,4.5254,5.9983,3.689,5.3107,-4.3412,-5.3133,-4.4368
5.2881,4.5489,5.9583,3.7578,5.2923,-4.3707,-5.3045,-4.4728
5.1957,4.5692,5.915,3.8242,5.2711,-4.3977,-5.293,-4.5064
5.1004,4.5862,5.8682,3.8881,5.2471,-4.4223,-5.2788,-4.5376
5.0024,4.6,5.8181,3.9496,5.2203,-4.4444,-5.2618,-4.5664
4.9016,4.6106,5.7647,4.0084,5.1909,-4.4639,-5.2422,-4.5927
4.7982,4.618,5.708,4.0646,5.1587,-4.4808,-5.2198,-4.6165
4.6922,4.6221,5.648,4.1181,5.1238,-4.4952,-5.1948,-4.6379
4.5838,4.6229,5.5849,4.1689,5.0862,-4.507,-5.1671,-4.6567
4.4729,4.6205,5.5186,4.2168,5.046,-4.5162,-5.1368,-4.673
4.3597,4.6148,5.4492,4.2619,5.0033,-4.5229,-5.1039,-4.6868
4.2442,4.6059,5.3768,4.304,4.9579,-4.5269,-5.0685,-4.6981
4.1265,4.5939,5.3013,4.3432,4.9101,-4.5284,-5.0305,-4.7068
4.0067,4.5786,5.223,4.3794,4.8598,-4.5273,-4.9899,-4.7129
3.8849,4.5601,5.1417,4.4126,4.807,-4.5236,-4.9469,-4.7166
3.7612,4.5385,5.0576,4.4427,4.7518,-4.5173,-4.9015,-4.7176
3.6356,4.5138,4.9708,4.4698,4.6943,-4.5085,-4.8536,-4.7162
3.5082,4.486,4.8812,4.4937,4.6345,-4.4972,-4.8034,-4.7122
3.3792,4.4551,4.789,4.5145,4.5724,-4.4833,-4.7508,-4.7057
3.2485,4.4212,4.6943,4.5322,4.5082,-4.4669,-4.696,-4.6967
3.1163,4.3844,4.597,4.5467,4.4417,-4.448,-4.6388,-4.6851
2.9827,4.3446,4.4972,4.558,4.3732,-4.4267,-4.5795,-4.6711
2.8477,4.3019,4.3951,4.5661,4.3026,-4.403,-4.518,-4.6547
2.7115,4.2564,4.2907,4.5711,4.23,-4.3768,-4.4544,-4.6358
2.5741,4.2081,4.184,4.5729,4.1554,-4.3483,-4.3887,-4.6144
2.4356,4.157,4.0752,4.5715,4.079,-4.3174,-4.321,-4.5907
2.2962,4.1033,3.9643,4.567,4.0007,-4.2843,-4.2513,-4.5646
2.1558,4.0469,3.8513,4.5593,3.9207,-4.2489,-4.1796,-4.5361
2.0146,3.988,3.7365,4.5485,3.8389,-4.2112,-4.1061,-4.5053
1.8726,3.9265,3.6197,4.5345,3.7555,-4.1714,-4.0308,-4.4722
1.73,3.8626,3.5012,4.5174,3.6705,-4.1294,-3.9536,-4.4368
1.5868,3.7964,3.381,4.4973,3.5839,-4.0853,-3.8747,-4.3993
1.4432,3.7278,3.2591,4.4741,3.4959,-4.0392,-3.7942,-4.3595
1.2991,3.6569,3.1357,4.4479,3.4064,-3.991,-3.712,-4.3175
1.1548,3.5839,3.0108,4.4187,3.3156,-3.9409,-3.6282,-4.2734
1.0102,3.5087,2.8846,4.3865,3.2236,-3.8888,-3.5429,-4.2272
0.86546,3.4315,2.757,4.3514,3.1302,-3.8349,-3.4562,-4.1789
0.72068,3.3523,2.6282,4.3134,3.0357,-3.7792,-3.368,-4.1286
0.57591,3.2712,2.4983,4.2726,2.9401,-3.7217,-3.2785,-4.0764
0.43124,3.1882,2.3673,4.229,2.8435,-3.6624,-3.1876,-4.0222
0.28675,3.1035,2.2353,4.1826,2.7459,-3.6015,-3.0955,-3.966
0.14252,3.0171,2.1024,4.1335,2.6473,-3.539,-3.0022,-3.9081
-0.001378,2.929,1.9687,4.0818,2.5479,-3.4749,-2.9078,-3.8482
-0.14486,2.8394,1.8342,4.0274,2.4477,-3.4094,-2.8122,-3.7866
-0.28787,2.7483,1.6991,3.9706,2.3467,-3.3423,-2.7157,-3.7233
-0.43031,2.6558,1.5634,3.9112,2.2451,-3.2739,-2.6181,-3.6583
-0.57213,2.562,1.4272,3.8493,2.1428,-3.2041,-2.5196,-3.5916
-0.71324,2.4669,1.2906,3.7851,2.04,-3.1329,-2.4202,-3.5233
-0.85359,2.3706,1.1537,3.7186,1.9367,-3.0606,-2.32,-3.4534
-0.9931,2.2731,1.0165,3.6498,1.8329,-2.987,-2.219,-3.382
-1.1317,2.1746,0.87916,3.5788,1.7287,-2.9123,-2.1173,-3.309
-1.2694,2.0751,0.74171,3.5056,1.6242,-2.8365,-2.015,-3.2347
-1.406,1.9747,0.60423,3.4304,1.5194,-2.7597,-1.912,-3.1589
-1.5415,1.8734,0.4668,3.3532,1.4144,-2.6819,-1.8084,-3.0818
-1.6759,1.7713,0.32951,3.274,1.3092,-2.6031,-1.7043,-3.0034
-1.8091,1.6685,0.19242,3.1929,1.2038,-2.5234,-1.5998,-2.9237
-1.941,1.5651,0.055618,3.11,1.0984,-2.4429,-1.4948,-2.8427
-2.0716,1.461,-0.080833,3.0254,0.99297,-2.3616,-1.3895,-2.7605
-2.2008,1.3564,-0.21686,2.939,0.88755,-2.2795,-1.2838,-2.6772
-2.3287,1.2513,-0.35239,2.8511,0.7822,-2.1967,-1.1778,-2.5928
-2.455,1.1458,-0.48735,2.7616,0.67696,-2.1133,-1.0716,-2.5073
-2.5799,1.0399,-0.62168,2.6706,0.57187,-2.0292,-0.96521,-2.4208
-2.7032,0.93374,-0.7553,2.5782,0.46699,-1.9445,-0.85867,-2.3333
-2.8249,0.8273,-0.88815,2.4844,0.36235,-1.8594,-0.75201,-2.2448
-2.945,0.72066,-1.0202,2.3894,0.25799,-1.7737,-0.6453,-2.1554
-3.0634,0.61388,-1.1513,2.2931,0.15395,-1.6875,-0.53856,-2.0651
-3.18,0.507,-1.2815,2.1957,0.050276,-1.6009,-0.43184,-1.974
-3.295,0.40007,-1.4106,2.0972,-0.053005,-1.514,-0.32517,-1.882
-3.4081,0.29314,-1.5387,1.9976,-0.15585,-1.4266,-0.21861,-1.7893
-3.5195,0.18625,-1.6656,1.8971,-0.25824,-1.339,-0.11218,-1.6959
-3.6289,0.079457,-1.7913,1.7957,-0.36012,-1.2511,-0.0059207,-1.6017
-3.7366,-0.027203,-1.9158,1.6935,-0.46148,-1.1629,0.10013,-1.5069
-3.8423,-0.13369,-2.039,1.5905,-0.56227,-1.0745,0.20593,-1.4115
-3.9461,-0.23995,-2.1608,1.4868,-0.66248,-0.98588,0.31145,-1.3155
-4.0479,-0.34596,-2.2812,1.3824,-0.76207,-0.89711,0.41666,-1.2189
-4.1478,-0.45168,-2.4001,1.2775,-0.86101,-0.80819,0.52151,-1.1217
-4.2457,-0.55706,-2.5176,1.172,-0.95929,-0.71915,0.62599,-1.0241
-4.3415,-0.66207,-2.6335,1.066,-1.0569,-0.63002,0.73005,-0.92603
-4.4354,-0.76668,-2.7478,0.95967,-1.1537,-0.54081,0.83367,-0.82751
-4.5271,-0.87086,-2.8604,0.85296,-1.2499,-0.45156,0.9368,-0.72859
-4.6169,-0.97456,-2.9714,0.74595,-1.3452,-0.36228,1.0394,-0.6293
-4.7045,-1.0778,-3.0807,0.6387,-1.4398,-0.273,1.1415,-0.52968
-4.79,-1.1804,-3.1882,0.53126,-1.5336,-0.18373,1.2431,-0.42974
-4.8735,-1.2825,-3.2939,0.42369,-1.6266,-0.094491,1.344,-0.32953
-4.9548,-1.3841,-3.3978,0.31603,-1.7187,-0.0053028,1.4443,-0.22907
-5.034,-1.485,-3.4998,0.20835,-1.81,0.083818,1.5439,-0.12841
-5.111,-1.5852,-3.5999,0.10069,-1.9004,0.17285,1.6429,-0.027553
-5.1859,-1.6848,-3.6981,-0.0069046,-1.9899,0.26179,1.7412,0.073451
-5.2587,-1.7837,-3.7944,-0.11437,-2.0786,0.35061,1.8387,0.17458
-5.3293,-1.8818,-3.8886,-0.22167,-2.1663,0.43929,1.9355,0.27579
-5.3977,-1.9792,-3.9808,-0.32875,-2.2531,0.52783,2.0315,0.37706
-5.4639,-2.0758,-4.071,-0.43557,-2.3389,0.6162,2.1266,0.47836
-5.528,-2.1716,-4.1591,-0.54207,-2.4238,0.7044,2.221,0.57966
-5.5899,-2.2666,-4.2452,-0.64822,-2.5077,0.7924,2.3144,0.68091
-5.6496,-2.3608,-4.3291,-0.75396,-2.5907,0.88019,2.407,0.7821
-5.707,-2.454,-4.4109,-0.85926,-2.6726,0.96777,2.4986,0.88318
-5.7623,-2.5464,-4.4905,-0.96406,-2.7536,1.0551,2.5893,0.98413
-5.8154,-2.6378,-4.5679,-1.0683,-2.8335,1.1422,2.679,1.0849
-5.8662,-2.7283,-4.6432,-1.172,-2.9124,1.229,2.7678,1.1855
-5.9149,-2.8178,-4.7162,-1.2751,-2.9903,1.3155,2.8554,1.2858
-5.9613,-2.9063,-4.787,-1.3775,-3.067,1.4018,2.9421,1.3858
-6.0055,-2.9938,-4.8556,-1.4792,-3.1428,1.4877,3.0277,1.4856
-6.0475,-3.0803,-4.9219,-1.5802,-3.2174,1.5733,3.1121,1.585
-6.0873,-3.1656,-4.986,-1.6804,-3.2909,1.6585,3.1954,1.684
-6.1248,-3.2499,-5.0477,-1.7798,-3.3634,1.7434,3.2776,1.7825
-6.1601,-3.3331,-5.1072,-1.8783,-3.4347,1.8278,3.3585,1.8806
-6.1931,-3.4151,-5.1643,-1.9759,-3.5048,1.9119,3.4383,1.9782
-6.2239,-3.4959,-5.2191,-2.0725,-3.5738,1.9955,3.5168,2.0753
-6.2525,-3.5756,-5.2716,-2.1682,-3.6416,2.0787,3.594,2.1718
-6.2788,-3.654,-5.3217,-2.2628,-3.7083,2.1614,3.6699,2.2676
-6.3029,-3.7312,-5.3695,-2.3564,-3.7737,2.2436,3.7445,2.3628
-6.3247,-3.8071,-5.4149,-2.4489,-3.8379,2.3253,3.8177,2.4572
-6.3443,-3.8817,-5.458,-2.5403,-3.9008,2.4065,3.8895,2.5509
-6.3616,-3.955,-5.4986,-2.6305,-3.9625,2.4871,3.9599,2.6438
-6.3766,-4.0269,-5.5369,-2.7195,-4.023,2.5671,4.0288,2.7358
-6.3893,-4.0974,-5.5728,-2.8072,-4.0821,2.6464,4.0962,2.8269
-6.3998,-4.1665,-5.6062,-2.8937,-4.1399,2.7251,4.1621,2.9171
-6.408,-4.2342,-5.6373,-2.9788,-4.1963,2.8032,4.2265,3.0063
-6.414,-4.3004,-5.6659,-3.0626,-4.2514,2.8805,4.2892,3.0945
-6.4176,-4.3651,-5.6921,-3.1449,-4.3051,2.957,4.3503,3.1815
-6.4189,-4.4283,-5.7159,-3.2259,-4.3574,3.0328,4.4098,3.2675
-6.418,-4.4899,-5.7373,-3.3053,-4.4082,3.1078,4.4676,3.3522
-6.4148,-4.55,-5.7562,-3.3833,-4.4576,3.1819,4.5237,3.4357
-6.4092,-4.6084,-5.7726,-3.4597,-4.5055,3.2552,4.578,3.5179
-6.4014,-4.6652,-5.7866,-3.5345,-4.5519,3.3275,4.6305,3.5988
-6.3912,-4.7202,-5.7982,-3.6078,-4.5967,3.3989,4.6812,3.6782
-6.3788,-4.7736,-5.8073,-3.6793,-4.64,3.4693,4.7301,3.7563
-6.364,-4.8253,-5.8139,-3.7492,-4.6817,3.5387,4.777,3.8328
-6.3469,-4.8751,-5.8181,-3.8174,-4.7218,3.607,4.822,3.9078
-6.3275,-4.9232,-5.8198,-3.8838,-4.7602,3.6741,4.8651,3.9812
-6.3057,-4.9694,-5.819,-3.9484,-4.797,3.7402,4.9062,4.053
-6.2817,-5.0138,-5.8157,-4.0112,-4.832,3.805,4.9453,4.1231
-6.2553,-5.0562,-5.81,-4.0721,-4.8654,3.8686,4.9823,4.1914
-6.2266,-5.0968,-5.8018,-4.1311,-4.8969,3.9309,5.0172,4.2579
-6.1956,-5.1354,-5.7912,-4.1882,-4.9267,3.992,5.05,4.3226
-6.1622,-5.172,-5.7781,-4.2434,-4.9547,4.0516,5.0806,4.3854
-6.1265,-5.2066,-5.7625,-4.2965,-4.9808,4.1098,5.1091,4.4462
-6.0885,-5.2391,-5.7444,-4.3477,-5.0051,4.1666,5.1353,4.505
-6.0482,-5.2696,-5.7239,-4.3967,-5.0275,4.2219,5.1593,4.5619
-6.0055,-5.298,-5.7009,-4.4437,-5.0479,4.2757,5.1811,4.6166
-5.9606,-5.3242,-5.6755,-4.4886,-5.0664,4.3278,5.2005,4.6692
-5.9133,-5.3483,-5.6476,-4.5314,-5.0829,4.3784,5.2176,4.7196
-5.8637,-5.3702,-5.6172,-4.572,-5.0974,4.4273,5.2324,4.7678
-5.8119,-5.3898,-5.5844,-4.6103,-5.1098,4.4745,5.2448,4.8137
-5.7577,-5.4073,-5.5492,-4.6465,-5.1202,4.5199,5.2547,4.8573
-5.7012,-5.4224,-5.5115,-4.6804,-5.1285,4.5635,5.2623,4.8986
-5.6425,-5.4353,-5.4715,-4.712,-5.1347,4.6053,5.2674,4.9375
-5.5815,-5.4459,-5.429,-4.7414,-5.1388,4.6452,5.2701,4.974
-5.5183,-5.4541,-5.3841,-4.7684,-5.1407,4.6831,5.2703,5.008
-5.4528,-5.46,-5.3369,-4.7931,-5.1405,4.7191,5.2679,5.0395
-5.3851,-5.4635,-5.2872,-4.8154,-5.1381,4.7531,5.2631,5.0685
-5.3152,-5.4645,-5.2353,-4.8353,-5.1334,4.7851,5.2557,5.095
-5.2431,-5.4632,-5.1809,-4.8529,-5.1265,4.815,5.2458,5.1189
-5.1688,-5.4594,-5.1243,-4.868,-5.1174,4.8428,5.2334,5.1402
-5.0923,-5.4532,-5.0653,-4.8807,-5.106,4.8684,5.2184,5.1588
-5.0138,-5.4445,-5.0041,-4.8909,-5.0923,4.8918,5.2008,5.1748
-4.9331,-5.4333,-4.9405,-4.8987,-5.0764,4.913,5.1806,5.1881
-4.8503,-5.4197,-4.8748,-4.904,-5.0581,4.932,5.1579,5.1988
-4.7655,-5.4035,-4.8068,-4.9069,-5.0375,4.9487,5.1326,5.2067
-4.6786,-5.3848,-4.7366,-4.9072,-5.0146,4.9631,5.1047,5.2119
-4.5897,-5.3635,-4.6642,-4.9051,-4.9894,4.9751,5.0743,5.2143
-4.4988,-5.3397,-4.5896,-4.9004,-4.9619,4.9848,5.0413,5.214
-4.406,-5.3134,-4.513,-4.8933,-4.932,4.9921,5.0057,5.211
-4.3113,-5.2846,-4.4343,-4.8836,-4.8999,4.997,4.9676,5.2052
-4.2147,-5.2532,-4.3534,-4.8714,-4.8653,4.9994,4.9269,5.1966
-4.1163,-5.2192,-4.2706,-4.8568,-4.8285,4.9994,4.8837,5.1852
-4.0161,-5.1827,-4.1858,-4.8396,-4.7894,4.997,4.838,5.1711
-3.9141,-5.1437,-4.099,-4.8199,-4.7479,4.9921,4.7898,5.1543
-3.8104,-5.1021,-4.0103,-4.7977,-4.7041,4.9847,4.7392,5.1347
-3.705,-5.058,-3.9197,-4.773,-4.6581,4.9748,4.686,5.1123
-3.598,-5.0113,-3.8272,-4.7458,-4.6098,4.9624,4.6305,5.0872
-3.4894,-4.9622,-3.733,-4.7162,-4.5592,4.9475,4.5726,5.0594
-3.3793,-4.9105,-3.637,-4.6841,-4.5064,4.93,4.5123,5.0289
-3.2677,-4.8564,-3.5393,-4.6496,-4.4513,4.9101,4.4497,4.9957
-3.1546,-4.7997,-3.4399,-4.6126,-4.3941,4.8876,4.3848,4.9599
-3.0403,-4.7407,-3.3389,-4.5732,-4.3347,4.8626,4.3176,4.9214
-2.9245,-4.6791,-3.2363,-4.5314,-4.2731,4.8352,4.2482,4.8803
-2.8076,-4.6152,-3.1323,-4.4873,-4.2095,4.8052,4.1766,4.8366
-2.6894,-4.5489,-3.0267,-4.4408,-4.1438,4.7728,4.1029,4.7903
-2.5701,-4.4802,-2.9197,-4.392,-4.076,4.7378,4.0271,4.7416
-2.4498,-4.4092,-2.8114,-4.3409,-4.0062,4.7004,3.9493,4.6904
-2.3284,-4.3359,-2.7018,-4.2875,-3.9344,4.6606,3.8695,4.6367
-2.2061,-4.2604,-2.5909,-4.2319,-3.8608,4.6184,3.7877,4.5806
-2.0829,-4.1825,-2.4789,-4.1741,-3.7852,4.5737,3.7041,4.5222
-1.959,-4.1025,-2.3657,-4.1141,-3.7078,4.5267,3.6186,4.4614
-1.8343,-4.0203,-2.2515,-4.052,-3.6286,4.4774,3.5313,4.3984
-1.7089,-3.9361,-2.1363,-3.9878,-3.5477,4.4257,3.4424,4.3331
-1.583,-3.8497,-2.0202,-3.9215,-3.4651,4.3718,3.3518,4.2657
-1.4566,-3.7613,-1.9032,-3.8532,-3.3808,4.3156,3.2596,4.1962
-1.3297,-3.6709,-1.7855,-3.7829,-3.295,4.2572,3.166,4.1246
-1.2025,-3.5786,-1.667,-3.7107,-3.2076,4.1967,3.0708,4.051
-1.075,-3.4843,-1.5479,-3.6366,-3.1188,4.134,2.9744,3.9755
-0.94738,-3.3883,-1.4282,-3.5607,-3.0286,4.0693,2.8766,3.8981
-0.81962,-3.2905,-1.308,-3.4829,-2.9371,4.0025,2.7775,3.8189
-0.69184,-3.1909,-1.1874,-3.4035,-2.8443,3.9337,2.6774,3.7379
-0.56412,-3.0897,-1.0664,-3.3223,-2.7503,3.863,2.5761,3.6552
-0.43655,-2.9869,-0.9452,-3.2395,-2.6552,3.7904,2.4739,3.5709
-0.30921,-2.8825,-0.82378,-3.1551,-2.5591,3.716,2.3707,3.4851
-0.18219,-2.7767,-0.70225,-3.0692,-2.4619,3.6398,2.2667,3.3977
-0.055584,-2.6694,-0.58068,-2.9818,-2.3639,3.5619,2.1619,3.309
0.070532,-2.5608,-0.45917,-2.893,-2.265,3.4824,2.0565,3.2189
0.19606,-2.4509,-0.33778,-2.8028,-2.1654,3.4012,1.9504,3.1276
0.32093,-2.3398,-0.2166,-2.7114,-2.065,3.3186,1.8439,3.035
0.44503,-2.2276,-0.095718,-2.6187,-1.9641,3.2344,1.7369,2.9414
0.56828,-2.1142,0.02479,-2.5249,-1.8627,3.1489,1.6296,2.8467
0.6906,-1.9999,0.14484,-2.4299,-1.7608,3.0621,1.522,2.751
0.8119,-1.8847,0.26434,-2.3339,-1.6586,2.974,1.4143,2.6545
0.93208,-1.7686,0.38322,-2.2369,-1.5561,2.8848,1.3065,2.5571
1.0511,-1.6518,0.50139,-2.1391,-1.4534,2.7944,1.1987,2.4591
1.1687,-1.5342,0.61876,-2.0403,-1.3507,2.703,1.091,2.3603
1.2851,-1.4161,0.73525,-1.9408,-1.2479,2.6106,0.98344,2.261
1.3999,-1.2974,0.85078,-1.8406,-1.1451,2.5174,0.87619,2.1613
1.5132,-1.1782,0.96526,-1.7398,-1.0425,2.4233,0.76929,2.0611
1.6249,-1.0587,1.0786,-1.6383,-0.94019,2.3285,0.66283,1.9606
1.7349,-0.93887,1.1907,-1.5364,-0.83816,2.2331,0.55691,1.8598
1.843,-0.81884,1.3016,-1.4341,-0.73654,2.1371,0.4516,1.7589
1.9493,-0.69868,1.411,-1.3314,-0.6354,2.0406,0.347,1.6578
2.0536,-0.57847,1.519,-1.2284,-0.53484,1.9437,0.24318,1.5568
2.1559,-0.4583,1.6255,-1.1251,-0.43494,1.8464,0.14024,1.4558
2.2561,-0.33825,1.7303,-1.0218,-0.33578,1.7489,0.038245,1.355
2.3541,-0.21839,1.8335,-0.91833,-0.23744,1.6512,-0.062709,1.2544
2.4499,-0.098828,1.9348,-0.81487,-0.14001,1.5534,-0.16255,1.154
2.5433,0.020371,2.0344,-0.71148,-0.043567,1.4556,-0.26118,1.0541
2.6343,0.13912,2.1319,-0.60821,0.051809,1.3579,-0.35855,0.9546
2.7228,0.25734,2.2275,-0.50515,0.14604,1.2603,-0.45456,0.85563
2.8089,0.37494,2.321,-0.40236,0.23905,1.163,-0.54913,0.75724
2.8923,0.49184,2.4124,-0.2999,0.33076,1.0659,-0.64221,0.65953
2.9731,0.60797,2.5015,-0.19785,0.42109,0.96922,-0.73371,0.56254
3.0512,0.72323,2.5884,-0.096283,0.50998,0.87299,-0.82356,0.46637
3.1266,0.83756,2.6729,0.0047471,0.59735,0.77729,-0.91169,0.37107
3.1992,0.95087,2.755,0.10517,0.68313,0.6822,-0.99805,0.2767
3.2689,1.0631,2.8346,0.20492,0.76725,0.58779,-1.0826,0.18335
3.3357,1.1741,2.9117,0.30392,0.84965,0.49414,-1.1651,0.091058
3.3996,1.2839,2.9862,0.40213,0.93027,0.40131,-1.2458,-9.9036e-05
3.4605,1.3924,3.0581,0.49947,1.009,0.30938,-1.3244,-0.090064
3.5184,1.4994,3.1272,0.59588,1.0859,0.21841,-1.4009,-0.17878
3.5733,1.605,3.1937,0.6913,1.1608,0.12847,-1.4752,-0.26618
3.6252,1.709,3.2573,0.78568,1.2337,0.039641,-1.5474,-0.35223
3.674,1.8115,3.3181,0.87894,1.3045,-0.048027,-1.6174,-0.43685
3.7196,1.9122,3.376,0.97104,1.3732,-0.13447,-1.685,-0.52001
3.7622,2.0112,3.431,1.0619,1.4397,-0.21962,-1.7503,-0.60164
3.8016,2.1083,3.4831,1.1515,1.504,-0.30342,-1.8133,-0.68171
3.8379,2.2036,3.5322,1.2398,1.566,-0.38581,-1.8739,-0.76016
3.8711,2.2969,3.5783,1.3267,1.6258,-0.46674,-1.932,-0.83696
3.9012,2.3883,3.6213,1.4121,1.6832,-0.54615,-1.9876,-0.91205
3.9281,2.4775,3.6613,1.4961,1.7383,-0.62399,-2.0408,-0.9854
3.9518,2.5647,3.6982,1.5785,1.791,-0.70021,-2.0914,-1.057
3.9725,2.6496,3.732,1.6594,1.8413,-0.77477,-2.1394,-1.1267
3.9901,2.7324,3.7627,1.7386,1.8891,-0.84761,-2.1849,-1.1946
4.0046,2.8128,3.7903,1.8162,1.9345,-0.91869,-2.2278,-1.2607
4.016,2.8909,3.8148,1.892,1.9774,-0.98798,-2.2681,-1.3248
4.0244,2.9667,3.8362,1.9662,2.0178,-1.0554,-2.3058,-1.3869
4.0298,3.04,3.8544,2.0385,2.0556,-1.121,-2.3409,-1.4471
4.0323,3.1108,3.8695,2.109,2.091,-1.1847,-2.3733,-1.5053
4.0318,3.1792,3.8815,2.1776,2.1239,-1.2464,-2.4031,-1.5615
4.0284,3.245,3.8904,2.2443,2.1542,-1.3061,-2.4303,-1.6157
4.0222,3.3082,3.8962,2.3091,2.182,-1.3639,-2.4549,-1.6678
4.0132,3.3689,3.899,2.372,2.2074,-1.4196,-2.4768,-1.7178
4.0014,3.4269,3.8987,2.4329,2.2302,-1.4733,-2.4961,-1.7658
3.987,3.4822,3.8954,2.4917,2.2505,-1.5249,-2.5128,-1.8116
3.9699,3.5349,3.8891,2.5485,2.2683,-1.5745,-2.527,-1.8554
3.9502,3.5848,3.8799,2.6033,2.2836,-1.6219,-2.5385,-1.897
3.9281,3.632,3.8677,2.656,2.2966,-1.6672,-2.5476,-1.9365
3.9034,3.6765,3.8527,2.7065,2.307,-1.7104,-2.5541,-1.9739
3.8765,3.7182,3.8348,2.755,2.3151,-1.7515,-2.5581,-2.0092
3.8472,3.7571,3.8142,2.8013,2.3208,-1.7904,-2.5596,-2.0424
3.8157,3.7932,3.7908,2.8454,2.3242,-1.8272,-2.5587,-2.0734
3.782,3.8266,3.7647,2.8874,2.3253,-1.8619,-2.5554,-2.1023
3.7463,3.8571,3.7359,2.9272,2.3241,-1.8944,-2.5498,-2.1291
3.7086,3.8849,3.7046,2.9649,2.3206,-1.9247,-2.5418,-2.1538
3.669,3.9099,3.6708,3.0003,2.315,-1.953,-2.5315,-2.1763
3.6276,3.932,3.6345,3.0335,2.3073,-1.9791,-2.519,-2.1968
3.5844,3.9514,3.5958,3.0646,2.2974,-2.0031,-2.5043,-2.2152
3.5396,3.968,3.5548,3.0934,2.2855,-2.0249,-2.4875,-2.2316
3.4932,3.9819,3.5115,3.12,2.2715,-2.0447,-2.4685,-2.2459
3.4454,3.993,3.4661,3.1444,2.2557,-2.0624,-2.4475,-2.2581
3.3962,4.0013,3.4186,3.1665,2.2379,-2.0781,-2.4245,-2.2684
3.3457,4.007,3.369,3.1865,2.2183,-2.0917,-2.3996,-2.2766
3.2941,4.0099,3.3175,3.2043,2.1969,-2.1033,-2.3728,-2.2829
3.2414,4.0102,3.2641,3.2198,2.1738,-2.1129,-2.3442,-2.2873
3.1876,4.0078,3.209,3.2332,2.149,-2.1205,-2.3138,-2.2897
3.133,4.0028,3.1521,3.2444,2.1227,-2.1262,-2.2816,-2.2901
3.0776,3.9952,3.0936,3.2534,2.0948,-2.13,-2.2479,-2.2888
3.0215,3.985,3.0336,3.2603,2.0654,-2.1319,-2.2126,-2.2855
2.9648,3.9724,2.9722,3.265,2.0347,-2.1319,-2.1757,-2.2805
2.9075,3.9572,2.9094,3.2676,2.0026,-2.1302,-2.1374,-2.2736
2.8499,3.9396,2.8454,3.268,1.9692,-2.1266,-2.0978,-2.265
2.7919,3.9195,2.7802,3.2664,1.9347,-2.1213,-2.0568,-2.2547
2.7337,3.8971,2.7139,3.2626,1.899,-2.1142,-2.0146,-2.2427
2.6754,3.8724,2.6467,3.2568,1.8623,-2.1055,-1.9712,-2.2289
2.6171,3.8454,2.5786,3.249,1.8246,-2.0952,-1.9266,-2.2136
2.5588,3.8162,2.5096,3.2391,1.786,-2.0833,-1.8811,-2.1967
2.5006,3.7848,2.44,3.2272,1.7466,-2.0698,-1.8346,-2.1782
2.4427,3.7512,2.3697,3.2133,1.7064,-2.0548,-1.7871,-2.1582
2.3851,3.7156,2.2989,3.1975,1.6655,-2.0383,-1.7389,-2.1367
2.3279,3.6779,2.2277,3.1797,1.6239,-2.0205,-1.6899,-2.1137
2.2712,3.6383,2.1562,3.1601,1.5819,-2.0012,-1.6401,-2.0893
2.215,3.5968,2.0844,3.1385,1.5393,-1.9806,-1.5898,-2.0636
2.1595,3.5534,2.0125,3.1151,1.4964,-1.9587,-1.5389,-2.0365
2.1047,3.5082,1.9404,3.0898,1.4531,-1.9356,-1.4875,-2.0081
2.0507,3.4613,1.8684,3.0628,1.4095,-1.9112,-1.4357,-1.9784
1.9976,3.4127,1.7965,3.0339,1.3658,-1.8858,-1.3836,-1.9476
1.9454,3.3625,1.7248,3.0034,1.3219,-1.8592,-1.3311,-1.9155
1.8943,3.3107,1.6534,2.9711,1.2779,-1.8316,-1.2785,-1.8823
1.8442,3.2575,1.5823,2.9371,1.234,-1.803,-1.2257,-1.848
1.7952,3.2028,1.5117,2.9015,1.1901,-1.7734,-1.1728,-1.8126
1.7474,3.1468,1.4415,2.8643,1.1464,-1.7429,-1.1198,-1.7762
1.7009,3.0895,1.372,2.8255,1.1028,-1.7115,-1.0669,-1.7389
1.6556,3.0309,1.3031,2.7852,1.0595,-1.6794,-1.0141,-1.7006
1.6117,2.9712,1.2349,2.7433,1.0165,-1.6464,-0.96145,-1.6613
1.5692,2.9104,1.1676,2.6999,0.97395,-1.6128,-0.909,-1.6213
1.5282,2.8486,1.1011,2.6552,0.93179,-1.5785,-0.85681,-1.5804
1.4886,2.7858,1.0355,2.609,0.89012,-1.5436,-0.80494,-1.5387
1.4505,2.7222,0.97097,2.5614,0.84898,-1.508,-0.75343,-1.4962
1.4139,2.6577,0.90745,2.5125,0.80844,-1.472,-0.70235,-1.4531
1.379,2.5924,0.84505,2.4623,0.76854,-1.4355,-0.65175,-1.4093
1.3456,2.5265,0.78381,2.4108,0.72933,-1.3986,-0.60166,-1.3648
1.3138,2.46,0.72378,2.3581,0.69085,-1.3612,-0.55213,-1.3198
1.2837,2.3929,0.66501,2.3042,0.65315,-1.3235,-0.50321,-1.2742
1.2553,2.3253,0.60754,2.2492,0.61627,-1.2855,-0.45495,-1.2281
1.2285,2.2573,0.55143,2.1931,0.58024,-1.2473,-0.40737,-1.1815
1.2034,2.1889,0.49669,2.1359,0.54512,-1.2088,-0.36052,-1.1345
1.1799,2.1203,0.44338,2.0777,0.51092,-1.1702,-0.31444,-1.087
1.1582,2.0515,0.39152,2.0184,0.47769,-1.1314,-0.26916,-1.0392
1.1381,1.9825,0.34115,1.9583,0.44544,-1.0926,-0.22471,-0.99108
1.1197,1.9134,0.29228,1.8972,0.41422,-1.0537,-0.18112,-0.94263
1.103,1.8442,0.24495,1.8352,0.38404,-1.0147,-0.13842,-0.89391
1.088,1.7752,0.19916,1.7724,0.35494,-0.97583,-0.09663,-0.84496
1.0745,1.7062,0.15495,1.7089,0.32692,-0.93698,-0.055782,-0.79581
1.0628,1.6373,0.11231,1.6445,0.30001,-0.89822,-0.015895,-0.74649
1.0526,1.5687,0.07127,1.5795,0.27423,-0.8596,0.023012,-0.69703
1.044,1.5004,0.031828,1.5138,0.24958,-0.82114,0.060923,-0.64747
1.0369,1.4324,-0.0060101,1.4475,0.22609,-0.78288,0.097821,-0.59784
1.0314,1.3648,-0.042243,1.3806,0.20375,-0.74484,0.13369,-0.54817
1.0274,1.2976,-0.076873,1.3131,0.18258,-0.70706,0.16853,-0.49848
1.0249,1.2309,-0.1099,1.2452,0.16257,-0.66957,0.20232,-0.44881
1.0238,1.1648,-0.14134,1.1768,0.14374,-0.6324,0.23506,-0.39918
1.024,1.0993,-0.1712,1.108,0.12608,-0.59557,0.26674,-0.34962
1.0257,1.0345,-0.1995,1.0388,0.1096,-0.55911,0.29736,-0.30017
1.0286,0.97033,-0.22624,0.96927,0.09427,-0.52305,0.32692,-0.25084
1.0327,0.90694,-0.25145,0.89946,0.080102,-0.4874,0.35542,-0.20167
1.0381,0.84435,-0.27515,0.8294,0.067084,-0.4522,0.38286,-0.15267
1.0446,0.7826,-0.29736,0.75914,0.055202,-0.41746,0.40925,-0.10388
1.0523,0.72174,-0.31811,0.68872,0.044446,-0.38321,0.43459,-0.055318
1.0609,0.66181,-0.33742,0.61818,0.034799,-0.34946,0.45889,-0.0070057
1.0706,0.60285,-0.35534,0.54757,0.026244,-0.31623,0.48217,0.041032
1.0812,0.54489,-0.37189,0.47692,0.018763,-0.28354,0.50443,0.088772
1.0927,0.48798,-0.3871,0.40628,0.012334,-0.25141,0.52569,0.13619
1.1049,0.43214,-0.40101,0.33569,0.006935,-0.21984,0.54597,0.18328
1.1179,0.37742,-0.41367,0.2652,0.0025418,-0.18887,0.56527,0.23
1.1317,0.32384,-0.42512,0.19485,-0.00087176,-0.15848,0.58362,0.27634
1.146,0.27143,-0.43538,0.12468,-0.0033333,-0.12871,0.60103,0.32228
1.1609,0.22022,-0.44452,0.054727,-0.004872,-0.099561,0.61754,0.36781
1.1762,0.17024,-0.45257,-0.014959,-0.0055183,-0.071038,0.63315,0.41289
1.192,0.12151,-0.45959,-0.084337,-0.0053044,-0.043153,0.64789,0.45753
1.2082,0.074057,-0.46562,-0.15337,-0.0042636,-0.015912,0.66179,0.50169
1.2246,0.027897,-0.4707,-0.22201,-0.0024303,0.010677,0.67488,0.54537
1.2412,-0.01695,-0.4749,-0.29021,0.00015955,0.03661,0.68717,0.58855
1.258,-0.060465,-0.47825,-0.35794,0.0034692,0.061883,0.6987,0.6312
1.2749,-0.10263,-0.48082,-0.42516,0.0074607,0.08649,0.7095,0.67333
1.2918,-0.14344,-0.48266,-0.49182,0.012095,0.11043,0.71958,0.71491
1.3086,-0.18288,-0.48382,-0.55788,0.017333,0.13371,0.729,0.75594
1.3253,-0.22094,-0.48435,-0.6233,0.023134,0.15631,0.73776,0.79639
1.3418,-0.25761,-0.48431,-0.68804,0.029457,0.17825,0.74591,0.83626
1.358,-0.29289,-0.48375,-0.75207,0.036259,0.19952,0.75348,0.87553
1.3739,-0.32676,-0.48273,-0.81534,0.043499,0.22012,0.7605,0.9142
1.3894,-0.35924,-0.4813,-0.87781,0.051133,0.24007,0.767,0.95225
1.4045,-0.39031,-0.47951,-0.93945,0.059119,0.25935,0.77302,0.98968
1.419,-0.41998,-0.47743,-1.0002,0.067412,0.27799,0.77858,1.0265
1.4329,-0.44825,-0.47511,-1.0601,0.075969,0.29597,0.78373,1.0626
1.4461,-0.47513,-0.47259,-1.119,0.084747,0.31332,0.78849,1.0981
1.4586,-0.50063,-0.46994,-1.1769,0.0937,0.33002,0.7929,1.1329
1.4704,-0.52475,-0.46721,-1.2338,0.10278,0.34611,0.79699,1.1671
1.4813,-0.54749,-0.46444,-1.2897,0.11196,0.36157,0.80079,1.2006
1.4913,-0.56888,-0.46169,-1.3444,0.12117,0.37642,0.80434,1.2334
1.5003,-0.58893,-0.45902,-1.3981,0.13039,0.39068,0.80768,1.2655
1.5083,-0.60765,-0.45646,-1.4506,0.13956,0.40434,0.81082,1.2969
1.5153,-0.62506,-0.45408,-1.5019,0.14865,0.41742,0.81382,1.3276
1.5211,-0.64117,-0.45191,-1.552,0.15761,0.42993,0.81669,1.3576
1.5258,-0.656,-0.45001,-1.6008,0.1664,0.44189,0.81947,1.3869
1.5292,-0.66958,-0.44841,-1.6484,0.17498,0.4533,0.82219,1.4155
1.5314,-0.68193,-0.44717,-1.6946,0.1833,0.46418,0.82488,1.4434
1.5323,-0.69307,-0.44632,-1.7395,0.19133,0.47454,0.82758,1.4706
1.5318,-0.70303,-0.44591,-1.7831,0.19903,0.4844,0.8303,1.497
1.5299,-0.71182,-0.44598,-1.8253,0.20636,0.49376,0.83308,1.5227
1.5266,-0.71949,-0.44656,-1.8661,0.21328,0.50265,0.83594,1.5477
1.5218,-0.72605,-0.44769,-1.9054,0.21975,0.51107,0.83892,1.5719
1.5155,-0.73154,-0.44941,-1.9433,0.22575,0.51904,0.84204,1.5954
1.5077,-0.73599,-0.45174,-1.9798,0.23123,0.52658,0.84532,1.6182
1.4983,-0.73942,-0.45473,-2.0147,0.23616,0.53371,0.84879,1.6403
1.4874,-0.74188,-0.45839,-2.0481,0.24051,0.54043,0.85246,1.6616
1.4748,-0.74339,-0.46276,-2.08,0.24425,0.54676,0.85637,1.6822
1.4606,-0.74399,-0.46785,-2.1104,0.24734,0.55272,0.86054,1.7021
1.4447,-0.74371,-0.47371,-2.1392,0.24977,0.55833,0.86497,1.7212
1.4272,-0.74259,-0.48034,-2.1665,0.2515,0.5636,0.8697,1.7396
1.408,-0.74066,-0.48776,-2.1922,0.25251,0.56854,0.87474,1.7572
1.3871,-0.73797,-0.496,-2.2162,0.25277,0.57318,0.88011,1.7742
1.3645,-0.73454,-0.50507,-2.2387,0.25225,0.57753,0.88582,1.7904
1.3402,-0.73042,-0.51498,-2.2596,0.25095,0.5816,0.89188,1.8059
1.3141,-0.72565,-0.52574,-2.2789,0.24884,0.58542,0.89831,1.8206
1.2864,-0.72025,-0.53737,-2.2966,0.24589,0.58899,0.90513,1.8347
1.257,-0.71427,-0.54986,-2.3127,0.2421,0.59233,0.91233,1.848
1.2258,-0.70775,-0.56323,-2.3272,0.23745,0.59547,0.91994,1.8606
1.193,-0.70072,-0.57747,-2.34,0.23192,0.59841,0.92795,1.8726
1.1585,-0.69323,-0.59259,-2.3513,0.2255,0.60117,0.93638,1.8838
1.1223,-0.68531,-0.60859,-2.3609,0.21819,0.60377,0.94523,1.8943
1.0845,-0.677,-0.62546,-2.3689,0.20997,0.60621,0.9545,1.9041
1.045,-0.66834,-0.6432,-2.3754,0.20083,0.60853,0.9642,1.9132
1.0039,-0.65936,-0.6618,-2.3803,0.19078,0.61072,0.97433,1.9216
0.96124,-0.65011,-0.68125,-2.3836,0.17981,0.61281,0.98489,1.9294
0.917,-0.64061,-0.70154,-2.3853,0.16791,0.61481,0.99588,1.9365
0.87123,-0.63092,-0.72265,-2.3855,0.15508,0.61673,1.0073,1.9429
0.82395,-0.62105,-0.74457,-2.3842,0.14134,0.61858,1.0191,1.9486
0.77521,-0.61105,-0.76728,-2.3813,0.12667,0.62038,1.0314,1.9537
0.72503,-0.60095,-0.79076,-2.377,0.11109,0.62215,1.044,1.9581
0.67347,-0.59078,-0.81499,-2.3712,0.094594,0.62388,1.0571,1.9619
0.62056,-0.58059,-0.83995,-2.3639,0.077201,0.6256,1.0706,1.965
0.56634,-0.57039,-0.86561,-2.3552,0.058917,0.62732,1.0844,1.9675
0.51086,-0.56023,-0.89195,-2.345,0.039752,0.62904,1.0986,1.9694
0.45417,-0.55013,-0.91894,-2.3335,0.019721,0.63078,1.1132,1.9706
0.39632,-0.54012,-0.94654,-2.3206,-0.0011636,0.63255,1.1281,1.9713
0.33736,-0.53023,-0.97472,-2.3064,-0.022885,0.63435,1.1434,1.9713
0.27735,-0.5205,-1.0035,-2.2909,-0.045425,0.63619,1.159,1.9707
0.21635,-0.51094,-1.0327,-2.2741,-0.068765,0.63808,1.1749,1.9696
0.15441,-0.50158,-1.0625,-2.256,-0.092885,0.64004,1.191,1.9678
0.091593,-0.49244,-1.0926,-2.2367,-0.11776,0.64206,1.2075,1.9655
0.027963,-0.48356,-1.1232,-2.2162,-0.14337,0.64415,1.2241,1.9626
-0.036417,-0.47495,-1.1542,-2.1946,-0.1697,0.64632,1.2411,1.9591
-0.10148,-0.46664,-1.1855,-2.1718,-0.1967,0.64857,1.2582,1.9551
-0.16716,-0.45863,-1.217,-2.148,-0.22436,0.65091,1.2755,1.9505
-0.23339,-0.45096,-1.2488,-2.1231,-0.25265,0.65334,1.2929,1.9454
-0.3001,-0.44364,-1.2808,-2.0972,-0.28153,0.65586,1.3105,1.9398
-0.36722,-0.43669,-1.3129,-2.0703,-0.31099,0.65849,1.3282,1.9336
-0.43467,-0.43012,-1.3452,-2.0425,-0.34097,0.66121,1.346,1.9269
-0.50239,-0.42395,-1.3775,-2.0137,-0.37146,0.66403,1.3639,1.9197
-0.57029,-0.41819,-1.4097,-1.9841,-0.40241,0.66695,1.3818,1.912
-0.63832,-0.41284,-1.442,-1.9537,-0.4338,0.66998,1.3997,1.9038
-0.70638,-0.40793,-1.4742,-1.9225,-0.46558,0.6731,1.4176,1.8951
-0.7744,-0.40347,-1.5062,-1.8905,-0.49771,0.67633,1.4354,1.886
-0.84231,-0.39945,-1.538,-1.8579,-0.53017,0.67966,1.4531,1.8763
-0.91003,-0.39589,-1.5696,-1.8245,-0.56291,0.68308,1.4708,1.8662
-0.97749,-0.39279,-1.601,-1.7906,-0.59589,0.6866,1.4883,1.8556
-1.0446,-0.39016,-1.6319,-1.756,-0.62907,0.69021,1.5056,1.8446
-1.1113,-0.38801,-1.6625,-1.7209,-0.66242,0.69391,1.5228,1.8331
-1.1775,-0.38633,-1.6926,-1.6853,-0.69588,0.69769,1.5397,1.8212
-1.2431,-0.38513,-1.7223,-1.6492,-0.72942,0.70155,1.5563,1.8089
-1.3081,-0.3844,-1.7514,-1.6127,-0.763,0.70549,1.5727,1.7961
-1.3723,-0.38416,-1.7799,-1.5759,-0.79657,0.70949,1.5888,1.7829
-1.4357,-0.38439,-1.8078,-1.5386,-0.83009,0.71356,1.6045,1.7693
-1.4983,-0.3851,-1.835,-1.5011,-0.86352,0.71769,1.6198,1.7553
-1.5599,-0.38628,-1.8614,-1.4633,-0.89682,0.72186,1.6347,1.7409
-1.6205,-0.38793,-1.887,-1.4253,-0.92993,0.72608,1.6492,1.7261
-1.68,-0.39005,-1.9118,-1.3871,-0.96283,0.73034,1.6632,1.711
-1.7383,-0.39263,-1.9358,-1.3488,-0.99546,0.73462,1.6766,1.6954
-1.7954,-0.39566,-1.9587,-1.3103,-1.0278,0.73893,1.6896,1.6795
-1.8511,-0.39914,-1.9807,-1.2718,-1.0598,0.74325,1.702,1.6632
-1.9055,-0.40306,-2.0017,-1.2333,-1.0913,0.74757,1.7138,1.6466
-1.9585,-0.40742,-2.0216,-1.1947,-1.1225,0.7519,1.7249,1.6296
-2.0099,-0.4122,-2.0404,-1.1562,-1.1532,0.75621,1.7355,1.6122
-2.0598,-0.4174,-2.0581,-1.1178,-1.1833,0.7605,1.7453,1.5945
-2.1081,-0.42301,-2.0745,-1.0795,-1.2129,0.76476,1.7544,1.5765
-2.1547,-0.42901,-2.0897,-1.0414,-1.2419,0.76899,1.7628,1.5582
-2.1995,-0.4354,-2.1036,-1.0034,-1.2703,0.77316,1.7704,1.5395
-2.2426,-0.44217,-2.1162,-0.96567,-1.2979,0.77729,1.7772,1.5206
-2.2838,-0.44931,-2.1275,-0.92817,-1.3249,0.78135,1.7833,1.5013
-2.3231,-0.45681,-2.1374,-0.89096,-1.3511,0.78534,1.7884,1.4817
-2.3605,-0.46465,-2.1458,-0.85407,-1.3765,0.78924,1.7927,1.4618
-2.3959,-0.47282,-2.1528,-0.81751,-1.4011,0.79306,1.7961,1.4417
-2.4293,-0.48131,-2.1583,-0.78134,-1.4249,0.79678,1.7986,1.4212
-2.4606,-0.49012,-2.1623,-0.74557,-1.4477,0.8004,1.8001,1.4005
-2.4898,-0.49922,-2.1648,-0.71023,-1.4696,0.8039,1.8007,1.3795
-2.5168,-0.50861,-2.1657,-0.67535,-1.4906,0.80728,1.8003,1.3583
-2.5417,-0.51827,-2.165,-0.64096,-1.5106,0.81053,1.7989,1.3367
-2.5645,-0.5282,-2.1627,-0.60708,-1.5296,0.81365,1.7965,1.315
-2.5849,-0.53837,-2.1588,-0.57373,-1.5475,0.81663,1.793,1.293
-2.6032,-0.54878,-2.1532,-0.54095,-1.5644,0.81945,1.7885,1.2708
-2.6192,-0.55942,-2.146,-0.50874,-1.5801,0.82213,1.7829,1.2483
-2.6329,-0.57027,-2.1371,-0.47715,-1.5948,0.82464,1.7763,1.2256
-2.6443,-0.58132,-2.1265,-0.44617,-1.6083,0.82698,1.7685,1.2027
-2.6534,-0.59256,-2.1142,-0.41585,-1.6207,0.82916,1.7596,1.1797
-2.6602,-0.60398,-2.1001,-0.38618,-1.6319,0.83116,1.7496,1.1564
-2.6647,-0.61556,-2.0844,-0.3572,-1.642,0.83298,1.7385,1.1329
-2.6669,-0.6273,-2.0669,-0.32892,-1.6508,0.83461,1.7263,1.1092
-2.6668,-0.63918,-2.0478,-0.30135,-1.6584,0.83606,1.7128,1.0854
-2.6644,-0.65119,-2.0269,-0.27451,-1.6648,0.83732,1.6983,1.0613
-2.6597,-0.66331,-2.0042,-0.24842,-1.6699,0.83839,1.6825,1.0372
-2.6527,-0.67555,-1.9799,-0.22308,-1.6738,0.83927,1.6657,1.0128
-2.6435,-0.68787,-1.9538,-0.1985,-1.6765,0.83995,1.6476,0.98838
-2.632,-0.70029,-1.926,-0.17471,-1.6779,0.84044,1.6284,0.96377
-2.6183,-0.71278,-1.8966,-0.1517,-1.678,0.84073,1.608,0.93904
-2.6024,-0.72533,-1.8654,-0.12948,-1.6769,0.84082,1.5865,0.91419
-2.5843,-0.73793,-1.8326,-0.10807,-1.6746,0.84072,1.5638,0.88922
-2.5641,-0.75058,-1.7982,-0.087472,-1.671,0.84043,1.5399,0.86415
-2.5417,-0.76325,-1.7621,-0.067685,-1.6661,0.83994,1.5149,0.83899
-2.5173,-0.77595,-1.7244,-0.048718,-1.66,0.83927,1.4888,0.81374
-2.4909,-0.78866,-1.6851,-0.030571,-1.6527,0.83841,1.4615,0.78842
-2.4625,-0.80136,-1.6442,-0.013249,-1.6441,0.83736,1.4331,0.76302
-2.4321,-0.81406,-1.6018,0.0032484,-1.6344,0.83614,1.4036,0.73757
-2.3999,-0.82673,-1.5579,0.018921,-1.6234,0.83473,1.373,0.71206
-2.3658,-0.83938,-1.5125,0.033771,-1.6113,0.83316,1.3413,0.68651
-2.3299,-0.85198,-1.4657,0.047799,-1.598,0.83142,1.3086,0.66093
-2.2923,-0.86453,-1.4175,0.06101,-1.5835,0.82952,1.2748,0.63533
-2.253,-0.87702,-1.3679,0.073407,-1.568,0.82746,1.24,0.60971
-2.212,-0.88943,-1.317,0.084996,-1.5513,0.82525,1.2042,0.58408
-2.1696,-0.90177,-1.2647,0.095784,-1.5335,0.82289,1.1674,0.55845
-2.1256,-0.91401,-1.2113,0.10578,-1.5147,0.8204,1.1296,0.53284
-2.0802,-0.92614,-1.1566,0.11499,-1.4949,0.81778,1.0909,0.50724
-2.0335,-0.93817,-1.1007,0.12342,-1.4741,0.81504,1.0513,0.48168
-1.9855,-0.95006,-1.0438,0.13109,-1.4523,0.81218,1.0109,0.45615
-1.9362,-0.96182,-0.98573,0.138,-1.4296,0.80921,0.96951,0.43066
-1.8858,-0.97344,-0.92669,0.14417,-1.406,0.80614,0.92734,0.40524
-1.8344,-0.98489,-0.86669,0.14962,-1.3815,0.80298,0.88437,0.37987
-1.782,-0.99618,-0.80578,0.15435,-1.3562,0.79974,0.84064,0.35458
-1.7286,-1.0073,-0.74401,0.15838,-1.3301,0.79642,0.79619,0.32936
-1.6744,-1.0182,-0.68145,0.16174,-1.3032,0.79303,0.75103,0.30423
-1.6195,-1.0289,-0.61814,0.16443,-1.2756,0.78958,0.70522,0.2792
-1.5639,-1.0394,-0.55415,0.16647,-1.2473,0.78608,0.65879,0.25428
-1.5077,-1.0497,-0.48954,0.16789,-1.2184,0.78254,0.61177,0.22946
-1.451,-1.0597,-0.42436,0.1687,-1.1889,0.77896,0.5642,0.20477
-1.3939,-1.0695,-0.35868,0.16893,-1.1589,0.77536,0.51612,0.1802
-1.3364,-1.079,-0.29257,0.16859,-1.1283,0.77174,0.46758,0.15577
-1.2787,-1.0882,-0.22608,0.16771,-1.0973,0.76811,0.41861,0.13147
-1.2208,-1.0972,-0.15928,0.16631,-1.0658,0.76448,0.36925,0.10733
-1.1628,-1.1058,-0.092233,0.16442,-1.034,0.76086,0.31956,0.083343
-1.1048,-1.1141,-0.025007,0.16206,-1.0018,0.75724,0.26956,0.059517
-1.0468,-1.1221,0.042333,0.15925,-0.96938,0.75365,0.21931,0.035858
-0.98906,-1.1298,0.10972,0.15602,-0.9367,0.75009,0.16884,0.012374
-0.93153,-1.1371,0.17709,0.1524,-0.90383,0.74656,0.11821,-0.01093
-0.87432,-1.144,0.24437,0.14841,-0.87082,0.74307,0.067461,-0.034048
-0.81751,-1.1505,0.31149,0.14409,-0.83771,0.73963,0.016636,-0.056975
-0.76119,-1.1567,0.3784,0.13945,-0.80455,0.73624,-0.034218,-0.079706
-0.70542,-1.1624,0.44501,0.13454,-0.7714,0.73291,-0.085054,-0.10224
-0.6503,-1.1677,0.51126,0.12937,-0.73829,0.72964,-0.13583,-0.12456
-0.5959,-1.1725,0.57709,0.12397,-0.70527,0.72644,-0.18648,-0.14667
-0.5423,-1.1769,0.64243,0.11838,-0.6724,0.7233,-0.23699,-0.16858
-0.48956,-1.1809,0.7072,0.11263,-0.63971,0.72025,-0.28728,-0.19026
-0.43777,-1.1843,0.77134,0.10674,-0.60726,0.71727,-0.33732,-0.21172
-0.38699,-1.1873,0.83479,0.10075,-0.57509,0.71438,-0.38707,-0.23296
-0.33729,-1.1897,0.89748,0.09468,-0.54324,0.71156,-0.43646,-0.25396
-0.28874,-1.1916,0.95934,0.088569,-0.51177,0.70884,-0.48547,-0.27474
-0.24142,-1.193,1.0203,0.082446,-0.4807,0.7062,-0.53403,-0.29529
-0.19537,-1.1939,1.0803,0.07634,-0.4501,0.70364,-0.5821,-0.3156
-0.15067,-1.1941,1.1393,0.070283,-0.41999,0.70118,-0.62965,-0.33568
-0.10736,-1.1938,1.1972,0.064303,-0.39042,0.6988,-0.67661,-0.35551
-0.065522,-1.1929,1.254,0.058433,-0.36144,0.6965,-0.72296,-0.37511
-0.025195,-1.1915,1.3095,0.052702,-0.33307,0.6943,-0.76864,-0.39447
0.013565,-1.1894,1.3638,0.047139,-0.30537,0.69217,-0.8136,-0.41358
0.050707,-1.1866,1.4168,0.041775,-0.27836,0.69013,-0.85781,-0.43246
0.086185,-1.1833,1.4684,0.036638,-0.25208,0.68816,-0.90123,-0.45109
0.11995,-1.1793,1.5185,0.031758,-0.22657,0.68627,-0.94381,-0.46948
0.15197,-1.1746,1.5672,0.027163,-0.20187,0.68444,-0.9855,-0.48762
0.1822,-1.1693,1.6143,0.022881,-0.17799,0.68269,-1.0263,-0.50553
0.2106,-1.1634,1.6598,0.018938,-0.15498,0.68099,-1.0661,-0.5232
0.23714,-1.1567,1.7037,0.015363,-0.13287,0.67935,-1.1049,-0.54062
0.26179,-1.1494,1.7458,0.012182,-0.11167,0.67775,-1.1427,-0.55781
0.28452,-1.1413,1.7863,0.0094187,-0.091427,0.6762,-1.1794,-0.57476
0.30531,-1.1326,1.8249,0.0070994,-0.072153,0.67468,-1.2151,-0.59148
0.32413,-1.1232,1.8617,0.0052479,-0.053874,0.6732,-1.2496,-0.60796
0.34097,-1.1131,1.8967,0.0038872,-0.036613,0.67173,-1.2829,-0.62421
0.35582,-1.1022,1.9297,0.00304,-0.020388,0.67027,-1.315,-0.64022
0.36865,-1.0906,1.9608,0.0027277,-0.0052181,0.66881,-1.3459,-0.65601
0.37947,-1.0784,1.9899,0.0029709,0.0088805,0.66735,-1.3755,-0.67158
0.38826,-1.0654,2.017,0.0037893,0.021893,0.66587,-1.4039,-0.68692
0.39502,-1.0517,2.0421,0.0052015,0.033808,0.66437,-1.4309,-0.70204
0.39976,-1.0372,2.0651,0.0072252,0.044614,0.66282,-1.4566,-0.71695
0.40247,-1.0221,2.0859,0.0098768,0.054301,0.66123,-1.481,-0.73164
0.40317,-1.0062,2.1047,0.013172,0.062864,0.65958,-1.5039,-0.74611
0.40186,-0.98963,2.1213,0.017125,0.070295,0.65786,-1.5255,-0.76038
0.39856,-0.97234,2.1358,0.021749,0.076593,0.65606,-1.5457,-0.77445
0.39329,-0.95435,2.148,0.027056,0.081756,0.65416,-1.5645,-0.78831
0.38605,-0.93565,2.1581,0.033056,0.085783,0.65216,-1.5818,-0.80197
0.37689,-0.91625,2.166,0.039761,0.088679,0.65003,-1.5976,-0.81544
0.36581,-0.89617,2.1716,0.047177,0.090446,0.64778,-1.612,-0.82871
0.35285,-0.87541,2.175,0.055312,0.09109,0.64538,-1.625,-0.8418
0.33805,-0.85397,2.1762,0.064172,0.090622,0.64282,-1.6364,-0.8547
0.32143,-0.83186,2.1752,0.073761,0.089049,0.64009,-1.6464,-0.86742
0.30304,-0.80911,2.1719,0.084083,0.086384,0.63718,-1.6549,-0.87996
0.28291,-0.7857,2.1664,0.09514,0.082641,0.63407,-1.6619,-0.89233
0.26108,-0.76167,2.1587,0.10693,0.077835,0.63074,-1.6675,-0.90453
0.23761,-0.73701,2.1488,0.11946,0.071984,0.62719,-1.6715,-0.91656
0.21255,-0.71174,2.1366,0.13272,0.065108,0.6234,-1.6741,-0.92843
0.18593,-0.68587,2.1223,0.14671,0.057227,0.61936,-1.6752,-0.94014
0.15782,-0.65943,2.1058,0.16143,0.048364,0.61505,-1.6749,-0.9517
0.12827,-0.63241,2.0872,0.17686,0.038545,0.61046,-1.6731,-0.96311
0.097345,-0.60485,2.0664,0.19301,0.027795,0.60557,-1.6699,-0.97437
0.065099,-0.57674,2.0435,0.20987,0.016143,0.60037,-1.6653,-0.98549
0.031597,-0.54811,2.0185,0.22742,0.0036182,0.59485,-1.6593,-0.99646
-0.0030944,-0.51898,1.9915,0.24566,-0.0097474,0.58899,-1.6519,-1.0073
-0.03891,-0.48936,1.9624,0.26457,-0.023921,0.58279,-1.6431,-1.018
-0.075779,-0.45927,1.9313,0.28414,-0.038867,0.57622,-1.633,-1.0286
-0.11363,-0.42873,1.8983,0.30436,-0.054551,0.56927,-1.6216,-1.0391
-0.15239,-0.39775,1.8634,0.32521,-0.070934,0.56192,-1.6089,-1.0494
-0.19199,-0.36635,1.8266,0.34668,-0.087978,0.55418,-1.5949,-1.0597
-0.23235,-0.33456,1.7879,0.36875,-0.10564,0.54602,-1.5798,-1.0698
-0.27339,-0.30238,1.7475,0.3914,-0.12388,0.53742,-1.5634,-1.0798
-0.31504,-0.26985,1.7053,0.41461,-0.14266,0.52839,-1.5458,-1.0898
-0.35721,-0.23697,1.6615,0.43836,-0.16193,0.51889,-1.5272,-1.0996
-0.39982,-0.20378,1.616,0.46263,-0.18164,0.50893,-1.5074,-1.1094
-0.44279,-0.17028,1.5689,0.48741,-0.20176,0.49849,-1.4866,-1.119
-0.48604,-0.1365,1.5202,0.51266,-0.22222,0.48756,-1.4647,-1.1286
-0.52949,-0.10245,1.4701,0.53837,-0.24299,0.47612,-1.4419,-1.1381
-0.57304,-0.06816,1.4186,0.56451,-0.26401,0.46417,-1.4182,-1.1476
-0.61662,-0.033647,1.3658,0.59106,-0.28523,0.45169,-1.3936,-1.157
-0.66013,0.0010718,1.3116,0.61798,-0.30661,0.43867,-1.3681,-1.1663
-0.7035,0.035976,1.2562,0.64527,-0.32808,0.42511,-1.3419,-1.1756
-0.74664,0.071046,1.1997,0.67288,-0.34961,0.41099,-1.3149,-1.1849
-0.78945,0.10626,1.1421,0.7008,-0.37113,0.3963,-1.2872,-1.1941
-0.83186,0.14161,1.0834,0.729,-0.39259,0.38103,-1.2589,-1.2033
-0.87378,0.17706,1.0238,0.75745,-0.41394,0.36518,-1.23,-1.2124
-0.91512,0.21261,0.96336,0.78612,-0.43512,0.34874,-1.2006,-1.2216
-0.9558,0.24823,0.90209,0.81498,-0.45608,0.33169,-1.1706,-1.2307
-0.99574,0.28391,0.84009,0.84401,-0.47677,0.31403,-1.1403,-1.2399
-1.0348,0.31962,0.77743,0.87318,-0.49713,0.29575,-1.1096,-1.249
-1.073,0.35535,0.7142,0.90246,-0.5171,0.27685,-1.0786,-1.2582
-1.1102,0.39109,0.65047,0.93183,-0.53663,0.25731,-1.0473,-1.2674
-1.1463,0.42681,0.58632,0.96125,-0.55566,0.23714,-1.0158,-1.2766
-1.1813,0.4625,0.52183,0.99069,-0.57415,0.21633,-0.9842,-1.2859
-1.215,0.49815,0.45707,1.0201,-0.59203,0.19486,-0.95251,-1.2952
-1.2474,0.53373,0.39214,1.0495,-0.60926,0.17274,-0.92081,-1.3046
-1.2784,0.56924,0.32711,1.0789,-0.62577,0.14996,-0.88914,-1.3141
-1.308,0.60466,0.26205,1.1082,-0.64152,0.12652,-0.85758,-1.3236
-1.336,0.63998,0.19706,1.1373,-0.65646,0.10242,-0.82619,-1.3332
-1.3624,0.67517,0.13221,1.1664,-0.67052,0.077646,-0.79501,-1.3429
-1.3871,0.71024,0.067589,1.1952,-0.68367,0.052204,-0.76413,-1.3528
-1.4101,0.74516,0.0032706,1.2239,-0.69585,0.026091,-0.73358,-1.3627
-1.4313,0.77992,-0.060661,1.2523,-0.70701,-0.00069433,-0.70344,-1.3728
-1.4506,0.81451,-0.12412,1.2805,-0.7171,-0.028152,-0.67377,-1.383
-1.468,0.84892,-0.18704,1.3084,-0.72609,-0.056282,-0.64462,-1.3933
-1.4834,0.88313,-0.24933,1.3361,-0.73391,-0.085084,-0.61606,-1.4038
-1.4967,0.91715,-0.31091,1.3634,-0.74053,-0.11456,-0.58814,-1.4145
-1.5079,0.95094,-0.3717,1.3904,-0.7459,-0.14469,-0.56092,-1.4253
-1.517,0.98452,-0.43163,1.417,-0.74997,-0.1755,-0.53445,-1.4364
-1.5239,1.0179,-0.49062,1.4432,-0.75272,-0.20696,-0.50881,-1.4476
-1.5285,1.051,-0.5486,1.469,-0.7541,-0.23909,-0.48403,-1.459
-1.5309,1.0838,-0.60548,1.4944,-0.75407,-0.27186,-0.46018,-1.4707
-1.5309,1.1164,-0.66119,1.5194,-0.75259,-0.30528,-0.43731,-1.4825
-1.5286,1.1487,-0.71566,1.5439,-0.74964,-0.33935,-0.41547,-1.4946
-1.5238,1.1807,-0.76883,1.5679,-0.74517,-0.37404,-0.39471,-1.5069
-1.5167,1.2125,-0.82061,1.5914,-0.73916,-0.40936,-0.37509,-1.5195
-1.5071,1.244,-0.87095,1.6143,-0.73158,-0.4453,-0.35664,-1.5324
