0.033619,-0.31569,1.6912,-0.65487,0.75373,0.35054,-0.96266,0.22301
-0.080523,-0.26695,1.5904,-0.62021,0.68218,0.35502,-0.89485,0.22767
-0.19428,-0.21785,1.4889,-0.58437,0.61071,0.35859,-0.82693,0.23165
-0.30759,-0.16848,1.3867,-0.54739,0.53935,0.36128,-0.75894,0.23498
-0.42038,-0.11892,1.284,-0.50935,0.46812,0.36313,-0.69089,0.23769
-0.5326,-0.069253,1.1807,-0.4703,0.39703,0.36417,-0.62281,0.23981
-0.64419,-0.019571,1.0769,-0.43032,0.32612,0.36445,-0.55472,0.24137
-0.75507,0.030043,0.97266,-0.38947,0.25541,0.36398,-0.48665,0.2424
-0.86519,0.079503,0.86803,-0.34781,0.18493,0.36282,-0.41862,0.24294
-0.97448,0.12872,0.76308,-0.30543,0.11468,0.36099,-0.35066,0.243
-1.0829,0.17762,0.65784,-0.26239,0.044711,0.35854,-0.2828,0.24264
-1.1903,0.2261,0.55237,-0.21877,-0.024968,0.35551,-0.21505,0.24187
-1.2967,0.27409,0.44673,-0.17464,-0.09433,0.35194,-0.14745,0.24074
-1.402,0.32151,0.34098,-0.13007,-0.16335,0.34787,-0.080025,0.23927
-1.5062,0.36826,0.23517,-0.08514,-0.232,0.34334,-0.012794,0.2375
-1.6091,0.41427,0.12937,-0.039928,-0.30026,0.33839,0.054213,0.23547
-1.7108,0.45946,0.023631,0.0054906,-0.36811,0.33307,0.12097,0.2332
-1.8111,0.50375,-0.081981,0.051038,-0.43551,0.32741,0.18745,0.23074
-1.9099,0.54707,-0.18741,0.096637,-0.50245,0.32146,0.25362,0.22811
-2.0073,0.58932,-0.29258,0.14221,-0.56889,0.31526,0.31946,0.22536
-2.1031,0.63045,-0.39744,0.18768,-0.63482,0.30886,0.38494,0.2225
-2.1973,0.67038,-0.50193,0.23296,-0.7002,0.30229,0.45003,0.21959
-2.2898,0.70904,-0.60597,0.27798,-0.76501,0.2956,0.5147,0.21665
-2.3806,0.74635,-0.7095,0.32266,-0.82923,0.28883,0.57892,0.21371
-2.4695,0.78226,-0.81245,0.36693,-0.89282,0.28203,0.64267,0.21081
-2.5566,0.81669,-0.91476,0.4107,-0.95575,0.27522,0.7059,0.20798
-2.6417,0.8496,-1.0164,0.4539,-1.018,0.26846,0.76861,0.20524
-2.7247,0.88091,-1.1172,0.49646,-1.0795,0.26179,0.83074,0.20264
-2.8057,0.91057,-1.2172,0.53829,-1.1404,0.25523,0.89228,0.20021
-2.8846,0.93852,-1.3162,0.57933,-1.2004,0.24884,0.95319,0.19796
-2.9612,0.96473,-1.4143,0.6195,-1.2596,0.24264,1.0134,0.19594
-3.0356,0.98913,-1.5113,0.65874,-1.3181,0.23668,1.073,0.19416
-3.1076,1.0117,-1.6072,0.69696,-1.3756,0.231,1.1318,0.19266
-3.1773,1.0323,-1.7018,0.73411,-1.4323,0.22561,1.1899,0.19146
-3.2444,1.0511,-1.7953,0.77011,-1.4881,0.22057,1.2472,0.19059
-3.3091,1.0678,-1.8873,0.8049,-1.5429,0.21589,1.3036,0.19008
-3.3712,1.0826,-1.978,0.83842,-1.5967,0.21162,1.3592,0.18994
-3.4307,1.0954,-2.0671,0.8706,-1.6495,0.20778,1.414,0.19019
-3.4874,1.106,-2.1547,0.90138,-1.7013,0.2044,1.4677,0.19086
-3.5415,1.1147,-2.2407,0.93071,-1.752,0.20151,1.5206,0.19198
-3.5927,1.1212,-2.325,0.95853,-1.8016,0.19912,1.5724,0.19354
-3.6411,1.1256,-2.4075,0.98479,-1.85,0.19728,1.6232,0.19558
-3.6866,1.1279,-2.4882,1.0094,-1.8973,0.19599,1.673,0.19812
-3.7291,1.128,-2.567,1.0324,-1.9434,0.19527,1.7217,0.20115
-3.7687,1.1261,-2.6437,1.0537,-1.9882,0.19516,1.7692,0.2047
-3.8052,1.122,-2.7185,1.0732,-2.0318,0.19565,1.8156,0.20878
-3.8387,1.1157,-2.7911,1.091,-2.0741,0.19677,1.8607,0.21339
-3.869,1.1074,-2.8615,1.1069,-2.115,0.19854,1.9047,0.21855
-3.8961,1.0969,-2.9297,1.1209,-2.1545,0.20095,1.9473,0.22426
-3.92,1.0843,-2.9956,1.1331,-2.1927,0.20403,1.9887,0.23053
-3.9408,1.0697,-3.0591,1.1433,-2.2294,0.20777,2.0287,0.23737
-3.9582,1.053,-3.1201,1.1516,-2.2647,0.21219,2.0674,0.24476
-3.9723,1.0342,-3.1787,1.1579,-2.2984,0.21728,2.1046,0.25272
-3.9831,1.0135,-3.2346,1.1622,-2.3306,0.22305,2.1404,0.26124
-3.9906,0.99075,-3.288,1.1645,-2.3613,0.22951,2.1748,0.27032
-3.9947,0.96609,-3.3386,1.1649,-2.3903,0.23663,2.2076,0.27996
-3.9953,0.93954,-3.3866,1.1631,-2.4177,0.24443,2.2389,0.29014
-3.9926,0.91114,-3.4317,1.1594,-2.4435,0.25289,2.2687,0.30086
-3.9864,0.88093,-3.474,1.1536,-2.4676,0.262,2.2968,0.31211
-3.9768,0.84897,-3.5134,1.1458,-2.4899,0.27176,2.3233,0.32389
-3.9637,0.81531,-3.5498,1.136,-2.5105,0.28215,2.3482,0.33616
-3.9471,0.78001,-3.5833,1.1241,-2.5294,0.29315,2.3713,0.34893
-3.9271,0.74313,-3.6137,1.1102,-2.5464,0.30476,2.3927,0.36218
-3.9036,0.70472,-3.6411,1.0944,-2.5616,0.31695,2.4124,0.37587
-3.8766,0.66487,-3.6653,1.0766,-2.575,0.32969,2.4303,0.39001
-3.8462,0.62363,-3.6863,1.0568,-2.5865,0.34298,2.4464,0.40456
-3.8123,0.58108,-3.7042,1.0351,-2.596,0.35677,2.4607,0.4195
-3.775,0.5373,-3.7189,1.0115,-2.6037,0.37105,2.4732,0.43481
-3.7342,0.49236,-3.7302,0.98601,-2.6094,0.3858,2.4837,0.45046
-3.69,0.44635,-3.7384,0.95872,-2.6131,0.40096,2.4924,0.46642
-3.6424,0.39934,-3.7432,0.92963,-2.6148,0.41653,2.4991,0.48267
-3.5914,0.35142,-3.7446,0.89881,-2.6146,0.43246,2.5039,0.49917
-3.537,0.30269,-3.7427,0.86628,-2.6123,0.44871,2.5067,0.51589
-3.4794,0.25322,-3.7375,0.8321,-2.6079,0.46526,2.5076,0.53279
-3.4184,0.20311,-3.7289,0.79632,-2.6015,0.48206,2.5065,0.54986
-3.3542,0.15246,-3.7169,0.75899,-2.593,0.49907,2.5033,0.56703
-3.2867,0.10136,-3.7015,0.72018,-2.5825,0.51625,2.4982,0.58429
-3.2161,0.049902,-3.6826,0.67994,-2.5698,0.53356,2.491,0.60159
-3.1423,-0.0018109,-3.6604,0.63834,-2.5551,0.55095,2.4817,0.61889
-3.0654,-0.053682,-3.6348,0.59544,-2.5382,0.56839,2.4704,0.63614
-2.9855,-0.10561,-3.6058,0.55132,-2.5193,0.58582,2.457,0.65332
-2.9026,-0.15749,-3.5734,0.50604,-2.4981,0.60319,2.4416,0.67037
-2.8167,-0.20923,-3.5376,0.45969,-2.4749,0.62046,2.424,0.68726
-2.728,-0.26072,-3.4985,0.41233,-2.4496,0.63758,2.4044,0.70393
-2.6364,-0.31186,-3.456,0.36405,-2.4221,0.6545,2.3827,0.72035
-2.542,-0.36255,-3.4102,0.31493,-2.3924,0.67116,2.3589,0.73646
-2.445,-0.41268,-3.3611,0.26505,-2.3607,0.68752,2.333,0.75222
-2.3453,-0.46215,-3.3087,0.2145,-2.3268,0.70352,2.3051,0.76758
-2.243,-0.51086,-3.2531,0.16336,-2.2908,0.71911,2.275,0.7825
-2.1383,-0.5587,-3.1942,0.11173,-2.2528,0.73424,2.2429,0.79693
-2.0311,-0.60558,-3.1322,0.059689,-2.2126,0.74886,2.2087,0.81081
-1.9216,-0.65139,-3.067,0.0073356,-2.1703,0.7629,2.1725,0.8241
-1.8098,-0.69604,-2.9988,-0.045238,-2.1259,0.77631,2.1341,0.83676
-1.6958,-0.73942,-2.9275,-0.097937,-2.0795,0.78905,2.0938,0.84872
-1.5798,-0.78144,-2.8532,-0.15067,-2.0311,0.80106,2.0514,0.85995
-1.4617,-0.822,-2.7759,-0.20333,-1.9806,0.81228,2.007,0.87039
-1.3416,-0.86101,-2.6957,-0.25583,-1.9281,0.82266,1.9606,0.88
-1.2198,-0.89837,-2.6127,-0.30807,-1.8736,0.83215,1.9123,0.88872
-1.0961,-0.93401,-2.5269,-0.35995,-1.8172,0.84069,1.862,0.89651
-0.9708,-0.96782,-2.4384,-0.41138,-1.7588,0.84823,1.8097,0.90332
-0.84391,-0.99972,-2.3472,-0.46224,-1.6985,0.85472,1.7555,0.9091
-0.71554,-1.0296,-2.2534,-0.51246,-1.6363,0.86012,1.6995,0.9138
-0.58577,-1.0575,-2.1571,-0.56192,-1.5723,0.86436,1.6415,0.91739
-0.4547,-1.0832,-2.0584,-0.61053,-1.5064,0.8674,1.5817,0.91981
-0.32244,-1.1066,-1.9572,-0.6582,-1.4387,0.86919,1.5202,0.92101
-0.18908,-1.1278,-1.8538,-0.70482,-1.3693,0.86969,1.4568,0.92097
-0.054716,-1.1466,-1.7481,-0.7503,-1.2982,0.86885,1.3917,0.91962
0.080553,-1.163,-1.6403,-0.79455,-1.2253,0.86662,1.3248,0.91693
0.21662,-1.1769,-1.5304,-0.83747,-1.1508,0.86297,1.2563,0.91287
0.3534,-1.1882,-1.4185,-0.87897,-1.0747,0.85784,1.1862,0.90738
0.49077,-1.197,-1.3047,-0.91896,-0.99707,0.85121,1.1144,0.90043
0.62865,-1.2031,-1.1891,-0.95735,-0.91788,0.84302,1.0411,0.89199
0.76692,-1.2065,-1.0717,-0.99406,-0.83719,0.83325,0.96622,0.88202
0.90549,-1.2071,-0.95273,-1.029,-0.75508,0.82187,0.88987,0.87049
1.0442,-1.205,-0.83218,-1.0621,-0.67157,0.80883,0.81207,0.85736
1.1831,-1.2001,-0.71018,-1.0932,-0.58671,0.79411,0.73287,0.84261
1.3219,-1.1923,-0.5868,-1.1224,-0.50057,0.77768,0.65232,0.8262
1.4606,-1.1816,-0.46215,-1.1494,-0.41318,0.75951,0.57045,0.80811
1.5991,-1.1681,-0.33632,-1.1743,-0.32459,0.73958,0.48732,0.78832
1.7373,-1.1517,-0.20941,-1.197,-0.23488,0.71787,0.40297,0.7668
1.8751,-1.1323,-0.081505,-1.2173,-0.14407,0.69436,0.31746,0.74354
2.0123,-1.11,0.047291,-1.2353,-0.052243,0.66904,0.23083,0.71851
2.1489,-1.0848,0.17688,-1.2509,0.04056,0.64188,0.14314,0.6917
2.2848,-1.0567,0.30717,-1.264,0.13428,0.61287,0.054443,0.66309
2.4198,-1.0257,0.43805,-1.2746,0.22885,0.58202,-0.035213,0.63268
2.554,-0.99172,0.56944,-1.2826,0.32422,0.5493,-0.12577,0.60046
2.6871,-0.95488,0.70122,-1.2879,0.42032,0.51472,-0.21717,0.56641
2.819,-0.91517,0.83331,-1.2906,0.5171,0.47828,-0.30936,0.53055
2.9498,-0.87261,0.96559,-1.2906,0.61449,0.43999,-0.40228,0.49285
3.0792,-0.82724,1.098,-1.2878,0.71243,0.39983,-0.49588,0.45334
3.2073,-0.77908,1.2304,-1.2823,0.81085,0.35783,-0.59008,0.412
3.3338,-0.72818,1.3627,-1.2739,0.9097,0.31399,-0.68484,0.36885
3.4587,-0.67457,1.4948,-1.2628,1.0089,0.26832,-0.7801,0.32389
3.582,-0.61831,1.6266,-1.2488,1.1084,0.22085,-0.87578,0.27715
3.7034,-0.55945,1.758,-1.2319,1.2081,0.1716,-0.97184,0.22862
3.823,-0.49804,1.889,-1.2122,1.308,0.12058,-1.0682,0.17834
3.9407,-0.43414,2.0193,-1.1896,1.4079,0.067815,-1.1648,0.12632
4.0563,-0.36781,2.149,-1.1641,1.5079,0.013342,-1.2616,0.072578
4.1698,-0.29913,2.2779,-1.1357,1.6078,-0.042812,-1.3585,0.017147
4.2811,-0.22815,2.4059,-1.1045,1.7076,-0.10061,-1.4554,-0.039947
4.3901,-0.15497,2.533,-1.0705,1.8072,-0.16002,-1.5524,-0.098672
4.4967,-0.079649,2.659,-1.0336,1.9066,-0.221,-1.6492,-0.159
4.6009,-0.0022771,2.7838,-0.99384,2.0056,-0.28351,-1.746,-0.22088
4.7026,0.077063,2.9074,-0.95134,2.1042,-0.34751,-1.8425,-0.28429
4.8017,0.15828,3.0297,-0.90608,2.2024,-0.41294,-1.9387,-0.34918
4.8982,0.24129,3.1506,-0.8581,2.3,-0.47976,-2.0346,-0.41551
4.9919,0.32599,3.2699,-0.80742,2.3971,-0.54791,-2.1301,-0.48324
5.0828,0.41229,3.3877,-0.7541,2.4934,-0.61734,-2.2251,-0.5523
5.1709,0.50009,3.5038,-0.69818,2.589,-0.68799,-2.3195,-0.62266
5.256,0.58928,3.6181,-0.6397,2.6838,-0.75981,-2.4134,-0.69425
5.3382,0.67977,3.7306,-0.57873,2.7777,-0.83272,-2.5066,-0.76703
5.4174,0.77144,3.8412,-0.51532,2.8707,-0.90668,-2.5991,-0.84093
5.4934,0.86419,3.9498,-0.44953,2.9626,-0.9816,-2.6907,-0.91589
5.5663,0.95791,4.0563,-0.38142,3.0534,-1.0574,-2.7815,-0.99186
5.636,1.0525,4.1607,-0.31107,3.1431,-1.1341,-2.8713,-1.0688
5.7025,1.1478,4.2628,-0.23854,3.2316,-1.2115,-2.9602,-1.1465
5.7657,1.2438,4.3626,-0.16392,3.3188,-1.2896,-3.048,-1.2251
5.8255,1.3402,4.4601,-0.087276,3.4046,-1.3683,-3.1347,-1.3044
5.882,1.4371,4.5552,-0.0086944,3.489,-1.4476,-3.2202,-1.3844
5.9351,1.5342,4.6477,0.071741,3.5719,-1.5273,-3.3044,-1.465
5.9848,1.6315,4.7377,0.15394,3.6533,-1.6074,-3.3874,-1.5461
6.031,1.7289,4.8251,0.23782,3.7331,-1.6878,-3.4689,-1.6276
6.0736,1.8262,4.9098,0.32328,3.8112,-1.7685,-3.5491,-1.7095
6.1128,1.9233,4.9917,0.41023,3.8876,-1.8492,-3.6277,-1.7917
6.1484,2.0201,5.0708,0.49857,3.9622,-1.9301,-3.7048,-1.8741
6.1804,2.1164,5.1472,0.5882,4.035,-2.0109,-3.7804,-1.9567
6.2088,2.2123,5.2206,0.67902,4.1058,-2.0916,-3.8542,-2.0392
6.2337,2.3074,5.291,0.77093,4.1748,-2.1721,-3.9264,-2.1218
6.2549,2.4019,5.3585,0.86382,4.2417,-2.2523,-3.9967,-2.2042
6.2725,2.4954,5.4229,0.95759,4.3065,-2.3322,-4.0653,-2.2865
6.2864,2.5879,5.4842,1.0521,4.3693,-2.4116,-4.132,-2.3685
6.2967,2.6793,5.5425,1.1473,4.4299,-2.4905,-4.1968,-2.4501
6.3034,2.7696,5.5975,1.243,4.4883,-2.5688,-4.2596,-2.5313
6.3064,2.8585,5.6494,1.3392,4.5445,-2.6464,-4.3204,-2.612
6.3058,2.9459,5.698,1.4357,4.5983,-2.7233,-4.3792,-2.692
6.3016,3.0319,5.7434,1.5324,4.6499,-2.7992,-4.4359,-2.7714
6.2937,3.1162,5.7856,1.6292,4.6991,-2.8743,-4.4904,-2.8501
6.2822,3.1987,5.8244,1.726,4.7458,-2.9483,-4.5427,-2.9279
6.2672,3.2795,5.8598,1.8227,4.7902,-3.0212,-4.5929,-3.0047
6.2486,3.3583,5.892,1.9192,4.832,-3.093,-4.6407,-3.0806
6.2264,3.4351,5.9207,2.0153,4.8714,-3.1635,-4.6863,-3.1554
6.2006,3.5099,5.9461,2.1109,4.9082,-3.2326,-4.7296,-3.229
6.1714,3.5824,5.9681,2.206,4.9425,-3.3004,-4.7705,-3.3014
6.1387,3.6527,5.9866,2.3003,4.9741,-3.3667,-4.809,-3.3726
6.1025,3.7206,6.0018,2.3939,5.0032,-3.4315,-4.8451,-3.4423
6.0629,3.7861,6.0135,2.4866,5.0296,-3.4947,-4.8788,-3.5106
6.02,3.8492,6.0218,2.5783,5.0534,-3.5561,-4.91,-3.5774
5.9736,3.9096,6.0267,2.6689,5.0745,-3.6159,-4.9387,-3.6425
5.924,3.9675,6.0282,2.7582,5.0929,-3.6738,-4.9649,-3.7061
5.8711,4.0226,6.0262,2.8462,5.1087,-3.7299,-4.9886,-3.7679
5.815,4.0751,6.0209,2.9329,5.1217,-3.7841,-5.0098,-3.828
5.7557,4.1247,6.0121,3.018,5.132,-3.8363,-5.0284,-3.8862
5.6933,4.1715,5.9999,3.1014,5.1396,-3.8864,-5.0444,-3.9425
5.6279,4.2154,5.9844,3.1832,5.1445,-3.9345,-5.0579,-3.9968
5.5593,4.2564,5.9655,3.2632,5.1466,-3.9805,-5.0688,-4.0492
5.4879,4.2944,5.9432,3.3413,5.1461,-4.0243,-5.0771,-4.0995
5.4135,4.3294,5.9177,3.4174,5.1428,-4.0658,-5.0828,-4.1477
5.3362,4.3614,5.8888,3.4915,5.1368,-4.1052,-5.0859,-4.1937
5.2562,4.3903,5.8566,3.5634,5.1281,-4.1422,-5.0864,-4.2376
5.1734,4.4161,5.8212,3.6331,5.1168,-4.1769,-5.0843,-4.2792
5.088,4.4389,5.7826,3.7006,5.1027,-4.2093,-5.0797,-4.3185
4.9999,4.4585,5.7407,3.7656,5.086,-4.2392,-5.0724,-4.3555
4.9093,4.475,5.6958,3.8282,5.0667,-4.2668,-5.0626,-4.3902
4.8163,4.4884,5.6477,3.8884,5.0447,-4.2919,-5.0502,-4.4225
4.7208,4.4987,5.5965,3.9459,5.0201,-4.3146,-5.0353,-4.4524
4.623,4.5058,5.5422,4.0009,4.9929,-4.3348,-5.0179,-4.4798
4.523,4.5098,5.485,4.0532,4.9632,-4.3525,-4.9979,-4.5048
4.4207,4.5107,5.4248,4.1027,4.931,-4.3677,-4.9754,-4.5273
4.3164,4.5084,5.3617,4.1495,4.8962,-4.3804,-4.9505,-4.5474
4.21,4.5031,5.2957,4.1935,4.859,-4.3907,-4.9231,-4.5649
4.1016,4.4947,5.2269,4.2346,4.8194,-4.3984,-4.8933,-4.5799
3.9913,4.4833,5.1553,4.2728,4.7774,-4.4036,-4.861,-4.5923
3.8793,4.4688,5.081,4.3081,4.733,-4.4062,-4.8264,-4.6023
3.7655,4.4514,5.004,4.3404,4.6862,-4.4064,-4.7894,-4.6097
3.65,4.431,4.9244,4.3697,4.6372,-4.4041,-4.7501,-4.6145
3.533,4.4076,4.8423,4.396,4.586,-4.3994,-4.7086,-4.6168
3.4144,4.3814,4.7577,4.4193,4.5326,-4.3921,-4.6647,-4.6166
3.2945,4.3523,4.6706,4.4395,4.477,-4.3824,-4.6187,-4.6138
3.1732,4.3204,4.5812,4.4566,4.4193,-4.3703,-4.5704,-4.6086
3.0506,4.2857,4.4894,4.4707,4.3596,-4.3558,-4.52,-4.6008
2.9268,4.2484,4.3954,4.4818,4.2978,-4.3389,-4.4675,-4.5905
2.802,4.2083,4.2992,4.4897,4.2341,-4.3196,-4.413,-4.5777
2.6761,4.1657,4.2009,4.4946,4.1685,-4.298,-4.3564,-4.5625
2.5493,4.1204,4.1005,4.4963,4.101,-4.2741,-4.2978,-4.5449
2.4216,4.0727,3.9982,4.4951,4.0318,-4.248,-4.2373,-4.5248
2.2931,4.0226,3.8939,4.4907,3.9608,-4.2196,-4.1749,-4.5023
2.164,3.97,3.7878,4.4834,3.8881,-4.189,-4.1107,-4.4775
2.0342,3.9151,3.6798,4.473,3.8137,-4.1563,-4.0446,-4.4503
1.9038,3.858,3.5702,4.4596,3.7378,-4.1214,-3.9768,-4.4208
1.773,3.7987,3.459,4.4432,3.6604,-4.0845,-3.9073,-4.3891
1.6417,3.7372,3.3461,4.4239,3.5815,-4.0456,-3.8362,-4.3551
1.5102,3.6736,3.2318,4.4016,3.5012,-4.0046,-3.7634,-4.3189
1.3784,3.6081,3.1161,4.3765,3.4196,-3.9618,-3.6891,-4.2805
1.2464,3.5406,2.999,4.3485,3.3366,-3.917,-3.6132,-4.24
1.1143,3.4713,2.8806,4.3176,3.2525,-3.8704,-3.5359,-4.1974
0.98216,3.4001,2.761,4.284,3.1672,-3.822,-3.4572,-4.1528
0.85008,3.3272,2.6403,4.2477,3.0808,-3.7719,-3.3772,-4.1062
0.7181,3.2527,2.5186,4.2086,2.9933,-3.7201,-3.2958,-4.0576
0.5863,3.1765,2.3959,4.1669,2.9048,-3.6666,-3.2132,-4.007
0.45475,3.0989,2.2722,4.1226,2.8154,-3.6115,-3.1294,-3.9547
0.32351,3.0198,2.1478,4.0757,2.7252,-3.555,-3.0444,-3.9005
0.19264,2.9393,2.0226,4.0264,2.6341,-3.4969,-2.9584,-3.8445
0.062201,2.8574,1.8967,3.9746,2.5423,-3.4374,-2.8713,-3.7868
-0.067734,2.7743,1.7702,3.9203,2.4498,-3.3765,-2.7832,-3.7274
-0.19711,2.6901,1.6431,3.8638,2.3567,-3.3144,-2.6941,-3.6663
-0.32587,2.6047,1.5156,3.805,2.2629,-3.2509,-2.6042,-3.6037
-0.45396,2.5183,1.3877,3.7439,2.1687,-3.1862,-2.5135,-3.5396
-0.58131,2.4308,1.2595,3.6807,2.074,-3.1204,-2.4219,-3.4739
-0.70788,2.3425,1.131,3.6153,1.9789,-3.0535,-2.3296,-3.4068
-0.83362,2.2533,1.0024,3.548,1.8834,-2.9855,-2.2366,-3.3384
-0.95847,2.1633,0.87367,3.4786,1.7876,-2.9165,-2.143,-3.2686
-1.0824,2.0725,0.74491,3.4073,1.6915,-2.8466,-2.0488,-3.1975
-1.2053,1.9811,0.61617,3.3342,1.5953,-2.7757,-1.9541,-3.1251
-1.3272,1.889,0.48754,3.2593,1.4989,-2.7041,-1.8588,-3.0516
-1.4481,1.7964,0.35908,3.1827,1.4024,-2.6316,-1.7631,-2.9769
-1.5678,1.7032,0.23086,3.1044,1.3059,-2.5583,-1.667,-2.9012
-1.6863,1.6096,0.10294,3.0245,1.2093,-2.4844,-1.5705,-2.8244
-1.8037,1.5156,-0.024608,2.9431,1.1128,-2.4098,-1.4737,-2.7465
-1.9199,1.4213,-0.15173,2.8602,1.0163,-2.3346,-1.3767,-2.6677
-2.0347,1.3266,-0.27835,2.776,0.92004,-2.2588,-1.2794,-2.5881
-2.1483,1.2317,-0.40442,2.6904,0.82389,-2.1825,-1.1819,-2.5075
-2.2606,1.1365,-0.52987,2.6035,0.72795,-2.1057,-1.0843,-2.4261
-2.3715,1.0412,-0.65465,2.5154,0.63225,-2.0285,-0.98652,-2.3439
-2.481,0.94574,-0.77869,2.4262,0.53684,-1.9508,-0.88871,-2.261
-2.5891,0.8502,-0.90194,2.3359,0.44175,-1.8728,-0.79086,-2.1774
-2.6957,0.75461,-1.0243,2.2446,0.34701,-1.7945,-0.69301,-2.0932
-2.8009,0.659,-1.1458,2.1524,0.25266,-1.7158,-0.5952,-2.0083
-2.9046,0.56342,-1.2664,2.0592,0.15873,-1.6369,-0.49747,-1.9228
-3.0069,0.46789,-1.3859,1.9652,0.06524,-1.5578,-0.39984,-1.8368
-3.1075,0.37245,-1.5044,1.8705,-0.027768,-1.4785,-0.30235,-1.7503
-3.2067,0.27712,-1.6218,1.7751,-0.12027,-1.399,-0.20503,-1.6633
-3.3043,0.18195,-1.738,1.679,-0.21224,-1.3194,-0.10791,-1.5758
-3.4003,0.086945,-1.8531,1.5823,-0.30366,-1.2396,-0.011025,-1.488
-3.4947,-0.0078547,-1.9669,1.485,-0.3945,-1.1597,0.085602,-1.3997
-3.5875,-0.10243,-2.0794,1.3873,-0.48474,-1.0798,0.18194,-1.3112
-3.6788,-0.19675,-2.1905,1.2892,-0.57436,-0.99983,0.27797,-1.2223
-3.7684,-0.29081,-2.3003,1.1907,-0.66334,-0.91983,0.37365,-1.1331
-3.8563,-0.38457,-2.4087,1.0918,-0.75166,-0.83981,0.46897,-1.0436
-3.9427,-0.47801,-2.5156,0.99269,-0.83931,-0.75981,0.5639,-0.95396
-4.0274,-0.57113,-2.6211,0.89336,-0.92627,-0.67982,0.65841,-0.86408
-4.1104,-0.6639,-2.725,0.79385,-1.0125,-0.59987,0.75249,-0.77401
-4.1918,-0.7563,-2.8274,0.69421,-1.0981,-0.51998,0.84612,-0.68378
-4.2716,-0.84832,-2.9282,0.59449,-1.1829,-0.44015,0.93926,-0.59341
-4.3496,-0.93994,-3.0274,0.49473,-1.2669,-0.3604,1.0319,-0.50292
-4.426,-1.0311,-3.1249,0.39499,-1.3503,-0.28073,1.124,-0.41234
-4.5007,-1.1219,-3.2208,0.2953,-1.4328,-0.20116,1.2156,-0.32169
-4.5738,-1.2123,-3.3149,0.1957,-1.5146,-0.12169,1.3066,-0.23099
-4.6452,-1.3022,-3.4073,0.096239,-1.5957,-0.042332,1.3971,-0.14026
-4.7149,-1.3916,-3.498,-0.0030472,-1.6759,0.036905,1.487,-0.049506
-4.7829,-1.4806,-3.5869,-0.10212,-1.7554,0.11602,1.5762,0.041237
-4.8492,-1.569,-3.674,-0.20094,-1.834,0.195,1.6648,0.13196
-4.9138,-1.657,-3.7592,-0.29947,-1.9119,0.27384,1.7528,0.22263
-4.9768,-1.7444,-3.8427,-0.39767,-1.989,0.35255,1.8401,0.31325
-5.0381,-1.8314,-3.9242,-0.49551,-2.0652,0.43111,1.9267,0.40379
-5.0976,-1.9178,-4.0039,-0.59295,-2.1407,0.50952,2.0127,0.49423
-5.1555,-2.0036,-4.0817,-0.68997,-2.2153,0.58778,2.0979,0.58456
-5.2117,-2.0889,-4.1576,-0.78652,-2.2892,0.66589,2.1824,0.67476
-5.2662,-2.1736,-4.2315,-0.88257,-2.3622,0.74383,2.2661,0.76481
-5.319,-2.2577,-4.3035,-0.9781,-2.4344,0.82161,2.3491,0.85469
-5.37,-2.3413,-4.3736,-1.0731,-2.5057,0.89922,2.4313,0.94438
-5.4194,-2.4242,-4.4417,-1.1674,-2.5763,0.97666,2.5127,1.0339
-5.4671,-2.5065,-4.5078,-1.2612,-2.646,1.0539,2.5933,1.1231
-5.513,-2.5881,-4.5719,-1.3543,-2.7148,1.131,2.6731,1.2122
-5.5572,-2.6691,-4.634,-1.4467,-2.7829,1.2079,2.752,1.3009
-5.5997,-2.7494,-4.694,-1.5384,-2.85,1.2846,2.8301,1.3894
-5.6404,-2.829,-4.7521,-1.6294,-2.9164,1.3611,2.9072,1.4776
-5.6794,-2.9079,-4.8081,-1.7196,-2.9818,1.4374,2.9835,1.5654
-5.7167,-2.9861,-4.8621,-1.8091,-3.0465,1.5135,3.0588,1.6529
-5.7522,-3.0636,-4.914,-1.8977,-3.1102,1.5894,3.1332,1.74
-5.786,-3.1403,-4.9639,-1.9854,-3.1731,1.665,3.2066,1.8267
-5.8179,-3.2161,-5.0117,-2.0723,-3.2351,1.7404,3.279,1.913
-5.8481,-3.2912,-5.0574,-2.1582,-3.2962,1.8156,3.3504,1.9989
-5.8765,-3.3655,-5.101,-2.2433,-3.3564,1.8905,3.4208,2.0842
-5.9031,-3.4389,-5.1426,-2.3273,-3.4157,1.9651,3.4901,2.1691
-5.9279,-3.5114,-5.182,-2.4104,-3.4741,2.0394,3.5583,2.2534
-5.9509,-3.583,-5.2194,-2.4925,-3.5315,2.1134,3.6255,2.3372
-5.972,-3.6537,-5.2546,-2.5735,-3.588,2.1871,3.6915,2.4204
-5.9913,-3.7234,-5.2877,-2.6535,-3.6436,2.2604,3.7563,2.503
-6.0087,-3.7921,-5.3187,-2.7323,-3.6982,2.3334,3.8199,2.5849
-6.0242,-3.8598,-5.3476,-2.8101,-3.7517,2.406,3.8823,2.6661
-6.0378,-3.9265,-5.3744,-2.8866,-3.8043,2.4782,3.9435,2.7466
-6.0496,-3.9921,-5.399,-2.962,-3.8559,2.55,4.0034,2.8263
-6.0594,-4.0566,-5.4214,-3.0362,-3.9065,2.6213,4.062,2.9052
-6.0673,-4.1199,-5.4418,-3.1092,-3.9559,2.6922,4.1192,2.9833
-6.0733,-4.1821,-5.4599,-3.1809,-4.0043,2.7625,4.1751,3.0605
-6.0772,-4.243,-5.4759,-3.2513,-4.0517,2.8324,4.2296,3.1368
-6.0793,-4.3027,-5.4898,-3.3204,-4.0979,2.9016,4.2826,3.2122
-6.0793,-4.3612,-5.5015,-3.3881,-4.1429,2.9703,4.3342,3.2866
-6.0773,-4.4183,-5.511,-3.4545,-4.1868,3.0384,4.3843,3.3599
-6.0732,-4.474,-5.5183,-3.5194,-4.2295,3.1058,4.4329,3.4322
-6.0672,-4.5284,-5.5235,-3.5829,-4.2711,3.1726,4.4798,3.5033
-6.0591,-4.5814,-5.5265,-3.645,-4.3113,3.2386,4.5252,3.5733
-6.0489,-4.6329,-5.5273,-3.7056,-4.3503,3.3039,4.569,3.6421
-6.0366,-4.6829,-5.5259,-3.7646,-4.3881,3.3684,4.6111,3.7096
-6.0222,-4.7313,-5.5224,-3.8221,-4.4245,3.432,4.6514,3.7758
-6.0057,-4.7782,-5.5166,-3.8781,-4.4596,3.4948,4.6901,3.8407
-5.9871,-4.8234,-5.5087,-3.9324,-4.4933,3.5567,4.7269,3.9042
-5.9664,-4.867,-5.4985,-3.9851,-4.5256,3.6177,4.762,3.9662
-5.9434,-4.9089,-5.4862,-4.0362,-4.5565,3.6776,4.7952,4.0268
-5.9183,-4.949,-5.4716,-4.0855,-4.5859,3.7366,4.8265,4.0859
-5.8911,-4.9874,-5.4549,-4.1332,-4.6139,3.7945,4.8559,4.1434
-5.8616,-5.0239,-5.436,-4.1791,-4.6403,3.8512,4.8834,4.1992
-5.83,-5.0586,-5.4148,-4.2233,-4.6652,3.9069,4.9089,4.2534
-5.7961,-5.0914,-5.3915,-4.2656,-4.6885,3.9613,4.9323,4.3059
-5.76,-5.1223,-5.366,-4.3061,-4.7102,4.0145,4.9537,4.3566
-5.7217,-5.1511,-5.3383,-4.3448,-4.7303,4.0664,4.9731,4.4055
-5.6811,-5.178,-5.3084,-4.3816,-4.7487,4.1169,4.9903,4.4525
-5.6383,-5.2028,-5.2763,-4.4165,-4.7654,4.1661,5.0053,4.4977
-5.5933,-5.2256,-5.242,-4.4495,-4.7804,4.2139,5.0182,4.5409
-5.546,-5.2462,-5.2056,-4.4806,-4.7937,4.2603,5.0289,4.5821
-5.4964,-5.2646,-5.1669,-4.5097,-4.8052,4.3051,5.0374,4.6214
-5.4446,-5.2809,-5.1261,-4.5367,-4.8148,4.3483,5.0436,4.6585
-5.3906,-5.2949,-5.0832,-4.5618,-4.8227,4.39,5.0475,4.6935
-5.3343,-5.3067,-5.0381,-4.5848,-4.8287,4.4301,5.0491,4.7264
-5.2757,-5.3162,-4.9908,-4.6058,-4.8327,4.4684,5.0484,4.7571
-5.215,-5.3233,-4.9415,-4.6247,-4.8349,4.5051,5.0453,4.7855
-5.1519,-5.3281,-4.89,-4.6415,-4.8352,4.5399,5.0399,4.8117
-5.0867,-5.3306,-4.8364,-4.6561,-4.8335,4.573,5.0321,4.8356
-5.0192,-5.3306,-4.7807,-4.6687,-4.8298,4.6042,5.0218,4.8572
-4.9496,-5.3282,-4.7229,-4.6791,-4.8241,4.6335,5.0092,4.8764
-4.8777,-5.3233,-4.663,-4.6873,-4.8163,4.661,4.9941,4.8932
-4.8037,-5.316,-4.6011,-4.6933,-4.8066,4.6864,4.9765,4.9076
-4.7275,-5.3062,-4.5372,-4.6972,-4.7948,4.7099,4.9565,4.9196
-4.6492,-5.2938,-4.4712,-4.6988,-4.7809,4.7313,4.934,4.929
-4.5687,-5.2789,-4.4033,-4.6982,-4.7649,4.7506,4.9091,4.936
-4.4862,-5.2615,-4.3333,-4.6954,-4.7468,4.7678,4.8816,4.9405
-4.4015,-5.2415,-4.2614,-4.6903,-4.7266,4.7829,4.8517,4.9424
-4.3149,-5.2189,-4.1876,-4.683,-4.7043,4.7959,4.8193,4.9417
-4.2262,-5.1937,-4.1119,-4.6734,-4.6799,4.8066,4.7845,4.9385
-4.1355,-5.1659,-4.0343,-4.6616,-4.6533,4.8152,4.7471,4.9327
-4.0429,-5.1356,-3.9549,-4.6475,-4.6246,4.8214,4.7073,4.9243
-3.9484,-5.1026,-3.8736,-4.6311,-4.5937,4.8255,4.6651,4.9133
-3.8519,-5.067,-3.7905,-4.6125,-4.5607,4.8272,4.6204,4.8997
-3.7537,-5.0288,-3.7057,-4.5915,-4.5255,4.8266,4.5732,4.8835
-3.6536,-4.988,-3.6191,-4.5684,-4.4882,4.8237,4.5237,4.8647
-3.5518,-4.9446,-3.5309,-4.5429,-4.4488,4.8184,4.4717,4.8433
-3.4483,-4.8987,-3.441,-4.5152,-4.4072,4.8108,4.4174,4.8192
-3.3431,-4.8501,-3.3495,-4.4852,-4.3635,4.8008,4.3607,4.7926
-3.2363,-4.7989,-3.2564,-4.453,-4.3177,4.7884,4.3017,4.7634
-3.1279,-4.7453,-3.1617,-4.4186,-4.2698,4.7736,4.2404,4.7316
-3.018,-4.689,-3.0656,-4.3819,-4.2198,4.7565,4.1768,4.6972
-2.9067,-4.6303,-2.968,-4.343,-4.1678,4.7369,4.111,4.6603
-2.794,-4.569,-2.869,-4.3019,-4.1137,4.715,4.043,4.6208
-2.6799,-4.5053,-2.7687,-4.2586,-4.0576,4.6906,3.9729,4.5789
-2.5646,-4.4391,-2.667,-4.2131,-3.9995,4.6638,3.9006,4.5344
-2.4481,-4.3705,-2.564,-4.1655,-3.9394,4.6347,3.8262,4.4875
-2.3304,-4.2995,-2.4599,-4.1157,-3.8774,4.6032,3.7498,4.4382
-2.2116,-4.2261,-2.3546,-4.0638,-3.8134,4.5692,3.6714,4.3865
-2.0919,-4.1505,-2.2482,-4.0099,-3.7476,4.533,3.5911,4.3325
-1.9712,-4.0725,-2.1407,-3.9539,-3.6799,4.4944,3.5089,4.2761
-1.8497,-3.9923,-2.0322,-3.8958,-3.6105,4.4534,3.4249,4.2174
-1.7274,-3.9099,-1.9228,-3.8357,-3.5392,4.4102,3.3391,4.1565
-1.6044,-3.8253,-1.8125,-3.7737,-3.4662,4.3647,3.2516,4.0934
-1.4807,-3.7387,-1.7014,-3.7097,-3.3916,4.3169,3.1625,4.0282
-1.3565,-3.65,-1.5895,-3.6438,-3.3153,4.2669,3.0717,3.9608
-1.2319,-3.5592,-1.477,-3.576,-3.2374,4.2146,2.9795,3.8914
-1.1068,-3.4666,-1.3638,-3.5064,-3.158,4.1602,2.8857,3.8201
-0.98148,-3.372,-1.2501,-3.435,-3.077,4.1037,2.7906,3.7468
-0.85593,-3.2756,-1.1358,-3.3618,-2.9947,4.0451,2.6942,3.6716
-0.73025,-3.1774,-1.0212,-3.2869,-2.911,3.9844,2.5965,3.5946
-0.60453,-3.0775,-0.90613,-3.2103,-2.8259,3.9216,2.4977,3.5158
-0.47886,-2.9759,-0.79082,-3.1321,-2.7396,3.8569,2.3978,3.4354
-0.35333,-2.8728,-0.67529,-3.0523,-2.6521,3.7903,2.2968,3.3533
-0.22802,-2.7681,-0.55961,-2.971,-2.5634,3.7218,2.195,3.2696
-0.10304,-2.662,-0.44386,-2.8882,-2.4737,3.6514,2.0922,3.1845
0.021534,-2.5545,-0.32811,-2.8039,-2.3829,3.5793,1.9887,3.098
0.14561,-2.4457,-0.21244,-2.7182,-2.2913,3.5054,1.8845,3.0101
0.26908,-2.3357,-0.096923,-2.6312,-2.1987,3.4298,1.7797,2.9209
0.39188,-2.2245,0.01837,-2.5429,-2.1054,3.3527,1.6744,2.8306
0.51389,-2.1122,0.13336,-2.4534,-2.0113,3.2739,1.5686,2.7391
0.63503,-1.999,0.24797,-2.3627,-1.9165,3.1937,1.4625,2.6465
0.75521,-1.8848,0.36212,-2.2709,-1.8212,3.112,1.3561,2.553
0.87434,-1.7698,0.47573,-2.1781,-1.7254,3.0289,1.2495,2.4587
0.99232,-1.654,0.58873,-2.0842,-1.6291,2.9446,1.1429,2.3635
1.1091,-1.5375,0.70103,-1.9894,-1.5325,2.859,1.0362,2.2675
1.2245,-1.4205,0.81257,-1.8938,-1.4356,2.7722,0.92965,2.171
1.3385,-1.3029,0.92325,-1.7973,-1.3385,2.6843,0.82327,2.0738
1.451,-1.1849,1.033,-1.7001,-1.2413,2.5954,0.71715,1.9762
1.5619,-1.0666,1.1418,-1.6021,-1.1441,2.5055,0.61139,1.8782
1.6711,-0.94802,1.2494,-1.5036,-1.0468,2.4147,0.50608,1.7798
1.7785,-0.82926,1.3559,-1.4045,-0.94973,2.3231,0.4013,1.6812
1.8842,-0.71042,1.4612,-1.3049,-0.85283,2.2307,0.29714,1.5825
1.9878,-0.59158,1.5651,-1.2049,-0.7562,2.1377,0.19369,1.4837
2.0895,-0.47283,1.6676,-1.1046,-0.65993,2.0441,0.09104,1.3848
2.1891,-0.35425,1.7687,-1.0039,-0.56409,1.95,-0.010728,1.2861
2.2865,-0.23594,1.8682,-0.90304,-0.46877,1.8554,-0.11153,1.1875
2.3817,-0.11797,1.9661,-0.802,-0.37405,1.7605,-0.21127,1.0892
2.4745,-0.00042656,2.0623,-0.70087,-0.28,1.6652,-0.30988,0.99125
2.565,0.1166,2.1568,-0.59972,-0.1867,1.5698,-0.40727,0.89368
2.6531,0.23302,2.2493,-0.49862,-0.094228,1.4743,-0.50336,0.79658
2.7386,0.34876,2.34,-0.39762,-0.0026629,1.3786,-0.59808,0.70006
2.8215,0.46373,2.4287,-0.29681,0.087921,1.283,-0.69133,0.60417
2.9018,0.57785,2.5154,-0.19624,0.17745,1.1875,-0.78305,0.50899
2.9795,0.69103,2.5999,-0.095983,0.26585,1.0922,-0.87317,0.4146
3.0543,0.80321,2.6823,0.003892,0.35305,0.99713,-0.9616,0.32107
3.1264,0.91429,2.7624,0.10332,0.43898,0.90239,-1.0483,0.22847
3.1957,1.0242,2.8402,0.20224,0.52356,0.80804,-1.1331,0.13686
3.262,1.1329,2.9156,0.30058,0.60674,0.71418,-1.2161,0.046328
3.3255,1.2402,2.9887,0.39827,0.68844,0.62087,-1.2971,-0.043074
3.3859,1.3461,3.0592,0.49526,0.7686,0.52818,-1.3762,-0.13128
3.4434,1.4506,3.1272,0.59148,0.84717,0.43618,-1.4531,-0.21822
3.4979,1.5535,3.1927,0.68687,0.92406,0.34496,-1.5279,-0.30384
3.5493,1.6549,3.2555,0.78136,0.99924,0.25457,-1.6005,-0.38809
3.5976,1.7545,3.3156,0.8749,1.0726,0.16509,-1.6709,-0.47089
3.6429,1.8524,3.3731,0.96742,1.1442,0.076578,-1.739,-0.5522
3.685,1.9485,3.4278,1.0589,1.2139,-0.010893,-1.8048,-0.63197
3.724,2.0427,3.4796,1.1492,1.2816,-0.097261,-1.8682,-0.71014
3.7599,2.1349,3.5287,1.2383,1.3474,-0.18246,-1.9291,-0.78667
3.7927,2.2252,3.5749,1.3262,1.4111,-0.26644,-1.9877,-0.8615
3.8224,2.3135,3.6182,1.4127,1.4728,-0.34912,-2.0437,-0.9346
3.8489,2.3996,3.6586,1.4979,1.5323,-0.43046,-2.0972,-1.0059
3.8724,2.4836,3.696,1.5817,1.5898,-0.5104,-2.1481,-1.0754
3.8927,2.5653,3.7305,1.6641,1.645,-0.58889,-2.1965,-1.1431
3.91,2.6448,3.762,1.7449,1.698,-0.66586,-2.2422,-1.2088
3.9242,2.7221,3.7905,1.8242,1.7488,-0.74127,-2.2854,-1.2727
3.9353,2.797,3.816,1.9018,1.7973,-0.81508,-2.3259,-1.3346
3.9435,2.8695,3.8385,1.9779,1.8435,-0.88723,-2.3637,-1.3945
3.9487,2.9395,3.8579,2.0522,1.8874,-0.95768,-2.3989,-1.4524
3.9509,3.0072,3.8744,2.1247,1.9289,-1.0264,-2.4314,-1.5083
3.9502,3.0723,3.8878,2.1955,1.9681,-1.0933,-2.4612,-1.5621
3.9467,3.135,3.8983,2.2645,2.005,-1.1584,-2.4883,-1.6139
3.9404,3.1951,3.9057,2.3316,2.0395,-1.2217,-2.5128,-1.6635
3.9313,3.2526,3.9101,2.3968,2.0716,-1.283,-2.5346,-1.7111
3.9195,3.3075,3.9116,2.46,2.1013,-1.3425,-2.5537,-1.7566
3.905,3.3599,3.9101,2.5213,2.1287,-1.4,-2.5702,-1.7999
3.888,3.4096,3.9057,2.5806,2.1537,-1.4555,-2.584,-1.8412
3.8684,3.4566,3.8984,2.6379,2.1763,-1.509,-2.5952,-1.8803
3.8463,3.5011,3.8882,2.6931,2.1966,-1.5605,-2.6038,-1.9173
3.8219,3.5428,3.8751,2.7462,2.2145,-1.6099,-2.6099,-1.9521
3.7951,3.5819,3.8593,2.7972,2.23,-1.6573,-2.6133,-1.9848
3.7661,3.6183,3.8407,2.846,2.2433,-1.7026,-2.6143,-2.0154
3.7349,3.652,3.8193,2.8928,2.2543,-1.7458,-2.6127,-2.0439
3.7016,3.6831,3.7952,2.9373,2.2629,-1.7869,-2.6087,-2.0702
3.6662,3.7115,3.7686,2.9796,2.2694,-1.8259,-2.6023,-2.0945
3.629,3.7372,3.7393,3.0197,2.2736,-1.8628,-2.5935,-2.1167
3.5899,3.7603,3.7075,3.0576,2.2756,-1.8975,-2.5823,-2.1368
3.549,3.7807,3.6732,3.0933,2.2754,-1.9302,-2.5688,-2.1548
3.5064,3.7985,3.6365,3.1267,2.2731,-1.9607,-2.5531,-2.1708
3.4622,3.8137,3.5974,3.1578,2.2688,-1.9891,-2.5352,-2.1848
3.4166,3.8262,3.556,3.1867,2.2624,-2.0154,-2.5151,-2.1968
3.3695,3.8362,3.5124,3.2133,2.254,-2.0396,-2.4929,-2.2068
3.3211,3.8436,3.4666,3.2376,2.2436,-2.0617,-2.4686,-2.2149
3.2715,3.8485,3.4188,3.2596,2.2313,-2.0817,-2.4424,-2.221
3.2208,3.8509,3.3689,3.2793,2.2171,-2.0997,-2.4142,-2.2252
3.169,3.8508,3.3171,3.2968,2.2011,-2.1156,-2.3842,-2.2276
3.1163,3.8483,3.2634,3.3119,2.1834,-2.1294,-2.3523,-2.2281
3.0628,3.8433,3.2079,3.3248,2.1639,-2.1413,-2.3187,-2.2268
3.0085,3.836,3.1507,3.3354,2.1428,-2.1511,-2.2834,-2.2237
2.9536,3.8263,3.0919,3.3437,2.1201,-2.159,-2.2465,-2.2189
2.8981,3.8143,3.0315,3.3498,2.0958,-2.1649,-2.208,-2.2124
2.8421,3.8,2.9697,3.3536,2.0701,-2.1689,-2.1681,-2.2042
2.7858,3.7835,2.9065,3.3552,2.043,-2.171,-2.1267,-2.1943
2.7292,3.7648,2.842,3.3546,2.0144,-2.1712,-2.0839,-2.1828
2.6724,3.744,2.7763,3.3517,1.9846,-2.1697,-2.0399,-2.1698
2.6156,3.7211,2.7095,3.3467,1.9536,-2.1663,-1.9947,-2.1552
2.5587,3.6961,2.6416,3.3394,1.9214,-2.1611,-1.9483,-2.1392
2.502,3.6691,2.5728,3.33,1.8881,-2.1542,-1.9009,-2.1216
2.4454,3.6402,2.5032,3.3185,1.8538,-2.1456,-1.8525,-2.1027
2.3891,3.6093,2.4328,3.3049,1.8185,-2.1354,-1.8032,-2.0823
2.3331,3.5766,2.3618,3.2891,1.7823,-2.1236,-1.753,-2.0607
2.2776,3.5421,2.2901,3.2713,1.7452,-2.1101,-1.702,-2.0377
2.2226,3.5059,2.218,3.2514,1.7074,-2.0952,-1.6503,-2.0135
2.1682,3.4679,2.1454,3.2295,1.6689,-2.0787,-1.598,-1.988
2.1144,3.4284,2.0726,3.2056,1.6298,-2.0609,-1.5451,-1.9614
2.0614,3.3872,1.9995,3.1797,1.5901,-2.0416,-1.4918,-1.9336
2.0092,3.3445,1.9263,3.1519,1.55,-2.0209,-1.438,-1.9047
1.958,3.3004,1.853,3.1222,1.5094,-1.9989,-1.3839,-1.8748
1.9076,3.2548,1.7797,3.0906,1.4684,-1.9757,-1.3295,-1.8438
1.8583,3.2079,1.7066,3.0571,1.4272,-1.9513,-1.2748,-1.8119
1.81,3.1597,1.6336,3.0219,1.3857,-1.9256,-1.2201,-1.779
1.7629,3.1103,1.561,2.9849,1.3441,-1.8989,-1.1652,-1.7452
1.717,3.0597,1.4887,2.9461,1.3023,-1.8711,-1.1103,-1.7105
1.6724,3.008,1.4168,2.9056,1.2606,-1.8422,-1.0555,-1.675
1.629,2.9552,1.3454,2.8634,1.2188,-1.8124,-1.0008,-1.6387
1.587,2.9014,1.2747,2.8197,1.1772,-1.7817,-0.94624,-1.6017
1.5463,2.8467,1.2045,2.7743,1.1357,-1.75,-0.89192,-1.5639
1.5071,2.7911,1.1352,2.7273,1.0944,-1.7176,-0.83789,-1.5254
1.4694,2.7347,1.0666,2.6789,1.0534,-1.6843,-0.78421,-1.4863
1.4331,2.6776,0.99886,2.6289,1.0127,-1.6503,-0.73093,-1.4466
1.3984,2.6197,0.93208,2.5776,0.97237,-1.6157,-0.6781,-1.4063
1.3652,2.5612,0.86628,2.5248,0.93248,-1.5804,-0.62577,-1.3655
1.3336,2.5022,0.80154,2.4707,0.89307,-1.5445,-0.57399,-1.3242
1.3036,2.4426,0.73791,2.4153,0.8542,-1.5081,-0.52282,-1.2823
1.2752,2.3825,0.67544,2.3586,0.81591,-1.4711,-0.47229,-1.24
1.2485,2.3221,0.61419,2.3006,0.77824,-1.4338,-0.42245,-1.1973
1.2233,2.2613,0.5542,2.2415,0.74124,-1.396,-0.37334,-1.1543
1.1999,2.2002,0.49552,2.1813,0.70496,-1.3579,-0.325,-1.1108
1.178,2.1388,0.4382,2.12,0.66944,-1.3195,-0.27747,-1.067
1.1579,2.0773,0.38227,2.0576,0.6347,-1.2808,-0.23078,-1.023
1.1393,2.0157,0.32778,1.9942,0.6008,-1.2419,-0.18497,-0.97863
1.1225,1.954,0.27475,1.9298,0.56776,-1.2028,-0.14007,-0.93403
1.1072,1.8923,0.22323,1.8646,0.53561,-1.1636,-0.096097,-0.88921
1.0936,1.8306,0.17323,1.7985,0.5044,-1.1243,-0.053089,-0.8442
1.0816,1.769,0.12479,1.7315,0.47413,-1.0849,-0.011068,-0.79902
1.0712,1.7075,0.077931,1.6638,0.44485,-1.0455,0.029945,-0.75368
1.0623,1.6462,0.032671,1.5954,0.41658,-1.0062,0.069928,-0.70823
1.055,1.5852,-0.010973,1.5262,0.38933,-0.96694,0.10887,-0.66267
1.0492,1.5244,-0.052984,1.4565,0.36313,-0.92777,0.14674,-0.61703
1.045,1.464,-0.093352,1.3861,0.33799,-0.88875,0.18354,-0.57133
1.0421,1.4039,-0.13207,1.3153,0.31392,-0.8499,0.21925,-0.5256
1.0407,1.3442,-0.16913,1.2439,0.29095,-0.81127,0.25386,-0.47984
1.0407,1.285,-0.20453,1.172,0.26908,-0.77288,0.28738,-0.43409
1.0421,1.2264,-0.23827,1.0998,0.24832,-0.73476,0.31978,-0.38836
1.0447,1.1682,-0.27035,1.0272,0.22867,-0.69695,0.35107,-0.34266
1.0487,1.1107,-0.30079,0.95435,0.21015,-0.65948,0.38125,-0.29702
1.0538,1.0537,-0.32958,0.88121,0.19274,-0.62236,0.41031,-0.25146
1.0602,0.99744,-0.35674,0.80785,0.17645,-0.58564,0.43827,-0.20598
1.0676,0.94186,-0.38228,0.73432,0.16128,-0.54934,0.46512,-0.16062
1.0762,0.88701,-0.40622,0.66068,0.14723,-0.51348,0.49088,-0.11537
1.0857,0.83292,-0.42859,0.58696,0.13427,-0.47809,0.51554,-0.070263
1.0963,0.77963,-0.44939,0.51322,0.12242,-0.44319,0.53913,-0.025309
1.1077,0.72716,-0.46865,0.4395,0.11165,-0.40879,0.56165,0.019478
1.12,0.67555,-0.48641,0.36584,0.10196,-0.37493,0.58312,0.064082
1.1332,0.62483,-0.50269,0.29229,0.093321,-0.34161,0.60355,0.10849
1.147,0.57501,-0.51752,0.2189,0.085727,-0.30886,0.62296,0.15269
1.1616,0.52613,-0.53093,0.14571,0.079157,-0.2767,0.64137,0.19667
1.1767,0.47821,-0.54296,0.072765,0.07359,-0.24513,0.65879,0.2404
1.1925,0.43127,-0.55364,0.00011116,0.069005,-0.21417,0.67525,0.28389
1.2087,0.38534,-0.56302,-0.072208,0.065379,-0.18384,0.69077,0.32712
1.2254,0.34042,-0.57114,-0.14415,0.062686,-0.15415,0.70537,0.37008
1.2424,0.29655,-0.57803,-0.21567,0.0609,-0.12511,0.71909,0.41274
1.2598,0.25373,-0.58374,-0.28672,0.059992,-0.096715,0.73193,0.45511
1.2774,0.21199,-0.58833,-0.35727,0.059933,-0.06899,0.74394,0.49717
1.2951,0.17133,-0.59182,-0.42727,0.060693,-0.041936,0.75514,0.5389
1.313,0.13177,-0.59428,-0.49668,0.062238,-0.01556,0.76555,0.5803
1.3309,0.093317,-0.59575,-0.56545,0.064537,0.010135,0.77521,0.62136
1.3489,0.055984,-0.59628,-0.63356,0.067554,0.035144,0.78415,0.66205
1.3667,0.019779,-0.59593,-0.70095,0.071253,0.059465,0.79239,0.70238
1.3844,-0.015292,-0.59474,-0.76759,0.0756,0.083097,0.79998,0.74233
1.4019,-0.049225,-0.59277,-0.83344,0.080555,0.10604,0.80694,0.78188
1.4191,-0.082016,-0.59008,-0.89846,0.08608,0.12829,0.8133,0.82103
1.436,-0.11366,-0.58671,-0.96262,0.092138,0.14986,0.81911,0.85977
1.4524,-0.14416,-0.58273,-1.0259,0.098687,0.17074,0.82438,0.89808
1.4685,-0.17351,-0.57819,-1.0882,0.10569,0.19093,0.82916,0.93595
1.484,-0.20172,-0.57314,-1.1495,0.1131,0.21045,0.83347,0.97337
1.4989,-0.22879,-0.56765,-1.2099,0.12088,0.2293,0.83736,1.0103
1.5132,-0.25472,-0.56176,-1.2692,0.12899,0.24749,0.84086,1.0468
1.5267,-0.27952,-0.55554,-1.3274,0.13738,0.26501,0.844,1.0828
1.5396,-0.3032,-0.54904,-1.3845,0.14601,0.28189,0.84681,1.1183
1.5516,-0.32576,-0.54231,-1.4405,0.15485,0.29812,0.84933,1.1534
1.5628,-0.34721,-0.53541,-1.4953,0.16384,0.31372,0.85159,1.1879
1.573,-0.36757,-0.52841,-1.5489,0.17295,0.3287,0.85363,1.2218
1.5823,-0.38684,-0.52134,-1.6013,0.18213,0.34306,0.85548,1.2552
1.5905,-0.40504,-0.51427,-1.6524,0.19134,0.35683,0.85717,1.2881
1.5977,-0.42218,-0.50725,-1.7023,0.20053,0.37,0.85873,1.3204
1.6038,-0.43829,-0.50033,-1.7508,0.20967,0.38261,0.8602,1.3522
1.6087,-0.45336,-0.49357,-1.798,0.21872,0.39465,0.86161,1.3833
1.6125,-0.46743,-0.48701,-1.8439,0.22762,0.40614,0.86298,1.4139
1.615,-0.48051,-0.4807,-1.8884,0.23635,0.4171,0.86435,1.4439
1.6162,-0.49261,-0.47471,-1.9315,0.24485,0.42753,0.86575,1.4732
1.616,-0.50377,-0.46906,-1.9732,0.2531,0.43747,0.8672,1.502
1.6146,-0.51399,-0.46381,-2.0135,0.26104,0.44691,0.86874,1.53
1.6117,-0.52331,-0.45901,-2.0523,0.26865,0.45589,0.87039,1.5575
1.6074,-0.53174,-0.4547,-2.0896,0.27588,0.46441,0.87217,1.5843
1.6017,-0.53931,-0.45091,-2.1255,0.2827,0.47248,0.87412,1.6104
1.5945,-0.54604,-0.4477,-2.1598,0.28907,0.48014,0.87625,1.6359
1.5858,-0.55196,-0.4451,-2.1927,0.29496,0.48739,0.87859,1.6606
1.5755,-0.5571,-0.44315,-2.224,0.30032,0.49425,0.88116,1.6847
1.5637,-0.56147,-0.44188,-2.2538,0.30514,0.50074,0.88399,1.7081
1.5504,-0.56511,-0.44133,-2.2821,0.30937,0.50688,0.88709,1.7307
1.5354,-0.56805,-0.44154,-2.3088,0.31299,0.51268,0.89049,1.7527
1.5189,-0.5703,-0.44253,-2.334,0.31597,0.51816,0.89419,1.7739
1.5007,-0.57191,-0.44433,-2.3576,0.31827,0.52335,0.89823,1.7944
1.481,-0.57289,-0.44697,-2.3797,0.31987,0.52825,0.90261,1.8142
1.4596,-0.57328,-0.45048,-2.4001,0.32074,0.53289,0.90735,1.8332
1.4365,-0.57311,-0.45487,-2.4191,0.32086,0.53728,0.91246,1.8514
1.4119,-0.57241,-0.46017,-2.4364,0.32021,0.54145,0.91796,1.869
1.3856,-0.5712,-0.4664,-2.4522,0.31876,0.5454,0.92386,1.8857
1.3576,-0.56951,-0.47358,-2.4665,0.31649,0.54916,0.93016,1.9017
1.328,-0.56739,-0.48172,-2.4791,0.31339,0.55274,0.93689,1.9169
1.2968,-0.56485,-0.49083,-2.4903,0.30943,0.55617,0.94403,1.9314
1.264,-0.56192,-0.50092,-2.4999,0.3046,0.55945,0.95161,1.945
1.2296,-0.55864,-0.51201,-2.5079,0.29888,0.56261,0.95963,1.9579
1.1936,-0.55504,-0.52409,-2.5144,0.29227,0.56565,0.96809,1.9701
1.156,-0.55114,-0.53718,-2.5194,0.28475,0.56861,0.977,1.9814
1.1169,-0.54698,-0.55128,-2.5229,0.2763,0.57149,0.98636,1.992
1.0762,-0.54258,-0.56638,-2.5249,0.26693,0.5743,0.99616,2.0018
1.0341,-0.53798,-0.58248,-2.5255,0.25662,0.57708,1.0064,2.0108
0.9904,-0.53319,-0.59959,-2.5246,0.24538,0.57981,1.0171,2.019
0.94528,-0.52826,-0.61769,-2.5222,0.23318,0.58254,1.0283,2.0265
0.89872,-0.52321,-0.63677,-2.5184,0.22005,0.58526,1.0399,2.0332
0.85076,-0.51807,-0.65683,-2.5132,0.20596,0.58798,1.0519,2.0391
0.80144,-0.51285,-0.67785,-2.5066,0.19093,0.59074,1.0643,2.0443
0.75079,-0.5076,-0.69982,-2.4986,0.17496,0.59352,1.0772,2.0487
0.69885,-0.50233,-0.72271,-2.4893,0.15805,0.59636,1.0905,2.0524
0.64566,-0.49708,-0.74652,-2.4787,0.1402,0.59925,1.1043,2.0553
0.59126,-0.49186,-0.77123,-2.4667,0.12143,0.60222,1.1184,2.0575
0.53569,-0.4867,-0.79679,-2.4535,0.10175,0.60526,1.1329,2.0589
0.479,-0.48162,-0.82321,-2.439,0.081159,0.60839,1.1478,2.0596
0.42124,-0.47665,-0.85044,-2.4233,0.059676,0.61163,1.163,2.0596
0.36246,-0.47181,-0.87846,-2.4065,0.037314,0.61497,1.1786,2.0589
0.3027,-0.46711,-0.90723,-2.3884,0.014088,0.61842,1.1945,2.0576
0.24202,-0.46259,-0.93674,-2.3692,-0.0099848,0.622,1.2108,2.0555
0.18048,-0.45825,-0.96694,-2.3489,-0.034887,0.62571,1.2274,2.0527
0.11812,-0.45412,-0.99779,-2.3275,-0.060599,0.62956,1.2442,2.0493
0.055019,-0.45022,-1.0293,-2.305,-0.0871,0.63354,1.2614,2.0452
-0.0087823,-0.44655,-1.0613,-2.2816,-0.11437,0.63767,1.2787,2.0405
-0.073218,-0.44314,-1.0939,-2.2571,-0.14238,0.64195,1.2964,2.0351
-0.13823,-0.44001,-1.127,-2.2317,-0.1711,0.64639,1.3142,2.0291
-0.20375,-0.43716,-1.1606,-2.2054,-0.20052,0.65098,1.3322,2.0225
-0.26972,-0.43461,-1.1945,-2.1782,-0.2306,0.65573,1.3504,2.0154
-0.33607,-0.43237,-1.2289,-2.1501,-0.26132,0.66064,1.3687,2.0076
-0.40274,-0.43046,-1.2635,-2.1212,-0.29265,0.66571,1.3872,1.9993
-0.46967,-0.42888,-1.2985,-2.0915,-0.32454,0.67094,1.4058,1.9904
-0.53678,-0.42764,-1.3336,-2.061,-0.35698,0.67632,1.4244,1.981
-0.60401,-0.42675,-1.369,-2.0298,-0.38993,0.68187,1.4431,1.971
-0.67129,-0.42623,-1.4044,-1.998,-0.42336,0.68758,1.4619,1.9605
-0.73855,-0.42607,-1.4399,-1.9655,-0.45723,0.69344,1.4806,1.9496
-0.80573,-0.42628,-1.4755,-1.9323,-0.4915,0.69945,1.4993,1.9381
-0.87275,-0.42687,-1.511,-1.8986,-0.52614,0.7056,1.518,1.9262
-0.93954,-0.42784,-1.5464,-1.8643,-0.56111,0.7119,1.5366,1.9139
-1.006,-0.4292,-1.5817,-1.8296,-0.59637,0.71834,1.5551,1.9011
-1.0722,-0.43094,-1.6167,-1.7943,-0.63188,0.72492,1.5734,1.8878
-1.1379,-0.43307,-1.6516,-1.7586,-0.66761,0.73162,1.5916,1.8742
-1.2031,-0.4356,-1.6861,-1.7225,-0.70352,0.73843,1.6097,1.8601
-1.2677,-0.43851,-1.7202,-1.686,-0.73955,0.74537,1.6275,1.8457
-1.3317,-0.44182,-1.7539,-1.6492,-0.77568,0.75241,1.645,1.8309
-1.3949,-0.44552,-1.7872,-1.612,-0.81186,0.75954,1.6623,1.8157
-1.4574,-0.44961,-1.8199,-1.5746,-0.84805,0.76677,1.6793,1.8002
-1.519,-0.45408,-1.852,-1.5369,-0.88421,0.77408,1.6959,1.7844
-1.5798,-0.45893,-1.8835,-1.4991,-0.92029,0.78145,1.7122,1.7683
-1.6395,-0.46417,-1.9142,-1.461,-0.95625,0.7889,1.7281,1.7518
-1.6982,-0.46978,-1.9443,-1.4229,-0.99205,0.79639,1.7436,1.7351
-1.7558,-0.47577,-1.9734,-1.3846,-1.0277,0.80392,1.7587,1.7181
-1.8123,-0.48212,-2.0018,-1.3462,-1.063,0.81149,1.7732,1.7008
-1.8675,-0.48883,-2.0292,-1.3078,-1.0981,0.81908,1.7873,1.6832
-1.9214,-0.4959,-2.0556,-1.2693,-1.1328,0.82667,1.8008,1.6655
-1.9739,-0.50331,-2.081,-1.2309,-1.1672,0.83427,1.8138,1.6474
-2.0251,-0.51107,-2.1053,-1.1926,-1.2011,0.84185,1.8261,1.6292
-2.0747,-0.51917,-2.1285,-1.1542,-1.2346,0.84941,1.8379,1.6108
-2.1229,-0.5276,-2.1505,-1.116,-1.2676,0.85694,1.849,1.5921
-2.1695,-0.53634,-2.1713,-1.078,-1.3001,0.86441,1.8594,1.5733
-2.2145,-0.5454,-2.1908,-1.0401,-1.3319,0.87183,1.8691,1.5542
-2.2578,-0.55477,-2.209,-1.0023,-1.3632,0.87918,1.8781,1.535
-2.2993,-0.56443,-2.2258,-0.96483,-1.3938,0.88645,1.8863,1.5157
-2.3391,-0.57438,-2.2412,-0.92756,-1.4237,0.89363,1.8937,1.4961
-2.3772,-0.58462,-2.2551,-0.89055,-1.4529,0.9007,1.9003,1.4764
-2.4133,-0.59512,-2.2676,-0.85384,-1.4813,0.90766,1.9061,1.4566
-2.4476,-0.60589,-2.2785,-0.81744,-1.5089,0.91449,1.911,1.4366
-2.4799,-0.61691,-2.2878,-0.78138,-1.5356,0.92119,1.915,1.4165
-2.5103,-0.62818,-2.2956,-0.74568,-1.5615,0.92774,1.9181,1.3963
-2.5387,-0.63968,-2.3016,-0.71036,-1.5865,0.93413,1.9203,1.3759
-2.5651,-0.65141,-2.306,-0.67546,-1.6105,0.94035,1.9215,1.3555
-2.5894,-0.66336,-2.3087,-0.64098,-1.6336,0.94639,1.9217,1.3349
-2.6117,-0.67551,-2.3097,-0.60696,-1.6556,0.95225,1.921,1.3142
-2.6319,-0.68786,-2.3089,-0.5734,-1.6767,0.95791,1.9192,1.2934
-2.6499,-0.70041,-2.3063,-0.54033,-1.6966,0.96337,1.9163,1.2724
-2.6658,-0.71313,-2.3019,-0.50778,-1.7155,0.96861,1.9125,1.2514
-2.6796,-0.72602,-2.2957,-0.47575,-1.7333,0.97364,1.9075,1.2303
-2.6913,-0.73908,-2.2876,-0.44427,-1.75,0.97843,1.9014,1.2091
-2.7007,-0.75228,-2.2776,-0.41335,-1.7655,0.98299,1.8943,1.1878
-2.708,-0.76563,-2.2658,-0.38301,-1.7799,0.9873,1.886,1.1664
-2.7132,-0.77911,-2.2521,-0.35326,-1.793,0.99137,1.8765,1.1449
-2.7161,-0.79271,-2.2365,-0.32413,-1.805,0.99518,1.866,1.1233
-2.7169,-0.80642,-2.219,-0.29562,-1.8157,0.99874,1.8542,1.1016
-2.7155,-0.82024,-2.1995,-0.26774,-1.8252,1.002,1.8413,1.0799
-2.712,-0.83415,-2.1782,-0.24052,-1.8334,1.005,1.8272,1.058
-2.7063,-0.84815,-2.1549,-0.21397,-1.8404,1.0078,1.8119,1.036
-2.6985,-0.86221,-2.1298,-0.18808,-1.8461,1.0103,1.7955,1.014
-2.6885,-0.87634,-2.1027,-0.16289,-1.8506,1.0125,1.7778,0.99186
-2.6765,-0.89053,-2.0737,-0.13839,-1.8538,1.0144,1.7589,0.96963
-2.6624,-0.90476,-2.0429,-0.1146,-1.8557,1.016,1.7388,0.94731
-2.6462,-0.91901,-2.0102,-0.091524,-1.8563,1.0174,1.7175,0.92489
-2.628,-0.9333,-1.9756,-0.069171,-1.8556,1.0185,1.695,0.90238
-2.6078,-0.94759,-1.9392,-0.047549,-1.8536,1.0193,1.6713,0.87978
-2.5856,-0.96188,-1.9009,-0.026664,-1.8504,1.0198,1.6464,0.85708
-2.5615,-0.97617,-1.8609,-0.0065227,-1.8458,1.02,1.6203,0.83428
-2.5355,-0.99043,-1.8191,0.012871,-1.84,1.02,1.593,0.81139
-2.5076,-1.0047,-1.7755,0.031512,-1.833,1.0197,1.5646,0.7884
-2.478,-1.0188,-1.7302,0.049396,-1.8247,1.0191,1.5349,0.76531
-2.4465,-1.033,-1.6833,0.066522,-1.8151,1.0182,1.5041,0.74213
-2.4133,-1.047,-1.6347,0.082888,-1.8044,1.0171,1.4721,0.71885
-2.3785,-1.061,-1.5844,0.098491,-1.7924,1.0157,1.439,0.69547
-2.342,-1.0749,-1.5326,0.11333,-1.7792,1.0141,1.4047,0.672
-2.3039,-1.0887,-1.4793,0.12741,-1.7648,1.0122,1.3693,0.64842
-2.2643,-1.1024,-1.4244,0.14073,-1.7493,1.0101,1.3329,0.62475
-2.2233,-1.1159,-1.3681,0.15329,-1.7327,1.0077,1.2953,0.60099
-2.1808,-1.1293,-1.3105,0.1651,-1.7149,1.0051,1.2567,0.57713
-2.137,-1.1425,-1.2514,0.17616,-1.696,1.0023,1.2171,0.55317
-2.092,-1.1556,-1.1911,0.18646,-1.6761,0.99924,1.1764,0.52913
-2.0457,-1.1685,-1.1295,0.19603,-1.6552,0.99598,1.1348,0.50499
-1.9982,-1.1811,-1.0667,0.20487,-1.6332,0.99251,1.0922,0.48077
-1.9496,-1.1936,-1.0028,0.21298,-1.6103,0.98885,1.0487,0.45646
-1.9001,-1.2058,-0.93781,0.22036,-1.5864,0.985,1.0042,0.43207
-1.8495,-1.2178,-0.8718,0.22704,-1.5616,0.98096,0.9589,0.4076
-1.7981,-1.2295,-0.80483,0.23303,-1.5359,0.97675,0.91274,0.38305
-1.7459,-1.2409,-0.73696,0.23832,-1.5093,0.97238,0.86575,0.35842
-1.6929,-1.2521,-0.66826,0.24293,-1.482,0.96785,0.81799,0.33373
-1.6393,-1.2629,-0.59881,0.24689,-1.4539,0.96317,0.76948,0.30897
-1.585,-1.2734,-0.52865,0.25019,-1.425,0.95835,0.72026,0.28415
-1.5303,-1.2836,-0.45786,0.25285,-1.3955,0.9534,0.67036,0.25928
-1.4751,-1.2934,-0.38651,0.2549,-1.3653,0.94833,0.61984,0.23435
-1.4195,-1.3029,-0.31467,0.25634,-1.3344,0.94314,0.56871,0.20938
-1.3636,-1.3119,-0.24242,0.25719,-1.303,0.93785,0.51704,0.18437
-1.3075,-1.3205,-0.16981,0.25747,-1.2711,0.93246,0.46485,0.15932
-1.2513,-1.3287,-0.096935,0.25721,-1.2386,0.92698,0.41218,0.13425
-1.195,-1.3365,-0.023855,0.25641,-1.2058,0.92142,0.35909,0.10916
-1.1387,-1.3438,0.049351,0.2551,-1.1725,0.91578,0.30562,0.084046
-1.0824,-1.3506,0.12261,0.25329,-1.1388,0.91008,0.25181,0.058929
-1.0264,-1.3569,0.19585,0.25102,-1.1049,0.90432,0.1977,0.033812
-0.97056,-1.3627,0.26899,0.24831,-1.0707,0.89851,0.14335,0.0087022
-0.91504,-1.3679,0.34195,0.24517,-1.0362,0.89266,0.088794,-0.016392
-0.8599,-1.3726,0.41467,0.24163,-1.0016,0.88677,0.034089,-0.041464
-0.80522,-1.3768,0.48706,0.23772,-0.96679,0.88084,-0.020721,-0.066504
-0.75107,-1.3804,0.55906,0.23346,-0.93193,0.87489,-0.075587,-0.091505
-0.69751,-1.3833,0.63058,0.22887,-0.89703,0.86893,-0.13046,-0.11646
-0.64462,-1.3857,0.70155,0.22399,-0.86213,0.86295,-0.18529,-0.14135
-0.59247,-1.3874,0.77189,0.21884,-0.82727,0.85695,-0.24003,-0.16618
-0.54113,-1.3885,0.84154,0.21344,-0.79251,0.85096,-0.29462,-0.19094
-0.49066,-1.3889,0.91041,0.20783,-0.75789,0.84497,-0.34903,-0.21561
-0.44113,-1.3886,0.97844,0.20203,-0.72344,0.83898,-0.40319,-0.24019
-0.3926,-1.3876,1.0455,0.19608,-0.68923,0.83299,-0.45706,-0.26466
-0.34513,-1.386,1.1117,0.18999,-0.65528,0.82702,-0.51058,-0.28903
-0.2988,-1.3836,1.1767,0.1838,-0.62164,0.82106,-0.56372,-0.31327
-0.25365,-1.3805,1.2407,0.17755,-0.58836,0.81512,-0.61641,-0.33739
-0.20974,-1.3766,1.3034,0.17125,-0.55548,0.8092,-0.66861,-0.36136
-0.16712,-1.372,1.3649,0.16494,-0.52304,0.80329,-0.72027,-0.38518
-0.12586,-1.3667,1.425,0.15864,-0.49107,0.79741,-0.77134,-0.40885
-0.086008,-1.3605,1.4837,0.1524,-0.45963,0.79155,-0.82177,-0.43235
-0.047604,-1.3536,1.541,0.14623,-0.42874,0.78571,-0.87151,-0.45567
-0.010699,-1.3459,1.5968,0.14017,-0.39844,0.77989,-0.92052,-0.4788
0.024661,-1.3374,1.651,0.13424,-0.36878,0.77409,-0.96875,-0.50174
0.058434,-1.3281,1.7035,0.12849,-0.33979,0.76831,-1.0162,-0.52447
0.090579,-1.318,1.7543,0.12293,-0.3115,0.76256,-1.0627,-0.54699
0.12106,-1.307,1.8034,0.11759,-0.28394,0.75682,-1.1083,-0.56928
0.14984,-1.2953,1.8507,0.11251,-0.25715,0.75109,-1.153,-0.59134
0.17688,-1.2827,1.8962,0.10771,-0.23117,0.74538,-1.1966,-0.61317
0.20216,-1.2693,1.9397,0.10322,-0.20601,0.73968,-1.2392,-0.63474
0.22565,-1.2551,1.9813,0.099064,-0.18171,0.73399,-1.2807,-0.65605
0.24732,-1.2401,2.0209,0.095275,-0.1583,0.7283,-1.3211,-0.6771
0.26715,-1.2242,2.0584,0.091876,-0.13579,0.72261,-1.3604,-0.69788
0.28512,-1.2076,2.0939,0.088892,-0.11423,0.71691,-1.3984,-0.71838
0.30122,-1.1901,2.1272,0.08635,-0.093618,0.71121,-1.4352,-0.73858
0.31542,-1.1718,2.1584,0.084273,-0.073991,0.7055,-1.4708,-0.7585
0.32772,-1.1527,2.1874,0.082684,-0.055363,0.69976,-1.505,-0.77811
0.33811,-1.1328,2.2142,0.081606,-0.037755,0.69401,-1.5379,-0.79741
0.34658,-1.1121,2.2388,0.081061,-0.021181,0.68823,-1.5694,-0.81639
0.35314,-1.0906,2.2611,0.081069,-0.005658,0.68241,-1.5996,-0.83506
0.35777,-1.0684,2.2811,0.08165,0.0088009,0.67655,-1.6283,-0.8534
0.36049,-1.0453,2.2988,0.082823,0.022184,0.67065,-1.6556,-0.87141
0.3613,-1.0216,2.3142,0.084606,0.03448,0.66469,-1.6814,-0.88908
0.3602,-0.99709,2.3272,0.087015,0.045682,0.65868,-1.7058,-0.90641
0.35721,-0.97187,2.3378,0.090066,0.055782,0.6526,-1.7286,-0.92339
0.35235,-0.94594,2.3461,0.093774,0.064775,0.64645,-1.7499,-0.94003
0.34562,-0.91932,2.3521,0.098151,0.072657,0.64021,-1.7697,-0.95631
0.33706,-0.89202,2.3556,0.10321,0.079428,0.63389,-1.7879,-0.97224
0.32668,-0.86407,2.3568,0.10896,0.085087,0.62748,-1.8046,-0.98782
0.3145,-0.83547,2.3556,0.11541,0.089636,0.62097,-1.8197,-1.003
0.30057,-0.80625,2.352,0.12258,0.093078,0.61434,-1.8331,-1.0179
0.2849,-0.77644,2.3461,0.13045,0.095419,0.6076,-1.845,-1.0324
0.26753,-0.74604,2.3378,0.13906,0.096666,0.60074,-1.8554,-1.0465
0.2485,-0.71508,2.3271,0.14839,0.096827,0.59374,-1.8641,-1.0603
0.22784,-0.68359,2.3142,0.15845,0.095914,0.5866,-1.8712,-1.0737
0.2056,-0.65159,2.2989,0.16924,0.093938,0.57932,-1.8767,-1.0867
0.18183,-0.61909,2.2813,0.18076,0.090914,0.57188,-1.8806,-1.0994
0.15656,-0.58613,2.2615,0.19301,0.086858,0.56427,-1.883,-1.1117
0.12986,-0.55272,2.2394,0.206,0.081786,0.55649,-1.8838,-1.1237
0.10176,-0.5189,2.2152,0.21971,0.075717,0.54852,-1.883,-1.1354
0.07232,-0.48468,2.1887,0.23413,0.068674,0.54037,-1.8806,-1.1466
0.041602,-0.4501,2.1601,0.24928,0.060678,0.53202,-1.8767,-1.1576
0.0096592,-0.41518,2.1294,0.26512,0.051753,0.52347,-1.8713,-1.1682
-0.023447,-0.37995,2.0966,0.28167,0.041925,0.5147,-1.8644,-1.1784
-0.057655,-0.34443,2.0617,0.2989,0.031222,0.5057,-1.856,-1.1883
-0.092901,-0.30865,2.0249,0.31681,0.019672,0.49648,-1.8461,-1.198
-0.12912,-0.27263,1.9862,0.33538,0.0073049,0.48701,-1.8348,-1.2073
-0.16624,-0.2364,1.9455,0.3546,-0.0058464,0.4773,-1.8221,-1.2162
-0.2042,-0.19999,1.903,0.37446,-0.019749,0.46732,-1.808,-1.2249
-0.24292,-0.16343,1.8588,0.39493,-0.034368,0.45709,-1.7926,-1.2333
-0.28233,-0.12674,1.8127,0.41601,-0.049667,0.44658,-1.7758,-1.2414
-0.32237,-0.089952,1.765,0.43767,-0.065609,0.43578,-1.7577,-1.2493
-0.36294,-0.053084,1.7157,0.45989,-0.082155,0.4247,-1.7384,-1.2569
-0.40399,-0.016166,1.6648,0.48266,-0.099266,0.41331,-1.7179,-1.2642
-0.44542,0.020776,1.6124,0.50594,-0.1169,0.40162,-1.6962,-1.2713
-0.48717,0.057718,1.5586,0.52973,-0.13501,0.38961,-1.6733,-1.2781
-0.52915,0.094634,1.5034,0.554,-0.15356,0.37728,-1.6494,-1.2848
-0.57128,0.1315,1.4469,0.57872,-0.1725,0.36462,-1.6244,-1.2912
-0.61348,0.1683,1.3892,0.60386,-0.19179,0.35161,-1.5985,-1.2974
-0.65568,0.20499,1.3303,0.62941,-0.21138,0.33826,-1.5716,-1.3035
-0.69778,0.24157,1.2703,0.65534,-0.23122,0.32454,-1.5437,-1.3094
-0.73972,0.27801,1.2093,0.68162,-0.25127,0.31046,-1.515,-1.3151
-0.7814,0.31428,1.1474,0.70823,-0.27147,0.29601,-1.4855,-1.3207
-0.82274,0.35037,1.0846,0.73513,-0.29177,0.28117,-1.4553,-1.3261
-0.86366,0.38626,1.0209,0.7623,-0.31213,0.26595,-1.4244,-1.3315
-0.90409,0.42193,0.95661,0.7897,-0.33249,0.25033,-1.3928,-1.3368
-0.94393,0.45736,0.89165,0.81732,-0.35281,0.2343,-1.3606,-1.342
-0.9831,0.49252,0.82612,0.84512,-0.37303,0.21785,-1.3279,-1.3471
-1.0215,0.52742,0.76012,0.87308,-0.39309,0.20099,-1.2948,-1.3522
-1.0591,0.56202,0.69372,0.90115,-0.41295,0.18369,-1.2612,-1.3572
-1.0958,0.59631,0.627,0.92932,-0.43255,0.16596,-1.2273,-1.3622
-1.1316,0.63029,0.56004,0.95755,-0.45184,0.14779,-1.1931,-1.3673
-1.1662,0.66393,0.49292,0.98582,-0.47076,0.12916,-1.1586,-1.3723
-1.1997,0.69723,0.42573,1.0141,-0.48927,0.11008,-1.124,-1.3774
-1.232,0.73017,0.35855,1.0423,-0.50731,0.090528,-1.0893,-1.3826
-1.263,0.76274,0.29146,1.0705,-0.52482,0.070507,-1.0545,-1.3878
-1.2927,0.79493,0.22453,1.0986,-0.54176,0.050006,-1.0197,-1.3931
-1.3209,0.82674,0.15786,1.1266,-0.55806,0.02902,-0.98506,-1.3984
-1.3476,0.85816,0.091522,1.1544,-0.57369,0.0075432,-0.95052,-1.404
-1.3727,0.88917,0.025598,1.1821,-0.58858,-0.014431,-0.91619,-1.4096
-1.3962,0.91978,-0.039833,1.2096,-0.60268,-0.036909,-0.88213,-1.4154
-1.418,0.94998,-0.10469,1.2368,-0.61595,-0.059895,-0.8484,-1.4214
-1.438,0.97976,-0.16889,1.2638,-0.62834,-0.083395,-0.81506,-1.4275
-1.4562,1.0091,-0.23237,1.2905,-0.63979,-0.10741,-0.78217,-1.4339
-1.4725,1.0381,-0.29503,1.3169,-0.65025,-0.13196,-0.74979,-1.4404
-1.4868,1.0666,-0.35681,1.3429,-0.65969,-0.15703,-0.718,-1.4472
-1.4992,1.0947,-0.41763,1.3686,-0.66804,-0.18263,-0.68684,-1.4543
-1.5095,1.1223,-0.47741,1.3939,-0.67527,-0.20876,-0.65637,-1.4615
-1.5177,1.1496,-0.53608,1.4188,-0.68133,-0.23544,-0.62666,-1.4691
-1.5238,1.1764,-0.59357,1.4432,-0.68618,-0.26266,-0.59776,-1.477
-1.5276,1.2028,-0.64982,1.4672,-0.68978,-0.29041,-0.56972,-1.4851
-1.5293,1.2288,-0.70474,1.4908,-0.69208,-0.31872,-0.54261,-1.4936
-1.5287,1.2544,-0.75827,1.5138,-0.69304,-0.34757,-0.51648,-1.5023
-1.5257,1.2795,-0.81036,1.5363,-0.69263,-0.37697,-0.49139,-1.5115
-1.5205,1.3043,-0.86092,1.5582,-0.69081,-0.40691,-0.46737,-1.5209
