0.68045,-5.1012,-2.1698,-5.2749,-2.9504,4.5453,3.2556,4.7315
0.49842,-5.147,-2.3414,-5.2671,-3.0723,4.5895,3.3798,4.7719
0.3151,-5.189,-2.5112,-5.2555,-3.192,4.6303,3.5016,4.8087
0.13067,-5.2273,-2.6791,-5.24,-3.3094,4.6677,3.6208,4.8418
-0.054703,-5.2618,-2.845,-5.2207,-3.4244,4.7016,3.7372,4.8713
-0.24084,-5.2924,-3.0086,-5.1975,-3.5368,4.7321,3.8508,4.897
-0.42755,-5.3191,-3.1698,-5.1704,-3.6466,4.7589,3.9614,4.9189
-0.61466,-5.342,-3.3284,-5.1395,-3.7536,4.7822,4.0689,4.9369
-0.80199,-5.361,-3.4842,-5.1048,-3.8576,4.8018,4.1732,4.9511
-0.98935,-5.376,-3.6371,-5.0663,-3.9587,4.8178,4.2741,4.9613
-1.1766,-5.3871,-3.787,-5.0239,-4.0566,4.83,4.3716,4.9675
-1.3634,-5.3943,-3.9336,-4.9778,-4.1512,4.8385,4.4655,4.9698
-1.5498,-5.3974,-4.0768,-4.9279,-4.2425,4.8432,4.5557,4.968
-1.7354,-5.3966,-4.2165,-4.8742,-4.3304,4.8441,4.6421,4.9621
-1.9202,-5.3918,-4.3525,-4.8168,-4.4147,4.8411,4.7246,4.9522
-2.1038,-5.3831,-4.4847,-4.7557,-4.4954,4.8343,4.8032,4.9381
-2.2862,-5.3703,-4.6129,-4.6909,-4.5724,4.8237,4.8777,4.92
-2.4672,-5.3535,-4.737,-4.6225,-4.6455,4.8091,4.948,4.8977
-2.6465,-5.3327,-4.857,-4.5505,-4.7147,4.7907,5.0141,4.8712
-2.824,-5.308,-4.9726,-4.4749,-4.78,4.7683,5.0758,4.8406
-2.9995,-5.2792,-5.0837,-4.3958,-4.8412,4.7421,5.1332,4.8058
-3.1729,-5.2465,-5.1903,-4.3132,-4.8983,4.712,5.1861,4.7669
-3.3439,-5.2098,-5.2923,-4.2272,-4.9511,4.6779,5.2345,4.7238
-3.5124,-5.1692,-5.3895,-4.1378,-4.9998,4.64,5.2784,4.6766
-3.6782,-5.1246,-5.4819,-4.045,-5.0441,4.5981,5.3176,4.6253
-3.8411,-5.0761,-5.5693,-3.949,-5.0841,4.5524,5.3521,4.5699
-4.001,-5.0238,-5.6518,-3.8497,-5.1197,4.5029,5.3819,4.5104
-4.1577,-4.9675,-5.7292,-3.7473,-5.1508,4.4495,5.407,4.4469
-4.3111,-4.9075,-5.8014,-3.6418,-5.1775,4.3923,5.4272,4.3793
-4.461,-4.8436,-5.8684,-3.5332,-5.1996,4.3313,5.4427,4.3078
-4.6072,-4.776,-5.9302,-3.4217,-5.2173,4.2666,5.4534,4.2323
-4.7496,-4.7046,-5.9867,-3.3073,-5.2303,4.1982,5.4592,4.153
-4.8881,-4.6295,-6.0379,-3.19,-5.2389,4.1261,5.4602,4.0698
-5.0226,-4.5508,-6.0837,-3.07,-5.2428,4.0504,5.4563,3.9828
-5.1528,-4.4684,-6.1241,-2.9474,-5.2421,3.9712,5.4476,3.892
-5.2786,-4.3825,-6.1591,-2.8221,-5.2369,3.8884,5.4341,3.7977
-5.4001,-4.2931,-6.1887,-2.6944,-5.2271,3.8021,5.4157,3.6997
-5.5169,-4.2002,-6.2128,-2.5642,-5.2128,3.7125,5.3926,3.5981
-5.6291,-4.1039,-6.2316,-2.4317,-5.1939,3.6195,5.3648,3.4932
-5.7364,-4.0043,-6.2449,-2.297,-5.1705,3.5232,5.3322,3.3848
-5.8389,-3.9013,-6.2529,-2.1602,-5.1426,3.4238,5.2949,3.2732
-5.9364,-3.7952,-6.2554,-2.0213,-5.1103,3.3212,5.253,3.1583
-6.0288,-3.6859,-6.2527,-1.8804,-5.0735,3.2155,5.2065,3.0404
-6.1161,-3.5735,-6.2446,-1.7377,-5.0324,3.1069,5.1555,2.9194
-6.1981,-3.4581,-6.2313,-1.5933,-4.987,2.9954,5.1,2.7955
-6.2749,-3.3397,-6.2128,-1.4472,-4.9373,2.8812,5.0401,2.6688
-6.3462,-3.2185,-6.1891,-1.2996,-4.8834,2.7642,4.9759,2.5394
-6.4122,-3.0945,-6.1603,-1.1506,-4.8253,2.6446,4.9074,2.4074
-6.4727,-2.9679,-6.1265,-1.0003,-4.7632,2.5225,4.8348,2.2729
-6.5277,-2.8386,-6.0877,-0.84875,-4.6971,2.3981,4.7581,2.1361
-6.5771,-2.7067,-6.0441,-0.69613,-4.627,2.2713,4.6774,1.997
-6.621,-2.5725,-5.9957,-0.54253,-4.5532,2.1423,4.5928,1.8557
-6.6592,-2.4359,-5.9425,-0.38808,-4.4755,2.0112,4.5044,1.7125
-6.6919,-2.297,-5.8848,-0.23288,-4.3943,1.8782,4.4124,1.5673
-6.7189,-2.1561,-5.8225,-0.07706,-4.3094,1.7433,4.3167,1.4205
-6.7403,-2.013,-5.7559,0.07927,-4.2211,1.6066,4.2177,1.272
-6.7561,-1.868,-5.6849,0.23599,-4.1295,1.4684,4.1152,1.122
-6.7663,-1.7212,-5.6098,0.39297,-4.0345,1.3286,4.0095,0.97068
-6.7708,-1.5727,-5.5306,0.55011,-3.9365,1.1874,3.9008,0.81816
-6.7699,-1.4225,-5.4474,0.70727,-3.8354,1.045,3.789,0.66456
-6.7633,-1.2708,-5.3605,0.86434,-3.7314,0.90144,3.6745,0.51005
-6.7513,-1.1177,-5.2698,1.0212,-3.6246,0.75688,3.5572,0.35474
-6.7339,-0.96328,-5.1756,1.1777,-3.5151,0.61143,3.4373,0.1988
-6.711,-0.8077,-5.0779,1.3338,-3.4031,0.46524,3.315,0.042355
-6.6828,-0.65106,-4.977,1.4892,-3.2886,0.31843,3.1904,-0.11444
-6.6492,-0.49347,-4.8728,1.644,-3.1718,0.17113,3.0636,-0.27144
-6.6105,-0.33506,-4.7657,1.798,-3.0529,0.023466,2.9348,-0.4285
-6.5666,-0.17594,-4.6557,1.951,-2.9319,-0.12442,2.8042,-0.58548
-6.5177,-0.016235,-4.543,2.103,-2.8091,-0.2724,2.6718,-0.74222
-6.4637,0.14394,-4.4277,2.2537,-2.6844,-0.42034,2.5378,-0.89859
-6.4049,0.30445,-4.31,2.4032,-2.5582,-0.56812,2.4025,-1.0544
-6.3412,0.46518,-4.19,2.5513,-2.4304,-0.71559,2.2658,-1.2096
-6.2729,0.62601,-4.0678,2.6979,-2.3013,-0.86262,2.128,-1.364
-6.2,0.78681,-3.9437,2.8428,-2.1709,-1.0091,1.9892,-1.5174
-6.1225,0.94747,-3.8177,2.9859,-2.0395,-1.1549,1.8496,-1.6697
-6.0407,1.1078,-3.69,3.1272,-1.9071,-1.2998,1.7093,-1.8208
-5.9546,1.2678,-3.5608,3.2666,-1.7739,-1.4438,1.5684,-1.9705
-5.8644,1.4273,-3.4302,3.4038,-1.64,-1.5867,1.4272,-2.1187
-5.7701,1.5861,-3.2983,3.5389,-1.5056,-1.7284,1.2857,-2.2652
-5.672,1.7441,-3.1654,3.6717,-1.3708,-1.8688,1.1441,-2.41
-5.5701,1.9013,-3.0315,3.8021,-1.2358,-2.0077,1.0025,-2.5528
-5.4645,2.0574,-2.8968,3.93,-1.1006,-2.1451,0.86118,-2.6936
-5.3555,2.2124,-2.7614,4.0553,-0.96539,-2.2807,0.72014,-2.8322
-5.2431,2.3662,-2.6255,4.178,-0.83034,-2.4145,0.57955,-2.9685
-5.1274,2.5185,-2.4892,4.2979,-0.69554,-2.5464,0.43957,-3.1025
-5.0087,2.6694,-2.3526,4.4149,-0.56114,-2.6763,0.30032,-3.2338
-4.8871,2.8187,-2.2159,4.529,-0.42725,-2.804,0.16193,-3.3626
-4.7627,2.9662,-2.0792,4.64,-0.294,-2.9294,0.024535,-3.4885
-4.6356,3.1119,-1.9426,4.748,-0.16151,-3.0525,-0.11175,-3.6116
-4.506,3.2556,-1.8063,4.8528,-0.029903,-3.1731,-0.24679,-3.7318
-4.3741,3.3973,-1.6704,4.9543,0.10071,-3.2911,-0.38047,-3.8488
-4.24,3.5368,-1.5349,5.0525,0.23022,-3.4065,-0.51268,-3.9627
-4.1038,3.674,-1.4001,5.1473,0.35851,-3.5191,-0.6433,-4.0734
-3.9658,3.8089,-1.2659,5.2386,0.48547,-3.6289,-0.77222,-4.1807
-3.826,3.9412,-1.1326,5.3264,0.61101,-3.7357,-0.89934,-4.2845
-3.6845,4.071,-1.0002,5.4107,0.73502,-3.8395,-1.0246,-4.3848
-3.5416,4.1981,-0.86877,5.4913,0.8574,-3.9402,-1.1478,-4.4816
-3.3975,4.3224,-0.73846,5.5683,0.97806,-4.0378,-1.2689,-4.5746
-3.2521,4.4438,-0.60934,5.6415,1.0969,-4.1321,-1.3879,-4.664
-3.1057,4.5622,-0.48149,5.7109,1.2139,-4.2231,-1.5046,-4.7495
-2.9584,4.6776,-0.35499,5.7766,1.3289,-4.3107,-1.6189,-4.8312
-2.8104,4.7899,-0.22992,5.8384,1.4418,-4.3949,-1.7308,-4.909
-2.6618,4.899,-0.10634,5.8964,1.5526,-4.4756,-1.8402,-4.9828
-2.5128,5.0047,0.015688,5.9504,1.6612,-4.5528,-1.9471,-5.0526
-2.3634,5.1071,0.13609,6.0006,1.7675,-4.6263,-2.0514,-5.1184
-2.2138,5.206,0.25483,6.0468,1.8715,-4.6963,-2.1529,-5.1801
-2.0641,5.3015,0.37184,6.0891,1.9732,-4.7626,-2.2518,-5.2377
-1.9145,5.3933,0.48709,6.1274,2.0724,-4.8251,-2.3479,-5.2912
-1.7651,5.4815,0.60054,6.1617,2.1691,-4.8839,-2.4411,-5.3406
-1.616,5.5661,0.71214,6.1921,2.2632,-4.939,-2.5315,-5.3858
-1.4673,5.6468,0.82187,6.2185,2.3548,-4.9903,-2.619,-5.4268
-1.3191,5.7238,0.92971,6.241,2.4438,-5.0377,-2.7036,-5.4636
-1.1716,5.7969,1.0356,6.2595,2.5302,-5.0814,-2.7853,-5.4963
-1.0248,5.8662,1.1396,6.2741,2.6139,-5.1212,-2.864,-5.5248
-0.87891,5.9315,1.2417,6.2847,2.6949,-5.1572,-2.9397,-5.5492
-0.73392,5.9928,1.3418,6.2915,2.7732,-5.1894,-3.0125,-5.5694
-0.58998,6.0501,1.4399,6.2944,2.8488,-5.2177,-3.0823,-5.5854
-0.44716,6.1035,1.5361,6.2934,2.9216,-5.2423,-3.1491,-5.5974
-0.30557,6.1527,1.6304,6.2886,2.9917,-5.263,-3.2129,-5.6053
-0.16526,6.1979,1.7227,6.2801,3.0591,-5.2799,-3.2737,-5.6092
-0.026338,6.239,1.8131,6.2678,3.1237,-5.2931,-3.3316,-5.6091
0.11114,6.2761,1.9016,6.2519,3.1856,-5.3025,-3.3865,-5.605
0.2471,6.309,1.9883,6.2323,3.2448,-5.3082,-3.4386,-5.597
0.38149,6.3378,2.0731,6.2091,3.3012,-5.3103,-3.4877,-5.5852
0.51423,6.3625,2.156,6.1824,3.355,-5.3086,-3.534,-5.5695
0.64529,6.3831,2.2372,6.1522,3.4061,-5.3034,-3.5774,-5.5502
0.77459,6.3996,2.3167,6.1186,3.4545,-5.2946,-3.6181,-5.5271
0.90211,6.412,2.3944,6.0817,3.5003,-5.2823,-3.656,-5.5004
1.0278,6.4204,2.4705,6.0414,3.5436,-5.2666,-3.6912,-5.4702
1.1516,6.4247,2.5449,5.998,3.5843,-5.2474,-3.7238,-5.4365
1.2735,6.425,2.6178,5.9514,3.6224,-5.2249,-3.7537,-5.3994
1.3935,6.4213,2.6891,5.9017,3.6581,-5.1991,-3.7811,-5.359
1.5116,6.4136,2.759,5.8491,3.6913,-5.1701,-3.806,-5.3154
1.6276,6.402,2.8275,5.7936,3.7222,-5.1379,-3.8285,-5.2686
1.7417,6.3865,2.8946,5.7352,3.7507,-5.1027,-3.8486,-5.2188
1.8538,6.3672,2.9604,5.6741,3.7769,-5.0644,-3.8664,-5.166
1.9639,6.3441,3.0249,5.6104,3.8009,-5.0232,-3.8819,-5.1104
2.0719,6.3172,3.0883,5.544,3.8227,-4.9792,-3.8953,-5.0519
2.178,6.2867,3.1505,5.4753,3.8424,-4.9323,-3.9066,-4.9909
2.282,6.2525,3.2117,5.4041,3.86,-4.8828,-3.9158,-4.9272
2.3841,6.2147,3.2718,5.3307,3.8756,-4.8307,-3.9231,-4.8611
2.4841,6.1734,3.331,5.2551,3.8892,-4.776,-3.9285,-4.7927
2.5822,6.1287,3.3894,5.1774,3.901,-4.7189,-3.9321,-4.722
2.6784,6.0806,3.4469,5.0977,3.9109,-4.6595,-3.9339,-4.6491
2.7726,6.0292,3.5036,5.0161,3.9191,-4.5978,-3.9341,-4.5742
2.8649,5.9746,3.5597,4.9328,3.9256,-4.534,-3.9328,-4.4974
2.9553,5.9168,3.6151,4.8477,3.9305,-4.4681,-3.9299,-4.4188
3.0438,5.856,3.6699,4.7611,3.9338,-4.4002,-3.9256,-4.3385
3.1306,5.7921,3.7242,4.6729,3.9356,-4.3305,-3.92,-4.2566
3.2155,5.7254,3.778,4.5834,3.936,-4.259,-3.9131,-4.1732
3.2987,5.6559,3.8314,4.4927,3.935,-4.1858,-3.9051,-4.0884
3.3802,5.5837,3.8844,4.4007,3.9328,-4.111,-3.8959,-4.0024
3.4599,5.5088,3.9371,4.3077,3.9293,-4.0348,-3.8857,-3.9152
3.5381,5.4315,3.9895,4.2136,3.9246,-3.9572,-3.8745,-3.827
3.6146,5.3517,4.0417,4.1188,3.9189,-3.8783,-3.8625,-3.7379
3.6896,5.2695,4.0937,4.0231,3.9122,-3.7982,-3.8496,-3.6479
3.7631,5.1852,4.1455,3.9268,3.9045,-3.7171,-3.8361,-3.5573
3.8352,5.0987,4.1973,3.8299,3.8959,-3.635,-3.8218,-3.466
3.9058,5.0102,4.249,3.7325,3.8864,-3.552,-3.807,-3.3743
3.975,4.9198,4.3006,3.6347,3.8762,-3.4682,-3.7916,-3.2822
4.0429,4.8275,4.3522,3.5367,3.8653,-3.3837,-3.7757,-3.1898
4.1096,4.7336,4.4037,3.4384,3.8537,-3.2987,-3.7595,-3.0972
4.175,4.638,4.4553,3.3401,3.8415,-3.2131,-3.7429,-3.0045
4.2392,4.541,4.507,3.2418,3.8287,-3.1271,-3.726,-2.9119
4.3023,4.4426,4.5586,3.1435,3.8154,-3.0409,-3.7089,-2.8193
4.3643,4.3429,4.6104,3.0454,3.8017,-2.9544,-3.6916,-2.727
4.4252,4.242,4.6621,2.9476,3.7876,-2.8677,-3.6742,-2.6349
4.4851,4.1401,4.7139,2.8501,3.7732,-2.7811,-3.6567,-2.5433
4.544,4.0372,4.7658,2.753,3.7584,-2.6944,-3.6391,-2.4521
4.6021,3.9335,4.8177,2.6564,3.7434,-2.6079,-3.6216,-2.3614
4.6592,3.829,4.8696,2.5604,3.7281,-2.5216,-3.6041,-2.2714
4.7154,3.724,4.9216,2.465,3.7126,-2.4356,-3.5867,-2.1821
4.7709,3.6184,4.9735,2.3704,3.697,-2.3499,-3.5693,-2.0935
4.8256,3.5124,5.0253,2.2765,3.6812,-2.2647,-3.5521,-2.0059
4.8795,3.4061,5.0771,2.1834,3.6653,-2.18,-3.5351,-1.9191
4.9326,3.2995,5.1288,2.0913,3.6493,-2.0959,-3.5182,-1.8333
4.9851,3.1929,5.1803,2.0002,3.6333,-2.0124,-3.5016,-1.7486
5.0369,3.0863,5.2316,1.91,3.6172,-1.9297,-3.4851,-1.6649
5.088,2.9798,5.2827,1.821,3.6011,-1.8477,-3.4688,-1.5825
5.1385,2.8735,5.3334,1.7331,3.5849,-1.7665,-3.4528,-1.5012
5.1884,2.7674,5.3838,1.6463,3.5688,-1.6863,-3.437,-1.4212
5.2376,2.6618,5.4338,1.5608,3.5527,-1.607,-3.4214,-1.3425
5.2863,2.5566,5.4833,1.4765,3.5365,-1.5287,-3.406,-1.2651
5.3343,2.452,5.5322,1.3935,3.5204,-1.4514,-3.3909,-1.1891
5.3818,2.3481,5.5805,1.3119,3.5043,-1.3752,-3.3759,-1.1145
5.4287,2.2449,5.6281,1.2316,3.4882,-1.3002,-3.3612,-1.0414
5.4749,2.1426,5.6749,1.1527,3.472,-1.2263,-3.3466,-0.96969
5.5206,2.0411,5.7209,1.0752,3.4559,-1.1536,-3.3321,-0.89949
5.5656,1.9407,5.7659,0.99922,3.4397,-1.0822,-3.3178,-0.8308
5.61,1.8413,5.8098,0.92465,3.4235,-1.012,-3.3036,-0.76363
5.6537,1.743,5.8526,0.85155,3.4072,-0.94315,-3.2894,-0.698
5.6968,1.646,5.8941,0.77993,3.3908,-0.8756,-3.2753,-0.63391
5.7391,1.5502,5.9343,0.70981,3.3743,-0.80939,-3.2612,-0.57137
5.7808,1.4557,5.9731,0.6412,3.3576,-0.74454,-3.247,-0.51038
5.8217,1.3627,6.0104,0.57408,3.3408,-0.68106,-3.2328,-0.45093
5.8618,1.2711,6.0459,0.50847,3.3238,-0.61896,-3.2184,-0.39303
5.901,1.1811,6.0798,0.44437,3.3065,-0.55826,-3.2038,-0.33667
5.9394,1.0926,6.1118,0.38176,3.289,-0.49896,-3.189,-0.28182
5.9769,1.0057,6.1418,0.32063,3.2712,-0.44106,-3.174,-0.22849
6.0134,0.92047,6.1697,0.26099,3.253,-0.38456,-3.1586,-0.17666
6.0489,0.83695,6.1954,0.20281,3.2345,-0.32946,-3.1428,-0.12629
6.0833,0.75518,6.2188,0.14608,3.2155,-0.27575,-3.1265,-0.077381
6.1167,0.67519,6.2398,0.090773,3.196,-0.22343,-3.1098,-0.029894
6.1488,0.59701,6.2583,0.036878,3.176,-0.17249,-3.0925,0.016195
6.1797,0.52067,6.2741,-0.015632,3.1555,-0.12291,-3.0745,0.060917
6.2092,0.44619,6.2872,-0.066782,3.1343,-0.07468,-3.0559,0.1043
6.2374,0.37361,6.2974,-0.1166,3.1125,-0.027781,-3.0365,0.14639
6.2642,0.30294,6.3046,-0.16511,3.0899,0.017807,-3.0163,0.18722
6.2894,0.23419,6.3087,-0.21236,3.0666,0.062106,-2.9952,0.22682
6.313,0.16738,6.3097,-0.25836,3.0425,0.10514,-2.9731,0.26524
6.335,0.10252,6.3073,-0.30316,3.0175,0.14693,-2.9501,0.30252
6.3552,0.039617,6.3015,-0.3468,2.9915,0.18751,-2.9259,0.3387
6.3736,-0.021328,6.2922,-0.3893,2.9646,0.22691,-2.9006,0.37384
6.3901,-0.080315,6.2793,-0.43071,2.9367,0.26515,-2.8741,0.40797
6.4046,-0.13734,6.2627,-0.47108,2.9077,0.30228,-2.8463,0.44116
6.417,-0.19242,6.2423,-0.51043,2.8776,0.33831,-2.8171,0.47344
6.4273,-0.24556,6.218,-0.54881,2.8462,0.3733,-2.7866,0.50486
6.4354,-0.29677,6.1897,-0.58628,2.8137,0.40727,-2.7545,0.53549
6.4412,-0.34606,6.1573,-0.62286,2.7798,0.44027,-2.7209,0.56537
6.4445,-0.39345,6.1209,-0.6586,2.7446,0.47232,-2.6857,0.59456
6.4454,-0.43895,6.0801,-0.69355,2.7081,0.50348,-2.6488,0.62311
6.4437,-0.48261,6.0351,-0.72776,2.6701,0.53378,-2.6102,0.65107
6.4393,-0.52442,5.9858,-0.76126,2.6306,0.56326,-2.5699,0.6785
6.4323,-0.56443,5.932,-0.79411,2.5896,0.59196,-2.5277,0.70545
6.4224,-0.60267,5.8737,-0.82634,2.5471,0.61993,-2.4836,0.73199
6.4096,-0.63916,5.8109,-0.85801,2.5029,0.6472,-2.4376,0.75815
6.3938,-0.67393,5.7436,-0.88916,2.4571,0.67382,-2.3895,0.784
6.375,-0.70703,5.6716,-0.91983,2.4096,0.69983,-2.3395,0.80959
6.3531,-0.73849,5.5949,-0.95007,2.3605,0.72527,-2.2873,0.83498
6.3279,-0.76835,5.5136,-0.97991,2.3095,0.75019,-2.2331,0.86021
6.2995,-0.79666,5.4275,-1.0094,2.2568,0.77462,-2.1767,0.88534
6.2678,-0.82344,5.3368,-1.0386,2.2023,0.79861,-2.1181,0.91042
6.2326,-0.84875,5.2412,-1.0675,2.1459,0.8222,-2.0572,0.9355
6.194,-0.87264,5.141,-1.0962,2.0877,0.84544,-1.9942,0.96063
6.1518,-0.89515,5.036,-1.1247,2.0276,0.86834,-1.9288,0.98587
6.106,-0.91632,4.9262,-1.1531,1.9657,0.89097,-1.8611,1.0112
6.0566,-0.93621,4.8117,-1.1814,1.9018,0.91336,-1.7911,1.0368
6.0035,-0.95487,4.6925,-1.2095,1.836,0.93554,-1.7188,1.0626
5.9466,-0.97234,4.5686,-1.2377,1.7683,0.95755,-1.6441,1.0887
5.886,-0.98868,4.4401,-1.2658,1.6986,0.97943,-1.567,1.1151
5.8215,-1.0039,4.3069,-1.2939,1.627,1.0012,-1.4876,1.1419
5.7531,-1.0182,4.1692,-1.3221,1.5535,1.0229,-1.4058,1.169
5.6808,-1.0314,4.027,-1.3503,1.478,1.0446,-1.3217,1.1966
5.6046,-1.0437,3.8803,-1.3787,1.4007,1.0663,-1.2352,1.2247
5.5244,-1.0552,3.7292,-1.4072,1.3214,1.088,-1.1463,1.2533
5.4403,-1.0658,3.5737,-1.4358,1.2402,1.1097,-1.0551,1.2824
5.3521,-1.0757,3.4141,-1.4645,1.1572,1.1316,-0.9616,1.312
5.26,-1.0849,3.2503,-1.4935,1.0723,1.1535,-0.86579,1.3423
5.1638,-1.0933,3.0824,-1.5227,0.98556,1.1756,-0.76771,1.3732
5.0636,-1.1012,2.9105,-1.552,0.89703,1.1978,-0.66738,1.4047
4.9595,-1.1085,2.7347,-1.5816,0.80673,1.2202,-0.56485,1.4368
4.8513,-1.1154,2.5552,-1.6115,0.71469,1.2428,-0.46015,1.4696
4.7392,-1.1217,2.3721,-1.6415,0.62096,1.2656,-0.35332,1.5032
4.6231,-1.1277,2.1854,-1.6719,0.52557,1.2886,-0.24441,1.5374
4.503,-1.1332,1.9953,-1.7024,0.42857,1.3118,-0.13346,1.5723
4.3791,-1.1385,1.802,-1.7333,0.33,1.3353,-0.020525,1.608
4.2513,-1.1435,1.6055,-1.7644,0.22993,1.359,0.094334,1.6443
4.1197,-1.1483,1.406,-1.7957,0.12839,1.383,0.21106,1.6814
3.9842,-1.1529,1.2037,-1.8274,0.025458,1.4073,0.32959,1.7193
3.8451,-1.1574,0.99868,-1.8592,-0.078815,1.4318,0.44985,1.7579
3.7023,-1.1618,0.79114,-1.8913,-0.18436,1.4566,0.57179,1.7972
3.5559,-1.1661,0.58124,-1.9237,-0.29112,1.4817,0.69531,1.8372
3.4059,-1.1704,0.36912,-1.9562,-0.39902,1.5071,0.82034,1.878
3.2524,-1.1748,0.15497,-1.989,-0.50799,1.5327,0.94681,1.9194
3.0956,-1.1792,-0.061045,-2.022,-0.61795,1.5586,1.0746,1.9616
2.9354,-1.1837,-0.27874,-2.0552,-0.72882,1.5848,1.2037,2.0045
2.7721,-1.1883,-0.49795,-2.0885,-0.84053,1.6112,1.334,2.048
2.6055,-1.1931,-0.71847,-2.122,-0.953,1.6379,1.4653,2.0921
2.436,-1.1981,-0.94013,-2.1557,-1.0661,1.6648,1.5976,2.137
2.2635,-1.2034,-1.1627,-2.1894,-1.1799,1.6919,1.7308,2.1824
2.0882,-1.2088,-1.3861,-2.2233,-1.2941,1.7192,1.8648,2.2284
1.9101,-1.2146,-1.61,-2.2572,-1.4087,1.7468,1.9995,2.2749
1.7295,-1.2207,-1.8343,-2.2912,-1.5236,1.7745,2.1348,2.322
1.5463,-1.227,-2.0587,-2.3251,-1.6388,1.8023,2.2705,2.3696
1.3608,-1.2338,-2.2832,-2.3591,-1.7541,1.8303,2.4066,2.4177
1.173,-1.2409,-2.5073,-2.3931,-1.8694,1.8585,2.543,2.4662
0.98315,-1.2484,-2.7311,-2.427,-1.9847,1.8867,2.6795,2.5151
0.7913,-1.2563,-2.9542,-2.4608,-2.0997,1.915,2.816,2.5644
0.5976,-1.2646,-3.1765,-2.4945,-2.2145,1.9433,2.9525,2.614
0.4022,-1.2733,-3.3977,-2.528,-2.329,1.9717,3.0887,2.6639
0.20524,-1.2825,-3.6177,-2.5614,-2.443,2.0001,3.2246,2.714
0.0068636,-1.2921,-3.8363,-2.5946,-2.5564,2.0285,3.3601,2.7644
-0.19278,-1.3022,-4.0532,-2.6275,-2.6691,2.0568,3.495,2.8149
-0.39353,-1.3128,-4.2683,-2.6602,-2.7811,2.085,3.6293,2.8655
-0.59524,-1.3238,-4.4814,-2.6926,-2.8922,2.1131,3.7627,2.9162
-0.79776,-1.3353,-4.6922,-2.7246,-3.0023,2.1411,3.8952,2.9669
-1.0009,-1.3473,-4.9006,-2.7563,-3.1113,2.1689,4.0267,3.0176
-1.2046,-1.3597,-5.1064,-2.7877,-3.2192,2.1966,4.1571,3.0683
-1.4085,-1.3727,-5.3094,-2.8185,-3.3258,2.224,4.2861,3.1188
-1.6127,-1.3861,-5.5093,-2.849,-3.431,2.2511,4.4138,3.1691
-1.8168,-1.4,-5.7061,-2.879,-3.5347,2.278,4.5399,3.2193
-2.0208,-1.4143,-5.8996,-2.9084,-3.6369,2.3045,4.6644,3.2691
-2.2245,-1.4292,-6.0895,-2.9373,-3.7373,2.3307,4.7871,3.3187
-2.4276,-1.4445,-6.2756,-2.9657,-3.836,2.3566,4.908,3.3678
-2.6301,-1.4602,-6.4579,-2.9934,-3.9329,2.382,5.0268,3.4165
-2.8317,-1.4764,-6.6362,-3.0206,-4.0277,2.407,5.1436,3.4648
-3.0324,-1.493,-6.8102,-3.047,-4.1206,2.4315,5.2582,3.5125
-3.2319,-1.5101,-6.9799,-3.0728,-4.2113,2.4555,5.3704,3.5596
-3.4301,-1.5275,-7.1451,-3.0979,-4.2998,2.479,5.4802,3.6061
-3.6268,-1.5454,-7.3055,-3.1223,-4.3859,2.5019,5.5874,3.6519
-3.8218,-1.5636,-7.4612,-3.1459,-4.4697,2.5242,5.692,3.6969
-4.015,-1.5822,-7.6119,-3.1687,-4.551,2.546,5.7938,3.7411
-4.2063,-1.6012,-7.7575,-3.1908,-4.6298,2.567,5.8928,3.7845
-4.3954,-1.6205,-7.8979,-3.212,-4.7059,2.5874,5.9888,3.827
-4.5822,-1.6402,-8.033,-3.2324,-4.7794,2.6072,6.0818,3.8685
-4.7665,-1.6601,-8.1626,-3.2519,-4.85,2.6262,6.1716,3.909
-4.9483,-1.6803,-8.2867,-3.2705,-4.9179,2.6444,6.2582,3.9484
-5.1273,-1.7009,-8.4051,-3.2882,-4.9828,2.6619,6.3414,3.9867
-5.3033,-1.7216,-8.5177,-3.3051,-5.0448,2.6786,6.4213,4.0239
-5.4763,-1.7426,-8.6245,-3.321,-5.1038,2.6945,6.4977,4.0598
-5.6462,-1.7638,-8.7254,-3.3359,-5.1598,2.7095,6.5704,4.0945
-5.8127,-1.7853,-8.8202,-3.3499,-5.2126,2.7237,6.6396,4.1279
-5.9757,-1.8069,-8.9089,-3.363,-5.2622,2.737,6.705,4.1599
-6.135,-1.8286,-8.9915,-3.375,-5.3086,2.7494,6.7667,4.1905
-6.2907,-1.8505,-9.0679,-3.3861,-5.3518,2.7609,6.8245,4.2197
-6.4425,-1.8725,-9.138,-3.3962,-5.3917,2.7715,6.8784,4.2474
-6.5903,-1.8946,-9.2018,-3.4052,-5.4283,2.7812,6.9283,4.2736
-6.7339,-1.9168,-9.2592,-3.4133,-5.4616,2.7899,6.9743,4.2982
-6.8734,-1.939,-9.3103,-3.4203,-5.4915,2.7976,7.0161,4.3212
-7.0085,-1.9613,-9.3549,-3.4263,-5.518,2.8044,7.0539,4.3425
-7.1392,-1.9836,-9.3931,-3.4314,-5.5411,2.8102,7.0875,4.3622
-7.2653,-2.0058,-9.4249,-3.4353,-5.5607,2.815,7.1169,4.3801
-7.3868,-2.0281,-9.4503,-3.4383,-5.577,2.8189,7.1421,4.3963
-7.5035,-2.0503,-9.4692,-3.4402,-5.5898,2.8217,7.1631,4.4107
-7.6154,-2.0724,-9.4817,-3.4411,-5.5992,2.8235,7.1798,4.4233
-7.7224,-2.0944,-9.4878,-3.441,-5.6051,2.8243,7.1922,4.4341
-7.8244,-2.1163,-9.4875,-3.4399,-5.6076,2.8242,7.2003,4.4429
-7.9214,-2.1381,-9.4808,-3.4377,-5.6067,2.823,7.2041,4.45
-8.0132,-2.1598,-9.4678,-3.4346,-5.6024,2.8208,7.2036,4.455
-8.0999,-2.1812,-9.4486,-3.4304,-5.5947,2.8176,7.1988,4.4582
-8.1813,-2.2025,-9.4231,-3.4253,-5.5837,2.8135,7.1897,4.4594
-8.2574,-2.2236,-9.3914,-3.4191,-5.5693,2.8083,7.1762,4.4586
-8.3282,-2.2445,-9.3536,-3.412,-5.5516,2.8022,7.1585,4.4559
-8.3936,-2.2651,-9.3098,-3.4039,-5.5306,2.7951,7.1365,4.4511
-8.4535,-2.2854,-9.26,-3.3949,-5.5064,2.787,7.1103,4.4443
-8.508,-2.3055,-9.2043,-3.3849,-5.479,2.778,7.0798,4.4356
-8.5571,-2.3253,-9.1428,-3.374,-5.4485,2.7681,7.0451,4.4248
-8.6007,-2.3447,-9.0756,-3.3621,-5.4148,2.7572,7.0062,4.4119
-8.6387,-2.3639,-9.0027,-3.3493,-5.3781,2.7454,6.9633,4.397
-8.6713,-2.3826,-8.9244,-3.3357,-5.3384,2.7328,6.9162,4.3801
-8.6983,-2.4011,-8.8406,-3.3211,-5.2958,2.7193,6.8651,4.3612
-8.7199,-2.4191,-8.7515,-3.3057,-5.2503,2.7049,6.81,4.3402
-8.7359,-2.4368,-8.6573,-3.2895,-5.2019,2.6897,6.751,4.3172
-8.7465,-2.4541,-8.558,-3.2724,-5.1509,2.6737,6.6881,4.2922
-8.7516,-2.4709,-8.4537,-3.2545,-5.0971,2.6568,6.6214,4.2652
-8.7513,-2.4873,-8.3447,-3.2358,-5.0407,2.6393,6.5509,4.2362
-8.7456,-2.5033,-8.2309,-3.2163,-4.9818,2.6209,6.4768,4.2053
-8.7345,-2.5188,-8.1127,-3.196,-4.9204,2.6019,6.3991,4.1723
-8.7181,-2.5339,-7.99,-3.175,-4.8567,2.5821,6.3178,4.1375
-8.6965,-2.5485,-7.8631,-3.1533,-4.7907,2.5617,6.2331,4.1007
-8.6696,-2.5626,-7.7321,-3.1309,-4.7224,2.5407,6.1451,4.062
-8.6376,-2.5762,-7.5972,-3.1077,-4.6521,2.519,6.0537,4.0214
-8.6004,-2.5893,-7.4584,-3.0839,-4.5797,2.4968,5.9592,3.979
-8.5583,-2.6019,-7.316,-3.0595,-4.5053,2.474,5.8616,3.9348
-8.5112,-2.614,-7.1702,-3.0345,-4.4291,2.4506,5.761,3.8888
-8.4592,-2.6256,-7.021,-3.0088,-4.3512,2.4268,5.6575,3.841
-8.4025,-2.6366,-6.8687,-2.9826,-4.2716,2.4025,5.5512,3.7915
-8.341,-2.6471,-6.7134,-2.9557,-4.1904,2.3778,5.4422,3.7403
-8.2749,-2.657,-6.5553,-2.9284,-4.1077,2.3527,5.3306,3.6875
-8.2043,-2.6665,-6.3946,-2.9005,-4.0237,2.3272,5.2166,3.6331
-8.1293,-2.6753,-6.2314,-2.8722,-3.9384,2.3013,5.1001,3.5771
-8.05,-2.6836,-6.0659,-2.8434,-3.852,2.2752,4.9815,3.5196
-7.9665,-2.6914,-5.8982,-2.8141,-3.7644,2.2488,4.8606,3.4607
-7.8789,-2.6986,-5.7286,-2.7844,-3.6759,2.2221,4.7378,3.4003
-7.7873,-2.7052,-5.5573,-2.7543,-3.5865,2.1952,4.613,3.3385
-7.6918,-2.7113,-5.3843,-2.7238,-3.4963,2.1682,4.4864,3.2754
-7.5926,-2.7168,-5.2098,-2.6929,-3.4055,2.141,4.3581,3.2111
-7.4898,-2.7218,-5.0342,-2.6618,-3.3141,2.1137,4.2283,3.1455
-7.3835,-2.7262,-4.8574,-2.6303,-3.2222,2.0863,4.0971,3.0787
-7.2739,-2.7301,-4.6797,-2.5985,-3.13,2.0589,3.9645,3.0108
-7.161,-2.7335,-4.5013,-2.5664,-3.0375,2.0314,3.8308,2.9419
-7.0451,-2.7362,-4.3223,-2.5341,-2.9448,2.004,3.6959,2.872
-6.9261,-2.7385,-4.1429,-2.5016,-2.852,1.9766,3.5601,2.8011
-6.8044,-2.7402,-3.9632,-2.4688,-2.7592,1.9493,3.4235,2.7293
-6.68,-2.7415,-3.7835,-2.4359,-2.6666,1.9221,3.2862,2.6567
-6.5531,-2.7421,-3.6039,-2.4028,-2.5742,1.895,3.1483,2.5833
-6.4238,-2.7423,-3.4245,-2.3696,-2.482,1.8682,3.0099,2.5092
-6.2923,-2.742,-3.2456,-2.3363,-2.3903,1.8415,2.8712,2.4345
-6.1587,-2.7412,-3.0672,-2.3029,-2.2991,1.815,2.7323,2.3592
-6.0231,-2.74,-2.8895,-2.2694,-2.2084,1.7888,2.5932,2.2834
-5.8857,-2.7382,-2.7128,-2.2359,-2.1184,1.7628,2.4542,2.2071
-5.7467,-2.736,-2.537,-2.2023,-2.0291,1.7372,2.3153,2.1304
-5.6062,-2.7334,-2.3625,-2.1687,-1.9406,1.7118,2.1767,2.0534
-5.4643,-2.7303,-2.1892,-2.1351,-1.853,1.6869,2.0384,1.9761
-5.3212,-2.7268,-2.0174,-2.1015,-1.7664,1.6623,1.9006,1.8986
-5.1771,-2.7229,-1.8473,-2.068,-1.6809,1.6381,1.7633,1.821
-5.032,-2.7186,-1.6788,-2.0346,-1.5965,1.6143,1.6268,1.7433
-4.8863,-2.7139,-1.5122,-2.0012,-1.5132,1.591,1.491,1.6655
-4.7398,-2.7089,-1.3476,-1.9679,-1.4313,1.5681,1.3562,1.5878
-4.593,-2.7035,-1.1851,-1.9347,-1.3506,1.5456,1.2223,1.5102
-4.4458,-2.6978,-1.0248,-1.9017,-1.2714,1.5237,1.0896,1.4328
-4.2984,-2.6918,-0.86686,-1.8688,-1.1935,1.5023,0.95804,1.3555
-4.151,-2.6855,-0.71136,-1.836,-1.1172,1.4814,0.8278,1.2786
-4.0037,-2.6789,-0.55841,-1.8035,-1.0424,1.461,0.69895,1.202
-3.8566,-2.6721,-0.4081,-1.7711,-0.96928,1.4412,0.57157,1.1258
-3.7099,-2.665,-0.26055,-1.7389,-0.89775,1.4219,0.44576,1.05
-3.5637,-2.6577,-0.11583,-1.7069,-0.82792,1.4032,0.32159,0.97477
-3.4181,-2.6501,0.025967,-1.6751,-0.75981,1.385,0.19915,0.90008
-3.2733,-2.6424,0.16476,-1.6436,-0.69347,1.3674,0.07852,0.82599
-3.1294,-2.6345,0.30047,-1.6123,-0.62893,1.3504,-0.040235,0.75257
-2.9866,-2.6265,0.43303,-1.5812,-0.56621,1.334,-0.15704,0.67986
-2.8448,-2.6183,0.56236,-1.5504,-0.50535,1.3181,-0.27183,0.60792
-2.7043,-2.61,0.68842,-1.5199,-0.44637,1.3029,-0.38454,0.53677
-2.5652,-2.6016,0.81113,-1.4896,-0.38928,1.2882,-0.49512,0.46648
-2.4276,-2.5931,0.93045,-1.4596,-0.33412,1.2741,-0.60349,0.39708
-2.2916,-2.5845,1.0463,-1.4298,-0.28087,1.2606,-0.70962,0.32861
-2.1572,-2.5759,1.1587,-1.4004,-0.22957,1.2476,-0.81344,0.26112
-2.0247,-2.5673,1.2676,-1.3712,-0.18021,1.2352,-0.91493,0.19464
-1.894,-2.5586,1.3729,-1.3423,-0.1328,1.2234,-1.014,0.1292
-1.7653,-2.55,1.4747,-1.3137,-0.087335,1.2121,-1.1107,0.064843
-1.6387,-2.5413,1.5728,-1.2854,-0.043814,1.2013,-1.2049,0.0015931
-1.5142,-2.5327,1.6673,-1.2573,-0.0022309,1.191,-1.2966,-0.060519
-1.392,-2.5241,1.7582,-1.2296,0.037425,1.1813,-1.3858,-0.12147
-1.2721,-2.5156,1.8455,-1.2021,0.075166,1.172,-1.4725,-0.18123
-1.1546,-2.5072,1.9291,-1.1749,0.11101,1.1632,-1.5566,-0.23978
-1.0395,-2.4988,2.009,-1.1479,0.14497,1.1549,-1.6382,-0.2971
-0.92696,-2.4905,2.0853,-1.1212,0.17708,1.147,-1.7171,-0.35317
-0.81699,-2.4824,2.158,-1.0947,0.20736,1.1395,-1.7935,-0.40798
-0.70966,-2.4743,2.2271,-1.0685,0.23583,1.1324,-1.8672,-0.46152
-0.60501,-2.4664,2.2926,-1.0425,0.26253,1.1256,-1.9384,-0.51377
-0.50309,-2.4586,2.3545,-1.0167,0.2875,1.1192,-2.0069,-0.56474
-0.40394,-2.4509,2.4129,-0.99116,0.31076,1.1131,-2.0729,-0.6144
-0.3076,-2.4434,2.4678,-0.96579,0.33236,1.1073,-2.1363,-0.66277
-0.21411,-2.436,2.5192,-0.94059,0.35234,1.1018,-2.1971,-0.70984
-0.12349,-2.4287,2.5672,-0.91557,0.37074,1.0965,-2.2554,-0.75561
-0.035766,-2.4217,2.6118,-0.89069,0.38761,1.0914,-2.3111,-0.8001
0.049043,-2.4147,2.653,-0.86595,0.403,1.0864,-2.3644,-0.8433
0.13092,-2.408,2.691,-0.84132,0.41696,1.0816,-2.4152,-0.88522
0.20986,-2.4014,2.7257,-0.81679,0.42955,1.0768,-2.4635,-0.92588
0.28584,-2.3949,2.7573,-0.79234,0.44081,1.0722,-2.5094,-0.9653
0.35888,-2.3886,2.7858,-0.76795,0.4508,1.0675,-2.5529,-1.0035
0.42897,-2.3824,2.8113,-0.74359,0.45959,1.0629,-2.5941,-1.0405
0.49612,-2.3764,2.8337,-0.71925,0.46724,1.0582,-2.633,-1.0762
0.56033,-2.3705,2.8533,-0.6949,0.4738,1.0534,-2.6697,-1.1109
0.62163,-2.3647,2.8701,-0.67052,0.47934,1.0485,-2.7042,-1.1444
0.68003,-2.359,2.8841,-0.64609,0.48392,1.0435,-2.7365,-1.1767
0.73556,-2.3535,2.8955,-0.62158,0.48761,1.0382,-2.7667,-1.208
0.78824,-2.348,2.9043,-0.59696,0.49048,1.0328,-2.7949,-1.2383
0.8381,-2.3426,2.9106,-0.57221,0.4926,1.027,-2.8211,-1.2675
0.88517,-2.3372,2.9145,-0.54731,0.49403,1.0209,-2.8453,-1.2958
0.9295,-2.3319,2.9161,-0.52222,0.49484,1.0145,-2.8677,-1.3231
0.97112,-2.3267,2.9155,-0.49691,0.49511,1.0076,-2.8884,-1.3495
1.0101,-2.3214,2.9127,-0.47137,0.4949,1.0004,-2.9072,-1.3751
1.0464,-2.3161,2.9079,-0.44557,0.49429,0.99261,-2.9245,-1.3998
1.0802,-2.3108,2.9012,-0.41946,0.49335,0.98434,-2.9401,-1.4238
1.1115,-2.3055,2.8927,-0.39303,0.49215,0.9755,-2.9542,-1.4471
1.1404,-2.3,2.8824,-0.36625,0.49075,0.96606,-2.9669,-1.4697
1.1668,-2.2945,2.8705,-0.33908,0.48924,0.95599,-2.9782,-1.4916
1.1909,-2.2888,2.8571,-0.31151,0.48769,0.94522,-2.9882,-1.513
1.2128,-2.283,2.8423,-0.28348,0.48616,0.93374,-2.9969,-1.5339
1.2325,-2.2769,2.8261,-0.25499,0.48473,0.9215,-3.0045,-1.5543
1.25,-2.2707,2.8087,-0.226,0.48346,0.90846,-3.0111,-1.5743
1.2655,-2.2642,2.7902,-0.19648,0.48243,0.89458,-3.0166,-1.5939
1.279,-2.2574,2.7707,-0.1664,0.4817,0.87983,-3.0213,-1.6132
1.2907,-2.2504,2.7503,-0.13573,0.48134,0.86416,-3.0251,-1.6323
1.3005,-2.2429,2.7291,-0.10445,0.48143,0.84755,-3.0281,-1.6512
1.3085,-2.2351,2.7072,-0.072519,0.48201,0.82996,-3.0305,-1.6699
1.315,-2.2269,2.6847,-0.039921,0.48317,0.81135,-3.0323,-1.6886
1.3198,-2.2183,2.6617,-0.0066243,0.48496,0.7917,-3.0335,-1.7072
1.3231,-2.2092,2.6383,0.027397,0.48745,0.77096,-3.0343,-1.7259
1.3251,-2.1995,2.6147,0.062168,0.49069,0.74911,-3.0348,-1.7446
1.3257,-2.1893,2.5909,0.097715,0.49474,0.72612,-3.035,-1.7635
1.3251,-2.1785,2.567,0.13406,0.49966,0.70195,-3.0349,-1.7826
1.3234,-2.167,2.5431,0.17123,0.50552,0.67659,-3.0347,-1.8019
1.3206,-2.1549,2.5193,0.20925,0.51235,0.65001,-3.0345,-1.8216
1.3168,-2.1421,2.4957,0.24813,0.52021,0.62218,-3.0343,-1.8416
1.3122,-2.1285,2.4725,0.2879,0.52915,0.59308,-3.0341,-1.8621
1.3067,-2.1142,2.4496,0.32858,0.53922,0.56268,-3.0342,-1.883
1.3006,-2.099,2.4272,0.37018,0.55047,0.53097,-3.0344,-1.9044
1.2939,-2.083,2.4054,0.41272,0.56293,0.49793,-3.035,-1.9264
1.2866,-2.066,2.3843,0.45622,0.57665,0.46355,-3.0359,-1.9491
1.2789,-2.0482,2.3639,0.50069,0.59167,0.4278,-3.0373,-1.9724
1.2709,-2.0293,2.3444,0.54615,0.60802,0.39067,-3.0391,-1.9964
1.2626,-2.0094,2.3257,0.5926,0.62574,0.35216,-3.0415,-2.0212
1.2541,-1.9885,2.3081,0.64006,0.64485,0.31225,-3.0446,-2.0468
1.2456,-1.9665,2.2915,0.68853,0.66539,0.27094,-3.0482,-2.0732
1.237,-1.9433,2.276,0.73802,0.68738,0.22821,-3.0527,-2.1006
1.2285,-1.919,2.2618,0.78854,0.71084,0.18408,-3.0578,-2.1288
1.2202,-1.8935,2.2488,0.84008,0.7358,0.13852,-3.0639,-2.158
1.2121,-1.8668,2.2371,0.89266,0.76227,0.091552,-3.0708,-2.1882
1.2043,-1.8388,2.2268,0.94626,0.79026,0.043169,-3.0786,-2.2195
1.197,-1.8095,2.218,1.0009,0.8198,-0.0066245,-3.0873,-2.2517
1.1901,-1.7789,2.2107,1.0565,0.85088,-0.057821,-3.0971,-2.2851
1.1837,-1.7469,2.2049,1.1132,0.88352,-0.11041,-3.1079,-2.3195
1.1779,-1.7136,2.2008,1.1709,0.91772,-0.16439,-3.1198,-2.3551
1.1729,-1.6788,2.1982,1.2295,0.95347,-0.21974,-3.1328,-2.3918
1.1685,-1.6426,2.1974,1.2892,0.99078,-0.27644,-3.1469,-2.4297
1.165,-1.6049,2.1983,1.3498,1.0296,-0.33449,-3.1621,-2.4687
1.1624,-1.5658,2.2009,1.4114,1.0701,-0.39385,-3.1785,-2.5089
1.1606,-1.5251,2.2053,1.4739,1.112,-0.45452,-3.1961,-2.5503
1.1599,-1.4829,2.2114,1.5373,1.1554,-0.51647,-3.2149,-2.5929
1.1602,-1.4392,2.2195,1.6016,1.2004,-0.57966,-3.2349,-2.6367
1.1616,-1.3939,2.2293,1.6668,1.2468,-0.64408,-3.2561,-2.6816
1.1642,-1.347,2.241,1.7328,1.2947,-0.7097,-3.2786,-2.7277
1.1679,-1.2986,2.2546,1.7997,1.3441,-0.77648,-3.3023,-2.775
1.1729,-1.2485,2.27,1.8673,1.3948,-0.84439,-3.3271,-2.8235
1.1791,-1.1969,2.2873,1.9356,1.4469,-0.9134,-3.3532,-2.8731
1.1866,-1.1436,2.3064,2.0047,1.5004,-0.98346,-3.3806,-2.9238
1.1955,-1.0887,2.3275,2.0744,1.5551,-1.0545,-3.4091,-2.9756
1.2057,-1.0322,2.3503,2.1448,1.6111,-1.1266,-3.4387,-3.0285
1.2174,-0.97406,2.375,2.2158,1.6684,-1.1996,-3.4696,-3.0824
1.2304,-0.91432,2.4015,2.2873,1.7268,-1.2735,-3.5015,-3.1374
1.2449,-0.85297,2.4298,2.3593,1.7864,-1.3482,-3.5346,-3.1933
1.2609,-0.79001,2.4599,2.4317,1.847,-1.4237,-3.5687,-3.2502
1.2783,-0.72546,2.4917,2.5046,1.9087,-1.4999,-3.6039,-3.3079
1.2972,-0.65932,2.5252,2.5778,1.9713,-1.5768,-3.6401,-3.3666
1.3176,-0.59162,2.5604,2.6513,2.0349,-1.6544,-3.6772,-3.426
1.3395,-0.52236,2.5972,2.725,2.0993,-1.7325,-3.7153,-3.4862
1.3629,-0.45157,2.6356,2.7989,2.1646,-1.8112,-3.7543,-3.5471
1.3878,-0.37927,2.6755,2.873,2.2306,-1.8903,-3.7941,-3.6086
1.4142,-0.30548,2.7169,2.9471,2.2972,-1.9698,-3.8346,-3.6708
1.4421,-0.23023,2.7598,3.0212,2.3645,-2.0497,-3.8759,-3.7334
1.4714,-0.15354,2.804,3.0952,2.4323,-2.1298,-3.9179,-3.7965
1.5022,-0.075458,2.8495,3.1692,2.5006,-2.2101,-3.9604,-3.86
1.5344,0.003995,2.8962,3.2429,2.5693,-2.2906,-4.0035,-3.9239
1.568,0.084778,2.9441,3.3163,2.6383,-2.3712,-4.0471,-3.988
1.603,0.16685,2.9932,3.3894,2.7075,-2.4517,-4.0911,-4.0522
1.6394,0.25018,3.0432,3.4621,2.777,-2.5322,-4.1354,-4.1166
1.6771,0.33471,3.0942,3.5344,2.8465,-2.6126,-4.18,-4.181
1.716,0.42041,3.1461,3.606,2.9161,-2.6928,-4.2248,-4.2453
1.7562,0.50721,3.1988,3.6771,2.9856,-2.7727,-4.2697,-4.3094
1.7977,0.59508,3.2521,3.7474,3.0549,-2.8522,-4.3147,-4.3733
1.8402,0.68395,3.3061,3.817,3.1241,-2.9313,-4.3596,-4.437
1.884,0.77378,3.3607,3.8857,3.193,-3.01,-4.4044,-4.5002
1.9287,0.86451,3.4156,3.9535,3.2614,-3.0881,-4.4489,-4.5628
1.9745,0.95607,3.4709,4.0202,3.3294,-3.1655,-4.4932,-4.625
2.0213,1.0484,3.5265,4.0859,3.3969,-3.2422,-4.5372,-4.6864
2.0689,1.1414,3.5822,4.1504,3.4638,-3.3182,-4.5806,-4.747
2.1174,1.2351,3.638,4.2137,3.5299,-3.3932,-4.6235,-4.8068
2.1667,1.3294,3.6938,4.2756,3.5952,-3.4674,-4.6658,-4.8656
2.2167,1.4242,3.7494,4.3361,3.6597,-3.5405,-4.7074,-4.9233
2.2673,1.5194,3.8048,4.3951,3.7232,-3.6125,-4.7481,-4.9799
2.3186,1.6149,3.8598,4.4526,3.7856,-3.6834,-4.7879,-5.0352
2.3703,1.7108,3.9144,4.5084,3.847,-3.753,-4.8268,-5.0892
2.4225,1.8068,3.9684,4.5625,3.9071,-3.8214,-4.8646,-5.1418
2.475,1.903,4.0218,4.6149,3.966,-3.8883,-4.9011,-5.1927
2.5279,1.9992,4.0745,4.6653,4.0235,-3.9538,-4.9365,-5.2421
2.5809,2.0955,4.1263,4.7138,4.0795,-4.0178,-4.9705,-5.2897
2.6341,2.1915,4.1771,4.7602,4.1341,-4.0802,-5.003,-5.3355
2.6873,2.2874,4.2269,4.8046,4.187,-4.141,-5.034,-5.3793
2.7406,2.3831,4.2755,4.8468,4.2383,-4.2,-5.0634,-5.4212
2.7937,2.4783,4.3228,4.8867,4.2878,-4.2572,-5.0912,-5.4609
2.8466,2.5731,4.3688,4.9243,4.3355,-4.3126,-5.1171,-5.4985
2.8992,2.6674,4.4133,4.9595,4.3813,-4.366,-5.1412,-5.5338
2.9515,2.761,4.4563,4.9923,4.4252,-4.4174,-5.1633,-5.5667
3.0034,2.8539,4.4975,5.0226,4.467,-4.4668,-5.1834,-5.5971
3.0547,2.9461,4.5371,5.0503,4.5068,-4.5141,-5.2014,-5.625
3.1054,3.0373,4.5747,5.0753,4.5444,-4.5593,-5.2172,-5.6504
3.1554,3.1275,4.6104,5.0976,4.5798,-4.6022,-5.2308,-5.673
3.2047,3.2167,4.6441,5.1172,4.613,-4.6428,-5.2421,-5.6928
3.2531,3.3047,4.6756,5.134,4.6438,-4.6811,-5.251,-5.7099
3.3005,3.3915,4.7049,5.1479,4.6722,-4.7171,-5.2574,-5.724
3.347,3.4769,4.732,5.1589,4.6982,-4.7506,-5.2613,-5.7351
3.3923,3.5609,4.7566,5.1669,4.7218,-4.7817,-5.2626,-5.7432
3.4365,3.6434,4.7787,5.172,4.7428,-4.8102,-5.2613,-5.7483
3.4793,3.7243,4.7984,5.174,4.7612,-4.8362,-5.2573,-5.7501
3.5209,3.8035,4.8154,5.1728,4.7771,-4.8596,-5.2506,-5.7488
3.561,3.8809,4.8297,5.1686,4.7903,-4.8804,-5.241,-5.7442
3.5996,3.9565,4.8412,5.1613,4.8008,-4.8986,-5.2287,-5.7364
3.6367,4.0301,4.8499,5.1507,4.8086,-4.914,-5.2134,-5.7251
3.6721,4.1017,4.8558,5.1369,4.8137,-4.9267,-5.1952,-5.7106
3.7058,4.1712,4.8586,5.1199,4.816,-4.9367,-5.1741,-5.6926
3.7377,4.2385,4.8585,5.0997,4.8155,-4.944,-5.15,-5.6711
3.7678,4.3036,4.8553,5.0762,4.8122,-4.9484,-5.1229,-5.6462
3.796,4.3663,4.849,5.0494,4.806,-4.9501,-5.0927,-5.6178
3.8222,4.4266,4.8396,5.0194,4.7971,-4.949,-5.0595,-5.5859
3.8463,4.4845,4.8269,4.986,4.7853,-4.945,-5.0232,-5.5505
3.8684,4.5398,4.8111,4.9494,4.7706,-4.9382,-4.9838,-5.5115
3.8883,4.5924,4.7919,4.9095,4.7531,-4.9286,-4.9413,-5.469
3.906,4.6424,4.7695,4.8663,4.7327,-4.9161,-4.8957,-5.423
3.9215,4.6896,4.7437,4.8198,4.7095,-4.9009,-4.847,-5.3734
3.9347,4.7341,4.7146,4.7701,4.6834,-4.8827,-4.7953,-5.3204
3.9455,4.7756,4.6821,4.7171,4.6545,-4.8618,-4.7404,-5.2638
3.954,4.8143,4.6463,4.661,4.6227,-4.8381,-4.6824,-5.2037
3.96,4.85,4.607,4.6016,4.5882,-4.8116,-4.6214,-5.1402
3.9636,4.8826,4.5643,4.5391,4.5508,-4.7823,-4.5573,-5.0732
3.9648,4.9122,4.5183,4.4734,4.5107,-4.7502,-4.4902,-5.0028
3.9634,4.9387,4.4688,4.4047,4.4678,-4.7154,-4.4201,-4.929
3.9594,4.9621,4.416,4.3329,4.4222,-4.6779,-4.347,-4.8519
3.953,4.9822,4.3597,4.2581,4.3739,-4.6377,-4.2709,-4.7715
3.9439,4.9992,4.3001,4.1803,4.323,-4.5949,-4.192,-4.6878
3.9322,5.0129,4.2372,4.0997,4.2695,-4.5495,-4.1102,-4.601
3.918,5.0233,4.1709,4.0161,4.2133,-4.5014,-4.0256,-4.511
3.9011,5.0305,4.1013,3.9298,4.1547,-4.4509,-3.9382,-4.418
3.8816,5.0344,4.0284,3.8408,4.0936,-4.3978,-3.8481,-4.3219
3.8595,5.0349,3.9523,3.749,4.03,-4.3424,-3.7554,-4.2228
3.8348,5.0321,3.873,3.6547,3.9641,-4.2845,-3.66,-4.1209
3.8075,5.026,3.7905,3.5578,3.8958,-4.2242,-3.5621,-4.0162
3.7775,5.0165,3.7049,3.4585,3.8252,-4.1617,-3.4617,-3.9088
3.745,5.0037,3.6162,3.3568,3.7525,-4.0969,-3.3589,-3.7987
3.7099,4.9875,3.5245,3.2528,3.6775,-4.03,-3.2538,-3.6861
3.6723,4.968,3.4298,3.1466,3.6005,-3.9609,-3.1464,-3.571
3.6321,4.9453,3.3322,3.0382,3.5215,-3.8898,-3.0368,-3.4535
3.5894,4.9192,3.2318,2.9278,3.4405,-3.8167,-2.9251,-3.3338
3.5442,4.8898,3.1286,2.8154,3.3576,-3.7417,-2.8113,-3.2118
3.4965,4.8572,3.0227,2.7012,3.273,-3.6648,-2.6956,-3.0878
3.4465,4.8213,2.9142,2.5851,3.1865,-3.5861,-2.5781,-2.9617
3.394,4.7823,2.8031,2.4674,3.0985,-3.5057,-2.4588,-2.8338
3.3393,4.7401,2.6895,2.3482,3.0088,-3.4236,-2.3378,-2.7041
3.2822,4.6947,2.5736,2.2274,2.9176,-3.34,-2.2152,-2.5728
3.2229,4.6463,2.4553,2.1052,2.825,-3.2549,-2.0911,-2.4398
3.1614,4.5949,2.3347,1.9818,2.7311,-3.1684,-1.9656,-2.3055
3.0977,4.5404,2.2121,1.8572,2.6359,-3.0806,-1.8388,-2.1698
3.0319,4.4831,2.0874,1.7315,2.5395,-2.9915,-1.7108,-2.0328
2.9642,4.4228,1.9607,1.6048,2.442,-2.9012,-1.5817,-1.8948
2.8944,4.3598,1.8322,1.4773,2.3435,-2.8099,-1.4515,-1.7558
2.8227,4.294,1.7019,1.349,2.2441,-2.7175,-1.3205,-1.6159
2.7492,4.2255,1.5699,1.2201,2.1438,-2.6242,-1.1887,-1.4752
2.6739,4.1544,1.4364,1.0906,2.0428,-2.5301,-1.0562,-1.3339
2.5968,4.0807,1.3014,0.96071,1.9412,-2.4353,-0.92307,-1.1921
2.5181,4.0046,1.165,0.83048,1.8389,-2.3397,-0.78946,-1.05
2.4379,3.926,1.0274,0.70003,1.7362,-2.2436,-0.65547,-0.90748
2.3562,3.8452,0.88868,0.56946,1.6331,-2.147,-0.52119,-0.76486
2.273,3.7621,0.7489,0.4389,1.5297,-2.05,-0.38674,-0.62219
2.1885,3.6769,0.60819,0.30843,1.4261,-1.9526,-0.25221,-0.4796
2.1027,3.5896,0.46667,0.17818,1.3223,-1.855,-0.11772,-0.33721
2.0157,3.5004,0.32443,0.048235,1.2185,-1.7573,0.016646,-0.19513
1.9276,3.4093,0.1816,-0.081287,1.1147,-1.6594,0.15077,-0.053478
1.8385,3.3164,0.038282,-0.21029,1.0111,-1.5616,0.28456,0.087625
1.7485,3.2218,-0.10541,-0.33866,0.90771,-1.4639,0.4179,0.22807
1.6576,3.1256,-0.24937,-0.46631,0.80461,-1.3663,0.5507,0.36774
1.566,3.0279,-0.39348,-0.59313,0.7019,-1.269,0.68286,0.50653
1.4736,2.9288,-0.53763,-0.71903,0.59967,-1.1721,0.81429,0.64433
1.3807,2.8284,-0.68171,-0.84391,0.49799,-1.0755,0.94487,0.78103
1.2872,2.7268,-0.8256,-0.96767,0.39694,-0.97944,1.0745,0.91653
1.1933,2.6241,-0.96921,-1.0902,0.29661,-0.88395,1.2031,1.0507
1.0991,2.5204,-1.1124,-1.2115,0.19708,-0.7891,1.3306,1.1835
1.0046,2.4159,-1.2551,-1.3313,0.09842,-0.69497,1.4569,1.3147
0.90992,2.3105,-1.3972,-1.4497,0.00070853,-0.60163,1.5819,1.4444
0.81518,2.2045,-1.5385,-1.5665,-0.095981,-0.50916,1.7055,1.5724
0.72044,2.0979,-1.6791,-1.6817,-0.19158,-0.41761,1.8277,1.6985
0.62579,1.9908,-1.8187,-1.7952,-0.28601,-0.32706,1.9482,1.8228
0.53132,1.8833,-1.9572,-1.9068,-0.3792,-0.23757,2.0672,1.9451
0.43709,1.7756,-2.0946,-2.0166,-0.4711,-0.14921,2.1844,2.0653
0.34321,1.6678,-2.2308,-2.1244,-0.56162,-0.062042,2.2998,2.1834
0.24975,1.5598,-2.3656,-2.2302,-0.65073,0.02388,2.4134,2.2993
0.15679,1.452,-2.499,-2.3339,-0.73834,0.1085,2.525,2.4129
0.064406,1.3442,-2.6309,-2.4355,-0.8244,0.19175,2.6346,2.5242
-0.027316,1.2367,-2.7612,-2.5348,-0.90886,0.27359,2.7421,2.633
-0.1183,1.1296,-2.8897,-2.6319,-0.99166,0.35396,2.8475,2.7393
-0.20848,1.0229,-3.0165,-2.7267,-1.0728,0.43282,2.9507,2.843
-0.29777,0.91672,-3.1414,-2.819,-1.1521,0.51011,3.0516,2.9441
-0.3861,0.81119,-3.2643,-2.909,-1.2296,0.5858,3.1502,3.0426
-0.47341,0.7064,-3.3851,-2.9964,-1.3053,0.65984,3.2465,3.1383
-0.55962,0.60243,-3.5038,-3.0814,-1.3791,0.73219,3.3403,3.2312
-0.64467,0.49937,-3.6204,-3.1637,-1.451,0.80282,3.4316,3.3213
-0.72849,0.39731,-3.7346,-3.2435,-1.5208,0.87169,3.5205,3.4085
-0.81102,0.29633,-3.8465,-3.3207,-1.5887,0.93876,3.6067,3.4928
-0.89221,0.19653,-3.956,-3.3951,-1.6546,1.004,3.6904,3.5742
-0.97198,0.097981,-4.063,-3.4669,-1.7184,1.0674,3.7715,3.6526
-1.0503,0.00076483,-4.1675,-3.536,-1.7801,1.129,3.8499,3.7279
-1.1271,-0.095041,-4.2693,-3.6023,-1.8397,1.1886,3.9256,3.8003
-1.2023,-0.18936,-4.3685,-3.6659,-1.8972,1.2463,3.9986,3.8695
-1.2759,-0.28213,-4.465,-3.7267,-1.9525,1.3021,4.0688,3.9357
-1.3479,-0.37326,-4.5588,-3.7847,-2.0057,1.3559,4.1363,3.9988
-1.4181,-0.4627,-4.6497,-3.8399,-2.0567,1.4078,4.201,4.0588
-1.4866,-0.55039,-4.7378,-3.8923,-2.1054,1.4577,4.2628,4.1157
-1.5533,-0.63625,-4.8229,-3.9419,-2.152,1.5057,4.3219,4.1694
-1.6182,-0.72023,-4.9052,-3.9887,-2.1964,1.5516,4.3782,4.22
-1.6813,-0.80227,-4.9845,-4.0326,-2.2386,1.5956,4.4316,4.2675
-1.7424,-0.88233,-5.0608,-4.0738,-2.2786,1.6376,4.4822,4.3119
-1.8017,-0.96035,-5.134,-4.1122,-2.3164,1.6776,4.53,4.3532
-1.859,-1.0363,-5.2043,-4.1478,-2.3521,1.7156,4.5749,4.3913
-1.9144,-1.1101,-5.2714,-4.1806,-2.3855,1.7516,4.617,4.4263
-1.9678,-1.1817,-5.3354,-4.2107,-2.4167,1.7857,4.6563,4.4583
-2.0191,-1.2511,-5.3964,-4.2381,-2.4458,1.8179,4.6928,4.4872
-2.0685,-1.3183,-5.4542,-4.2627,-2.4728,1.8481,4.7265,4.5131
-2.1159,-1.3832,-5.5089,-4.2846,-2.4976,1.8764,4.7574,4.536
-2.1612,-1.4458,-5.5604,-4.3039,-2.5203,1.9028,4.7856,4.5558
-2.2046,-1.5061,-5.6089,-4.3206,-2.5409,1.9273,4.811,4.5727
-2.2458,-1.564,-5.6541,-4.3347,-2.5595,1.9499,4.8337,4.5867
-2.2851,-1.6196,-5.6963,-4.3462,-2.576,1.9707,4.8537,4.5979
-2.3223,-1.6727,-5.7352,-4.3551,-2.5905,1.9897,4.871,4.6061
-2.3575,-1.7235,-5.7711,-4.3616,-2.6031,2.007,4.8857,4.6116
-2.3906,-1.7718,-5.8039,-4.3656,-2.6137,2.0225,4.8978,4.6143
-2.4218,-1.8178,-5.8335,-4.3673,-2.6224,2.0362,4.9073,4.6142
-2.451,-1.8613,-5.8601,-4.3665,-2.6292,2.0483,4.9143,4.6115
-2.4782,-1.9024,-5.8836,-4.3635,-2.6342,2.0587,4.9188,4.6062
-2.5034,-1.9411,-5.904,-4.3582,-2.6375,2.0676,4.9209,4.5983
-2.5267,-1.9774,-5.9214,-4.3506,-2.6389,2.0748,4.9205,4.5879
-2.548,-2.0112,-5.9358,-4.3409,-2.6387,2.0805,4.9178,4.575
-2.5675,-2.0427,-5.9473,-4.3291,-2.6368,2.0847,4.9127,4.5598
-2.5851,-2.0718,-5.9558,-4.3152,-2.6333,2.0875,4.9054,4.5421
-2.6008,-2.0985,-5.9615,-4.2994,-2.6282,2.0889,4.8958,4.5222
-2.6148,-2.1229,-5.9642,-4.2815,-2.6217,2.0889,4.8841,4.5001
-2.6269,-2.145,-5.9641,-4.2618,-2.6136,2.0876,4.8702,4.4759
-2.6374,-2.1648,-5.9613,-4.2403,-2.6042,2.085,4.8542,4.4495
-2.6461,-2.1823,-5.9557,-4.217,-2.5934,2.0812,4.8363,4.4211
-2.6531,-2.1975,-5.9473,-4.192,-2.5813,2.0762,4.8164,4.3908
-2.6585,-2.2106,-5.9364,-4.1654,-2.5679,2.0701,4.7945,4.3586
-2.6623,-2.2215,-5.9228,-4.1372,-2.5533,2.0629,4.7709,4.3246
-2.6646,-2.2303,-5.9067,-4.1075,-2.5376,2.0547,4.7454,4.2888
-2.6654,-2.237,-5.888,-4.0763,-2.5209,2.0456,4.7182,4.2514
-2.6647,-2.2416,-5.8669,-4.0438,-2.5031,2.0355,4.6893,4.2123
-2.6626,-2.2443,-5.8434,-4.0099,-2.4843,2.0246,4.6589,4.1718
-2.6592,-2.2449,-5.8175,-3.9748,-2.4646,2.0128,4.6268,4.1298
-2.6544,-2.2437,-5.7894,-3.9385,-2.4441,2.0003,4.5933,4.0864
-2.6484,-2.2406,-5.759,-3.9011,-2.4228,1.9871,4.5584,4.0418
-2.6412,-2.2358,-5.7264,-3.8627,-2.4008,1.9732,4.5221,3.9959
-2.6328,-2.2291,-5.6917,-3.8233,-2.3781,1.9588,4.4845,3.9489
-2.6233,-2.2208,-5.655,-3.7829,-2.3548,1.9438,4.4457,3.9008
-2.6127,-2.2109,-5.6162,-3.7417,-2.331,1.9283,4.4057,3.8517
-2.6012,-2.1993,-5.5756,-3.6998,-2.3066,1.9124,4.3646,3.8018
-2.5887,-2.1863,-5.533,-3.6571,-2.2819,1.8961,4.3225,3.751
-2.5753,-2.1718,-5.4887,-3.6138,-2.2567,1.8795,4.2793,3.6994
-2.5611,-2.1559,-5.4426,-3.5699,-2.2313,1.8626,4.2353,3.6471
-2.5461,-2.1387,-5.3948,-3.5254,-2.2056,1.8455,4.1904,3.5943
-2.5304,-2.1202,-5.3454,-3.4806,-2.1796,1.8283,4.1447,3.5409
-2.514,-2.1005,-5.2944,-3.4353,-2.1536,1.8109,4.0983,3.487
-2.497,-2.0797,-5.242,-3.3897,-2.1274,1.7934,4.0512,3.4328
-2.4794,-2.0579,-5.1881,-3.3438,-2.1013,1.7759,4.0035,3.3782
-2.4614,-2.0351,-5.1329,-3.2978,-2.0751,1.7585,3.9552,3.3234
-2.4429,-2.0113,-5.0763,-3.2516,-2.049,1.7412,3.9065,3.2685
-2.424,-1.9867,-5.0186,-3.2053,-2.0231,1.7239,3.8573,3.2134
-2.4047,-1.9614,-4.9597,-3.159,-1.9973,1.7069,3.8078,3.1583
-2.3852,-1.9353,-4.8996,-3.1127,-1.9717,1.6901,3.7579,3.1033
-2.3654,-1.9086,-4.8385,-3.0665,-1.9464,1.6735,3.7078,3.0483
-2.3455,-1.8813,-4.7765,-3.0205,-1.9215,1.6573,3.6575,2.9935
-2.3254,-1.8535,-4.7135,-2.9747,-1.8969,1.6414,3.607,2.939
-2.3053,-1.8253,-4.6496,-2.9291,-1.8727,1.6259,3.5564,2.8848
-2.2851,-1.7968,-4.585,-2.8838,-1.8489,1.6108,3.5057,2.8309
-2.2649,-1.768,-4.5196,-2.8388,-1.8257,1.5962,3.4551,2.7774
-2.2448,-1.739,-4.4535,-2.7943,-1.8029,1.5821,3.4045,2.7244
-2.2248,-1.7098,-4.3869,-2.7502,-1.7808,1.5686,3.3539,2.672
-2.205,-1.6806,-4.3196,-2.7066,-1.7592,1.5556,3.3036,2.6201
-2.1854,-1.6514,-4.2518,-2.6635,-1.7383,1.5433,3.2533,2.5689
-2.166,-1.6222,-4.1836,-2.621,-1.7181,1.5316,3.2033,2.5183
-2.1468,-1.5932,-4.1149,-2.579,-1.6985,1.5206,3.1536,2.4685
-2.128,-1.5644,-4.0459,-2.5378,-1.6797,1.5102,3.1042,2.4195
-2.1096,-1.5358,-3.9766,-2.4972,-1.6616,1.5006,3.055,2.3713
-2.0915,-1.5076,-3.907,-2.4573,-1.6444,1.4918,3.0063,2.324
-2.0739,-1.4798,-3.8372,-2.4182,-1.6279,1.4837,2.9579,2.2775
-2.0567,-1.4524,-3.7673,-2.3798,-1.6122,1.4764,2.91,2.2321
-2.0401,-1.4255,-3.6972,-2.3423,-1.5974,1.4699,2.8625,2.1876
-2.0239,-1.3993,-3.627,-2.3056,-1.5834,1.4643,2.8155,2.1441
-2.0082,-1.3736,-3.5568,-2.2697,-1.5703,1.4595,2.7691,2.1017
-1.9932,-1.3486,-3.4866,-2.2347,-1.558,1.4555,2.7231,2.0604
-1.9787,-1.3244,-3.4164,-2.2006,-1.5467,1.4524,2.6777,2.0201
-1.9648,-1.301,-3.3463,-2.1675,-1.5362,1.4502,2.6328,1.981
-1.9516,-1.2784,-3.2763,-2.1352,-1.5267,1.4489,2.5885,1.9431
-1.939,-1.2567,-3.2064,-2.1039,-1.518,1.4484,2.5449,1.9063
-1.927,-1.2359,-3.1367,-2.0735,-1.5102,1.4489,2.5018,1.8707
-1.9157,-1.2161,-3.0671,-2.0441,-1.5034,1.4502,2.4593,1.8362
-1.9051,-1.1973,-2.9978,-2.0156,-1.4974,1.4524,2.4175,1.803
-1.8952,-1.1796,-2.9287,-1.9882,-1.4923,1.4555,2.3763,1.771
-1.8859,-1.163,-2.8599,-1.9616,-1.4882,1.4596,2.3357,1.7403
-1.8774,-1.1475,-2.7913,-1.9361,-1.4848,1.4644,2.2957,1.7107
-1.8695,-1.1332,-2.7231,-1.9115,-1.4824,1.4702,2.2564,1.6824
-1.8623,-1.1201,-2.6551,-1.8879,-1.4808,1.4768,2.2177,1.6553
-1.8558,-1.1082,-2.5875,-1.8653,-1.48,1.4842,2.1796,1.6294
-1.85,-1.0976,-2.5202,-1.8436,-1.48,1.4925,2.1422,1.6048
-1.8449,-1.0882,-2.4533,-1.8229,-1.4808,1.5016,2.1053,1.5813
-1.8404,-1.0801,-2.3868,-1.803,-1.4824,1.5115,2.0691,1.5591
-1.8365,-1.0733,-2.3206,-1.7841,-1.4847,1.5222,2.0334,1.538
-1.8333,-1.0679,-2.2547,-1.7661,-1.4877,1.5336,1.9983,1.5181
-1.8306,-1.0638,-2.1893,-1.749,-1.4914,1.5458,1.9637,1.4993
-1.8286,-1.061,-2.1242,-1.7327,-1.4957,1.5586,1.9297,1.4817
-1.8271,-1.0596,-2.0595,-1.7173,-1.5007,1.5722,1.8962,1.4651
-1.8262,-1.0595,-1.9952,-1.7026,-1.5063,1.5864,1.8632,1.4496
-1.8258,-1.0608,-1.9312,-1.6888,-1.5124,1.6012,1.8306,1.4352
-1.8258,-1.0634,-1.8676,-1.6757,-1.519,1.6166,1.7985,1.4218
-1.8264,-1.0674,-1.8043,-1.6633,-1.5261,1.6326,1.7667,1.4094
-1.8273,-1.0727,-1.7414,-1.6516,-1.5337,1.649,1.7354,1.3979
-1.8286,-1.0793,-1.6789,-1.6406,-1.5416,1.666,1.7044,1.3873
-1.8303,-1.0873,-1.6167,-1.6302,-1.5499,1.6834,1.6738,1.3776
-1.8323,-1.0966,-1.5547,-1.6204,-1.5585,1.7012,1.6434,1.3688
-1.8346,-1.1071,-1.4931,-1.6112,-1.5673,1.7194,1.6133,1.3607
-1.8371,-1.1189,-1.4318,-1.6024,-1.5764,1.7379,1.5834,1.3534
-1.8397,-1.132,-1.3707,-1.5942,-1.5856,1.7567,1.5537,1.3467
-1.8426,-1.1462,-1.3099,-1.5863,-1.595,1.7757,1.5241,1.3408
-1.8455,-1.1617,-1.2493,-1.5788,-1.6044,1.7949,1.4946,1.3354
-1.8484,-1.1783,-1.189,-1.5717,-1.6139,1.8143,1.4653,1.3305
-1.8514,-1.196,-1.1288,-1.5649,-1.6233,1.8338,1.4359,1.3262
-1.8543,-1.2147,-1.0688,-1.5582,-1.6326,1.8533,1.4065,1.3223
-1.8571,-1.2346,-1.0089,-1.5518,-1.6418,1.8728,1.3771,1.3187
-1.8598,-1.2554,-0.94921,-1.5456,-1.6508,1.8923,1.3476,1.3155
-1.8622,-1.2771,-0.88959,-1.5394,-1.6596,1.9117,1.318,1.3126
-1.8644,-1.2998,-0.83006,-1.5333,-1.6681,1.9309,1.2882,1.3099
-1.8662,-1.3234,-0.77059,-1.5271,-1.6763,1.95,1.2581,1.3073
-1.8677,-1.3477,-0.71115,-1.5209,-1.684,1.9688,1.2278,1.3048
-1.8687,-1.3728,-0.65172,-1.5146,-1.6914,1.9873,1.1972,1.3024
-1.8693,-1.3986,-0.59228,-1.5081,-1.6982,2.0054,1.1663,1.2999
-1.8693,-1.425,-0.53279,-1.5014,-1.7044,2.0232,1.1349,1.2973
-1.8687,-1.452,-0.47325,-1.4944,-1.7101,2.0405,1.1032,1.2946
-1.8674,-1.4796,-0.41362,-1.4871,-1.7151,2.0573,1.0709,1.2916
-1.8654,-1.5076,-0.35387,-1.4794,-1.7194,2.0736,1.0382,1.2883
-1.8627,-1.536,-0.294,-1.4713,-1.723,2.0892,1.0048,1.2847
-1.8591,-1.5647,-0.23396,-1.4626,-1.7257,2.1042,0.97093,1.2807
-1.8546,-1.5937,-0.17374,-1.4534,-1.7276,2.1184,0.93639,1.2762
-1.8491,-1.6229,-0.11332,-1.4436,-1.7286,2.132,0.90116,1.2711
-1.8427,-1.6522,-0.052669,-1.4332,-1.7286,2.1447,0.86523,1.2654
-1.8352,-1.6816,0.0082257,-1.422,-1.7277,2.1565,0.82854,1.2591
-1.8266,-1.7109,0.069388,-1.41,-1.7257,2.1674,0.79106,1.252
-1.8168,-1.7402,0.13084,-1.3973,-1.7226,2.1774,0.75276,1.2441
-1.8057,-1.7693,0.19259,-1.3836,-1.7184,2.1864,0.7136,1.2354
-1.7934,-1.7981,0.25467,-1.3691,-1.7131,2.1943,0.67355,1.2257
-1.7798,-1.8266,0.31708,-1.3536,-1.7065,2.2012,0.63258,1.2151
-1.7648,-1.8548,0.37985,-1.337,-1.6988,2.2069,0.59066,1.2034
-1.7484,-1.8825,0.44299,-1.3194,-1.6897,2.2114,0.54776,1.1906
-1.7305,-1.9096,0.50651,-1.3007,-1.6793,2.2147,0.50385,1.1767
-1.711,-1.9362,0.57042,-1.2808,-1.6676,2.2167,0.4589,1.1616
-1.6901,-1.962,0.63473,-1.2597,-1.6545,2.2174,0.4129,1.1451
-1.6675,-1.9871,0.69946,-1.2373,-1.6401,2.2168,0.36582,1.1274
-1.6433,-2.0113,0.7646,-1.2136,-1.6241,2.2148,0.31765,1.1083
-1.6174,-2.0347,0.83016,-1.1886,-1.6068,2.2114,0.26836,1.0879
-1.5898,-2.057,0.89615,-1.1623,-1.588,2.2066,0.21794,1.0659
-1.5604,-2.0782,0.96257,-1.1345,-1.5676,2.2002,0.16637,1.0424
-1.5293,-2.0984,1.0294,-1.1053,-1.5458,2.1924,0.11364,1.0174
-1.4964,-2.1173,1.0967,-1.0745,-1.5225,2.183,0.059748,0.99083
-1.4616,-2.1349,1.1644,-1.0423,-1.4976,2.1721,0.0046815,0.96261
-1.425,-2.1512,1.2325,-1.0085,-1.4711,2.1595,-0.051564,0.93272
-1.3865,-2.166,1.301,-0.97319,-1.4431,2.1454,-0.10899,0.90113
-1.3461,-2.1794,1.37,-0.93624,-1.4135,2.1296,-0.1676,0.86782
-1.3038,-2.1912,1.4393,-0.89767,-1.3824,2.1122,-0.22739,0.83275
-1.2597,-2.2014,1.509,-0.85745,-1.3497,2.0931,-0.28836,0.7959
-1.2135,-2.2098,1.5791,-0.81556,-1.3154,2.0723,-0.35049,0.75724
-1.1655,-2.2166,1.6495,-0.772,-1.2795,2.0498,-0.41379,0.71675
-1.1155,-2.2215,1.7202,-0.72673,-1.2421,2.0257,-0.47823,0.67442
-1.0636,-2.2246,1.7913,-0.67975,-1.2031,1.9998,-0.54381,0.63023
-1.0097,-2.2258,1.8626,-0.63105,-1.1626,1.9721,-0.6105,0.58417
-0.95396,-2.225,1.9343,-0.58061,-1.1206,1.9428,-0.67829,0.53622
-0.89627,-2.2221,2.0061,-0.52844,-1.077,1.9117,-0.74715,0.48639
-0.83668,-2.2172,2.0782,-0.47453,-1.032,1.8789,-0.81706,0.43467
-0.77521,-2.2102,2.1504,-0.41888,-0.98544,1.8444,-0.888,0.38105
-0.71186,-2.2011,2.2228,-0.36148,-0.93745,1.8082,-0.95993,0.32555
-0.64668,-2.1897,2.2953,-0.30236,-0.88803,1.7702,-1.0328,0.26817
-0.57967,-2.1761,2.3679,-0.2415,-0.83721,1.7305,-1.1066,0.20891
-0.51088,-2.1602,2.4406,-0.17893,-0.78502,1.6892,-1.1813,0.1478
-0.44033,-2.142,2.5132,-0.11464,-0.7315,1.6462,-1.2569,0.084848
-0.36806,-2.1214,2.5858,-0.048669,-0.67667,1.6015,-1.3332,0.020071
-0.2941,-2.0986,2.6583,0.018981,-0.62057,1.5551,-1.4104,-0.046506
-0.21851,-2.0733,2.7308,0.088286,-0.56324,1.5072,-1.4882,-0.11486
-0.14132,-2.0456,2.803,0.15922,-0.50473,1.4576,-1.5667,-0.18496
-0.062579,-2.0155,2.8751,0.23177,-0.44508,1.4065,-1.6458,-0.25677
0.017658,-1.9829,2.9469,0.3059,-0.38432,1.3538,-1.7255,-0.33025
0.099337,-1.9479,3.0184,0.38157,-0.32252,1.2996,-1.8057,-0.40538
0.1824,-1.9105,3.0895,0.45876,-0.25972,1.2439,-1.8863,-0.4821
0.26679,-1.8706,3.1602,0.53744,-0.19597,1.1867,-1.9673,-0.56037
0.35245,-1.8282,3.2305,0.61756,-0.13132,1.1281,-2.0486,-0.64014
0.4393,-1.7833,3.3003,0.69908,-0.065827,1.0682,-2.1302,-0.72136
0.52729,-1.736,3.3695,0.78196,0.00044819,1.0069,-2.212,-0.80398
0.61633,-1.6863,3.4381,0.86615,0.06745,0.94429,-2.2939,-0.88793
0.70636,-1.6341,3.506,0.95161,0.13512,0.88044,-2.3759,-0.97316
0.7973,-1.5795,3.5732,1.0383,0.20339,0.81537,-2.4578,-1.0596
0.88907,-1.5225,3.6397,1.1261,0.27221,0.74913,-2.5397,-1.1472
0.98159,-1.4631,3.7053,1.2151,0.34151,0.68178,-2.6213,-1.2358
1.0748,-1.4014,3.7699,1.3051,0.41122,0.61337,-2.7028,-1.3255
1.1686,-1.3374,3.8337,1.3961,0.48129,0.54394,-2.7839,-1.4161
1.2629,-1.271,3.8964,1.488,0.55163,0.47356,-2.8646,-1.5075
1.3575,-1.2024,3.9581,1.5808,0.62219,0.40227,-2.9448,-1.5997
1.4526,-1.1316,4.0186,1.6743,0.69289,0.33013,-3.0245,-1.6926
1.5478,-1.0586,4.078,1.7687,0.76367,0.25721,-3.1036,-1.7861
1.6432,-0.98346,4.1361,1.8636,0.83445,0.18355,-3.1819,-1.88
1.7387,-0.90625,4.1929,1.9592,0.90517,0.10923,-3.2594,-1.9745
1.834,-0.82699,4.2483,2.0553,0.97575,0.034309,-3.336,-2.0692
1.9293,-0.74576,4.3024,2.1518,1.0461,-0.041157,-3.4116,-2.1641
2.0243,-0.66259,4.355,2.2487,1.1162,-0.1171,-3.4862,-2.2592
2.119,-0.57757,4.406,2.3458,1.186,-0.19345,-3.5597,-2.3544
2.2132,-0.49074,4.4555,2.4432,1.2553,-0.27015,-3.6319,-2.4494
2.3069,-0.40217,4.5034,2.5407,1.3241,-0.34712,-3.7027,-2.5444
2.4,-0.31193,4.5495,2.6382,1.3924,-0.4243,-3.7722,-2.639
2.4924,-0.22009,4.594,2.7357,1.46,-0.50162,-3.8402,-2.7333
2.5839,-0.12672,4.6366,2.833,1.5269,-0.57901,-3.9066,-2.827
2.6745,-0.031895,4.6774,2.9301,1.593,-0.6564,-3.9714,-2.9202
2.7641,0.064304,4.7164,3.0269,1.6583,-0.73372,-4.0344,-3.0128
2.8525,0.1618,4.7534,3.1233,1.7226,-0.81089,-4.0956,-3.1045
2.9398,0.26051,4.7884,3.2193,1.786,-0.88786,-4.1549,-3.1953
3.0257,0.36035,4.8214,3.3146,1.8483,-0.96453,-4.2122,-3.2851
3.1102,0.46124,4.8523,3.4093,1.9094,-1.0408,-4.2675,-3.3737
