0.58513,-0.50198,1.6503,-1.0726,0.69284,0.50478,-0.86605,0.4406
0.51792,-0.44934,1.6001,-1.0444,0.65955,0.4953,-0.83457,0.4337
0.4503,-0.3961,1.5493,-1.0149,0.62624,0.48495,-0.80305,0.42591
0.38229,-0.34233,1.4978,-0.98406,0.59289,0.47375,-0.77147,0.41725
0.31392,-0.28808,1.4457,-0.95203,0.55952,0.46174,-0.73982,0.40774
0.2452,-0.23342,1.3929,-0.91879,0.5261,0.44894,-0.70811,0.3974
0.17616,-0.17841,1.3395,-0.88437,0.49265,0.43537,-0.67633,0.38625
0.10683,-0.12312,1.2854,-0.84883,0.45915,0.42107,-0.64448,0.37433
0.037222,-0.067601,1.2307,-0.81218,0.42561,0.40606,-0.61254,0.36165
-0.032624,-0.01193,1.1754,-0.77449,0.39201,0.39038,-0.58052,0.34825
-0.10269,0.043834,1.1194,-0.73578,0.35836,0.37405,-0.5484,0.33416
-0.17293,0.099622,1.0628,-0.6961,0.32465,0.35711,-0.51619,0.31939
-0.24333,0.15537,1.0056,-0.65549,0.29089,0.33959,-0.48388,0.304
-0.31385,0.21101,0.94775,-0.61401,0.25706,0.32153,-0.45146,0.288
-0.38446,0.26649,0.88933,-0.57169,0.22316,0.30295,-0.41893,0.27143
-0.45513,0.32172,0.83031,-0.52858,0.1892,0.28389,-0.38628,0.25432
-0.52582,0.37665,0.77072,-0.48473,0.15517,0.2644,-0.35352,0.23671
-0.5965,0.43121,0.71057,-0.44019,0.12106,0.24449,-0.32063,0.21864
-0.66712,0.48533,0.64986,-0.39502,0.086895,0.22422,-0.28761,0.20013
-0.73766,0.53895,0.58862,-0.34926,0.052654,0.20362,-0.25446,0.18124
-0.80806,0.592,0.52685,-0.30296,0.018345,0.18272,-0.22119,0.16199
-0.8783,0.64442,0.46459,-0.25618,-0.016034,0.16157,-0.18777,0.14242
-0.94833,0.69614,0.40183,-0.20897,-0.05048,0.1402,-0.15422,0.12258
-1.0181,0.7471,0.33861,-0.16139,-0.084991,0.11865,-0.12053,0.1025
-1.0876,0.79723,0.27495,-0.11349,-0.11957,0.096959,-0.086698,0.082218
-1.1567,0.84648,0.21086,-0.065326,-0.1542,0.075171,-0.052727,0.061783
-1.2255,0.89478,0.14638,-0.016959,-0.18889,0.053322,-0.018615,0.041231
-1.2938,0.94207,0.081518,0.031557,-0.22363,0.031453,0.015637,0.020605
-1.3617,0.98828,0.016308,0.080163,-0.25842,0.0096027,0.050028,-5.4656e-05
-1.4291,1.0334,-0.049225,0.1288,-0.29325,-0.012189,0.084555,-0.020706
-1.4958,1.0773,-0.11505,0.17741,-0.32812,-0.033881,0.11922,-0.041308
-1.562,1.1199,-0.18115,0.22594,-0.36301,-0.055436,0.15401,-0.061819
-1.6275,1.1613,-0.24747,0.27433,-0.39792,-0.076812,0.18893,-0.082196
-1.6923,1.2013,-0.314,0.32251,-0.43285,-0.097972,0.22397,-0.1024
-1.7563,1.2398,-0.3807,0.37044,-0.46778,-0.11887,0.25913,-0.12238
-1.8195,1.277,-0.44753,0.41804,-0.5027,-0.13948,0.2944,-0.14211
-1.8819,1.3126,-0.51446,0.46526,-0.5376,-0.15976,0.32978,-0.16154
-1.9433,1.3466,-0.58145,0.51204,-0.57247,-0.17966,0.36525,-0.18063
-2.0038,1.3791,-0.64847,0.55833,-0.60731,-0.19915,0.40081,-0.19934
-2.0633,1.4099,-0.71547,0.60406,-0.64209,-0.2182,0.43644,-0.21764
-2.1217,1.439,-0.78242,0.64917,-0.6768,-0.23676,0.47215,-0.23547
-2.1789,1.4664,-0.84927,0.69361,-0.71143,-0.25481,0.50791,-0.25281
-2.235,1.4919,-0.91598,0.73733,-0.74597,-0.2723,0.54372,-0.26961
-2.2899,1.5157,-0.9825,0.78025,-0.78039,-0.28921,0.57956,-0.28583
-2.3436,1.5376,-1.0488,0.82233,-0.81469,-0.30549,0.61542,-0.30145
-2.3959,1.5577,-1.1148,0.86352,-0.84884,-0.32112,0.65129,-0.31643
-2.4468,1.5758,-1.1805,0.90375,-0.88283,-0.33606,0.68714,-0.33072
-2.4963,1.592,-1.2459,0.94297,-0.91664,-0.35029,0.72297,-0.3443
-2.5444,1.6062,-1.3108,0.98113,-0.95025,-0.36376,0.75876,-0.35713
-2.5909,1.6184,-1.3753,1.0182,-0.98363,-0.37647,0.79448,-0.36919
-2.6359,1.6286,-1.4392,1.0541,-1.0168,-0.38837,0.83013,-0.38044
-2.6793,1.6368,-1.5026,1.0887,-1.0497,-0.39944,0.86567,-0.39085
-2.721,1.6429,-1.5654,1.1221,-1.0823,-0.40965,0.9011,-0.40039
-2.761,1.6469,-1.6275,1.1542,-1.1146,-0.41899,0.93639,-0.40904
-2.7992,1.6488,-1.6889,1.185,-1.1466,-0.42743,0.97152,-0.41678
-2.8357,1.6487,-1.7496,1.2143,-1.1782,-0.43494,1.0065,-0.42357
-2.8703,1.6464,-1.8094,1.2422,-1.2094,-0.4415,1.0412,-0.42939
-2.9031,1.6421,-1.8683,1.2686,-1.2403,-0.44711,1.0757,-0.43423
-2.9339,1.6356,-1.9263,1.2935,-1.2707,-0.45173,1.1099,-0.43806
-2.9628,1.627,-1.9833,1.3168,-1.3007,-0.45536,1.1439,-0.44086
-2.9897,1.6163,-2.0393,1.3385,-1.3302,-0.45798,1.1776,-0.44263
-3.0146,1.6035,-2.0943,1.3585,-1.3593,-0.45957,1.2109,-0.44334
-3.0374,1.5886,-2.148,1.3769,-1.3878,-0.46013,1.2439,-0.44297
-3.0581,1.5716,-2.2006,1.3936,-1.4157,-0.45965,1.2765,-0.44153
-3.0767,1.5526,-2.252,1.4086,-1.4431,-0.45811,1.3086,-0.43899
-3.0931,1.5315,-2.302,1.4218,-1.4699,-0.45551,1.3404,-0.43536
-3.1073,1.5084,-2.3507,1.4332,-1.496,-0.45185,1.3716,-0.43062
-3.1194,1.4832,-2.398,1.4427,-1.5216,-0.44712,1.4024,-0.42476
-3.1292,1.4561,-2.4439,1.4505,-1.5464,-0.44132,1.4326,-0.41779
-3.1367,1.427,-2.4882,1.4564,-1.5705,-0.43445,1.4623,-0.40971
-3.142,1.396,-2.531,1.4604,-1.5939,-0.42651,1.4914,-0.40051
-3.1449,1.363,-2.5722,1.4626,-1.6165,-0.41751,1.5199,-0.3902
-3.1456,1.3283,-2.6118,1.4628,-1.6384,-0.40744,1.5477,-0.37879
-3.1439,1.2916,-2.6497,1.4611,-1.6594,-0.39632,1.5749,-0.36627
-3.1399,1.2532,-2.6858,1.4576,-1.6796,-0.38416,1.6013,-0.35266
-3.1336,1.2131,-2.7202,1.4521,-1.699,-0.37097,1.627,-0.33797
-3.1249,1.1713,-2.7527,1.4446,-1.7174,-0.35674,1.652,-0.32221
-3.1138,1.1278,-2.7833,1.4353,-1.735,-0.34151,1.6761,-0.30538
-3.1004,1.0827,-2.8121,1.424,-1.7516,-0.32529,1.6995,-0.28752
-3.0846,1.0361,-2.8389,1.4108,-1.7672,-0.30809,1.7219,-0.26864
-3.0665,0.98795,-2.8637,1.3957,-1.7819,-0.28993,1.7435,-0.24875
-3.046,0.9384,-2.8865,1.3787,-1.7956,-0.27083,1.7642,-0.22788
-3.0231,0.88748,-2.9073,1.3597,-1.8082,-0.25081,1.7839,-0.20605
-2.9979,0.83525,-2.926,1.3389,-1.8198,-0.2299,1.8027,-0.18329
-2.9704,0.78178,-2.9425,1.3163,-1.8303,-0.20812,1.8204,-0.15962
-2.9405,0.72712,-2.9569,1.2918,-1.8397,-0.1855,1.8372,-0.13507
-2.9083,0.67137,-2.9691,1.2655,-1.8481,-0.16207,1.8529,-0.10967
-2.8738,0.61457,-2.9792,1.2373,-1.8552,-0.13786,1.8675,-0.083453
-2.8371,0.55681,-2.987,1.2074,-1.8613,-0.11289,1.881,-0.056456
-2.7981,0.49815,-2.9926,1.1758,-1.8661,-0.087211,1.8934,-0.028711
-2.7568,0.43869,-2.9959,1.1424,-1.8698,-0.060844,1.9046,-0.00025705
-2.7134,0.37848,-2.9969,1.1074,-1.8722,-0.03383,1.9147,0.028869
-2.6678,0.31762,-2.9956,1.0707,-1.8735,-0.0062052,1.9235,0.058626
-2.62,0.25619,-2.9921,1.0325,-1.8735,0.021991,1.9312,0.088972
-2.5701,0.19426,-2.9862,0.99266,-1.8723,0.050718,1.9376,0.11986
-2.5181,0.13192,-2.978,0.95132,-1.8698,0.079935,1.9427,0.15126
-2.4641,0.069262,-2.9674,0.90851,-1.866,0.1096,1.9465,0.18311
-2.408,0.0063632,-2.9545,0.86427,-1.8609,0.13967,1.9491,0.21537
-2.35,-0.056687,-2.9393,0.81867,-1.8546,0.17009,1.9503,0.24799
-2.2901,-0.1198,-2.9218,0.77176,-1.8469,0.20083,1.9502,0.28091
-2.2282,-0.18289,-2.9019,0.72358,-1.838,0.23183,1.9488,0.3141
-2.1645,-0.24586,-2.8797,0.6742,-1.8277,0.26304,1.946,0.3475
-2.0989,-0.30863,-2.8552,0.62367,-1.8161,0.29443,1.9418,0.38104
-2.0316,-0.3711,-2.8283,0.57206,-1.8031,0.32593,1.9362,0.41469
-1.9626,-0.43318,-2.7992,0.51943,-1.7888,0.35749,1.9292,0.44839
-1.8919,-0.49479,-2.7678,0.46585,-1.7732,0.38907,1.9208,0.48207
-1.8196,-0.55582,-2.7341,0.41138,-1.7563,0.42061,1.911,0.51569
-1.7457,-0.6162,-2.6981,0.35609,-1.7379,0.45205,1.8997,0.54918
-1.6703,-0.67583,-2.66,0.30006,-1.7183,0.48335,1.887,0.58249
-1.5934,-0.73462,-2.6196,0.24335,-1.6973,0.51444,1.8728,0.61557
-1.5152,-0.79247,-2.5771,0.18604,-1.6749,0.54528,1.8572,0.64834
-1.4355,-0.84931,-2.5324,0.12821,-1.6512,0.57581,1.8402,0.68075
-1.3545,-0.90504,-2.4855,0.069925,-1.6262,0.60597,1.8217,0.71275
-1.2723,-0.95957,-2.4366,0.011272,-1.5998,0.63571,1.8017,0.74428
-1.1889,-1.0128,-2.3856,-0.047673,-1.5721,0.66496,1.7803,0.77526
-1.1044,-1.0647,-2.3326,-0.10683,-1.5431,0.69368,1.7574,0.80565
-1.0188,-1.1151,-2.2776,-0.16611,-1.5127,0.72181,1.733,0.83539
-0.93213,-1.164,-2.2207,-0.22545,-1.4811,0.74928,1.7072,0.86441
-0.84452,-1.2113,-2.1618,-0.28474,-1.4481,0.77605,1.6799,0.89265
-0.756,-1.2569,-2.1011,-0.34392,-1.4138,0.80206,1.6511,0.92007
-0.66663,-1.3007,-2.0385,-0.4029,-1.3783,0.82725,1.6209,0.94659
-0.57648,-1.3426,-1.9742,-0.46158,-1.3415,0.85157,1.5893,0.97216
-0.48559,-1.3826,-1.9081,-0.5199,-1.3034,0.87497,1.5562,0.99672
-0.39403,-1.4206,-1.8403,-0.57775,-1.264,0.89738,1.5218,1.0202
-0.30185,-1.4566,-1.7708,-0.63506,-1.2234,0.91875,1.4858,1.0426
-0.20912,-1.4904,-1.6998,-0.69175,-1.1816,0.93904,1.4485,1.0638
-0.11589,-1.522,-1.6273,-0.74771,-1.1386,0.95819,1.4098,1.0838
-0.022228,-1.5514,-1.5532,-0.80288,-1.0944,0.97614,1.3697,1.1025
0.071817,-1.5784,-1.4777,-0.85717,-1.049,0.99285,1.3282,1.1198
0.16618,-1.603,-1.4008,-0.91049,-1.0024,1.0083,1.2854,1.1358
0.26082,-1.6253,-1.3226,-0.96275,-0.95473,1.0224,1.2412,1.1503
0.35565,-1.645,-1.2431,-1.0139,-0.90591,1.035,1.1957,1.1634
0.45064,-1.6622,-1.1623,-1.0638,-0.85598,1.0463,1.1489,1.1749
0.54572,-1.6768,-1.0804,-1.1124,-0.80496,1.0561,1.1008,1.1848
0.64084,-1.6888,-0.99743,-1.1597,-0.75287,1.0644,1.0515,1.1931
0.73594,-1.6981,-0.91338,-1.2054,-0.69974,1.0711,1.0008,1.1998
0.83097,-1.7048,-0.82832,-1.2497,-0.64559,1.0762,0.94899,1.2047
0.92587,-1.7087,-0.74233,-1.2923,-0.59043,1.0796,0.89593,1.208
1.0206,-1.7098,-0.65546,-1.3333,-0.5343,1.0814,0.84167,1.2094
1.1151,-1.7082,-0.56777,-1.3725,-0.47722,1.0815,0.78626,1.209
1.2093,-1.7038,-0.47932,-1.4099,-0.4192,1.0799,0.7297,1.2068
1.3031,-1.6966,-0.39016,-1.4454,-0.36029,1.0764,0.67202,1.2028
1.3966,-1.6865,-0.30037,-1.4789,-0.30049,1.0712,0.61326,1.1968
1.4896,-1.6736,-0.20999,-1.5104,-0.23985,1.0642,0.55343,1.1889
1.5821,-1.6579,-0.11908,-1.5398,-0.17838,1.0553,0.49257,1.179
1.6741,-1.6393,-0.027714,-1.5671,-0.11612,1.0445,0.43071,1.1672
1.7655,-1.6179,0.064063,-1.5921,-0.053093,1.0319,0.36786,1.1534
1.8563,-1.5936,0.15619,-1.6149,0.010674,1.0173,0.30407,1.1376
1.9464,-1.5665,0.2486,-1.6354,0.075148,1.0008,0.23937,1.1198
2.0358,-1.5366,0.34125,-1.6535,0.1403,0.9824,0.17378,1.1
2.1243,-1.5039,0.43407,-1.6692,0.2061,0.96205,0.10734,1.0781
2.2121,-1.4685,0.527,-1.6825,0.27251,0.93974,0.040083,1.0542
2.299,-1.4302,0.61999,-1.6933,0.33951,0.91548,-0.027957,1.0283
2.385,-1.3893,0.71299,-1.7015,0.40705,0.88926,-0.096745,1.0003
2.4701,-1.3456,0.80593,-1.7072,0.47511,0.86109,-0.16625,0.97028
2.5541,-1.2993,0.89876,-1.7103,0.54366,0.83096,-0.23642,0.93824
2.6372,-1.2504,0.99142,-1.7107,0.61265,0.79889,-0.30724,0.90418
2.7192,-1.1989,1.0839,-1.7086,0.68205,0.76489,-0.37865,0.86811
2.8,-1.1449,1.176,-1.7037,0.75183,0.72895,-0.45063,0.83005
2.8797,-1.0884,1.2679,-1.6962,0.82195,0.69111,-0.52313,0.79001
2.9583,-1.0295,1.3594,-1.6859,0.89238,0.65138,-0.59611,0.74802
3.0356,-0.96816,1.4504,-1.673,0.96307,0.60976,-0.66954,0.70409
3.1117,-0.90455,1.5409,-1.6574,1.034,0.5663,-0.74336,0.65825
3.1864,-0.83869,1.6309,-1.639,1.1051,0.52101,-0.81754,0.61053
3.2599,-0.77065,1.7204,-1.6179,1.1764,0.47392,-0.89204,0.56095
3.332,-0.7005,1.8092,-1.5941,1.2477,0.42506,-0.96681,0.50957
3.4027,-0.6283,1.8973,-1.5676,1.3192,0.37446,-1.0418,0.4564
3.472,-0.55414,1.9847,-1.5384,1.3907,0.32217,-1.117,0.40148
3.5399,-0.47808,2.0713,-1.5065,1.4621,0.2682,-1.1923,0.34487
3.6063,-0.40021,2.157,-1.472,1.5335,0.21262,-1.2677,0.2866
3.6711,-0.32062,2.242,-1.4348,1.6049,0.15545,-1.3432,0.22671
3.7344,-0.23938,2.326,-1.395,1.6761,0.096754,-1.4187,0.16526
3.7962,-0.15658,2.409,-1.3526,1.7471,0.036567,-1.4941,0.1023
3.8564,-0.072303,2.491,-1.3077,1.8179,-0.025057,-1.5694,0.037878
3.9149,0.013348,2.572,-1.2602,1.8885,-0.088067,-1.6446,-0.02795
3.9719,0.10029,2.652,-1.2103,1.9587,-0.15241,-1.7196,-0.095127
4.0271,0.18842,2.7307,-1.158,2.0286,-0.21802,-1.7944,-0.16359
4.0807,0.27765,2.8084,-1.1032,2.0981,-0.28486,-1.8689,-0.23329
4.1325,0.36788,2.8848,-1.0461,2.1672,-0.35285,-1.9431,-0.30414
4.1826,0.45902,2.96,-0.98679,2.2358,-0.42193,-2.0169,-0.3761
4.231,0.55095,3.0339,-0.92521,2.3039,-0.49204,-2.0902,-0.44909
4.2776,0.64359,3.1064,-0.86146,2.3714,-0.56311,-2.1631,-0.52305
4.3224,0.73683,3.1777,-0.7956,2.4384,-0.63509,-2.2355,-0.5979
4.3654,0.83056,3.2475,-0.7277,2.5046,-0.70789,-2.3073,-0.67357
4.4065,0.92469,3.3159,-0.65782,2.5702,-0.78145,-2.3784,-0.74999
4.4458,1.0191,3.3829,-0.58604,2.6351,-0.85569,-2.4489,-0.82709
4.4833,1.1137,3.4484,-0.51243,2.6992,-0.93055,-2.5187,-0.9048
4.5188,1.2084,3.5124,-0.43707,2.7624,-1.0059,-2.5877,-0.98303
4.5525,1.3031,3.5748,-0.36003,2.8248,-1.0818,-2.6559,-1.0617
4.5842,1.3976,3.6357,-0.28139,2.8863,-1.158,-2.7232,-1.1407
4.614,1.4919,3.6949,-0.20123,2.9468,-1.2346,-2.7897,-1.2201
4.6419,1.5859,3.7525,-0.11964,3.0063,-1.3114,-2.8551,-1.2996
4.6679,1.6794,3.8085,-0.036713,3.0648,-1.3883,-2.9196,-1.3793
4.6919,1.7724,3.8628,0.047474,3.1222,-1.4654,-2.983,-1.459
4.7139,1.8647,3.9153,0.13283,3.1786,-1.5424,-3.0453,-1.5388
4.7339,1.9563,3.9662,0.21925,3.2337,-1.6193,-3.1064,-1.6183
4.752,2.0471,4.0153,0.30666,3.2876,-1.6961,-3.1664,-1.6977
4.7681,2.1369,4.0625,0.39496,3.3404,-1.7726,-3.2251,-1.7769
4.7821,2.2257,4.108,0.48404,3.3918,-1.8489,-3.2826,-1.8556
4.7942,2.3133,4.1517,0.57382,3.4419,-1.9247,-3.3387,-1.934
4.8042,2.3997,4.1935,0.6642,3.4907,-2,-3.3935,-2.0118
4.8123,2.4848,4.2335,0.75507,3.5381,-2.0748,-3.4469,-2.089
4.8183,2.5685,4.2716,0.84634,3.584,-2.1489,-3.4988,-2.1656
4.8223,2.6506,4.3078,0.93791,3.6285,-2.2223,-3.5493,-2.2414
4.8242,2.7312,4.3421,1.0297,3.6715,-2.295,-3.5982,-2.3164
4.8242,2.8101,4.3744,1.1215,3.713,-2.3667,-3.6455,-2.3904
4.8221,2.8872,4.4048,1.2134,3.7529,-2.4375,-3.6913,-2.4635
4.818,2.9625,4.4333,1.3052,3.7913,-2.5073,-3.7354,-2.5355
4.8118,3.0359,4.4598,1.3967,3.828,-2.576,-3.7779,-2.6064
4.8037,3.1073,4.4843,1.4879,3.8631,-2.6436,-3.8186,-2.6761
4.7935,3.1766,4.5068,1.5788,3.8964,-2.7099,-3.8576,-2.7445
4.7813,3.2437,4.5273,1.6691,3.9281,-2.7749,-3.8949,-2.8115
4.7671,3.3087,4.5458,1.7588,3.9581,-2.8385,-3.9303,-2.8771
4.7509,3.3714,4.5623,1.8478,3.9863,-2.9007,-3.964,-2.9413
4.7327,3.4318,4.5767,1.9361,4.0127,-2.9614,-3.9957,-3.0039
4.7125,3.4897,4.5892,2.0234,4.0373,-3.0205,-4.0256,-3.0649
4.6903,3.5453,4.5995,2.1097,4.0601,-3.078,-4.0536,-3.1242
4.6662,3.5983,4.6079,2.1949,4.081,-3.1338,-4.0797,-3.1818
4.64,3.6488,4.6142,2.279,4.1001,-3.1879,-4.1038,-3.2376
4.6119,3.6967,4.6184,2.3618,4.1173,-3.2402,-4.1259,-3.2916
4.5819,3.742,4.6206,2.4432,4.1326,-3.2906,-4.1461,-3.3437
4.5499,3.7846,4.6207,2.5232,4.146,-3.3391,-4.1643,-3.3938
4.5161,3.8245,4.6188,2.6016,4.1575,-3.3857,-4.1804,-3.442
4.4803,3.8616,4.6148,2.6784,4.1671,-3.4303,-4.1945,-3.4881
4.4426,3.896,4.6088,2.7536,4.1747,-3.4728,-4.2065,-3.5321
4.403,3.9276,4.6008,2.8269,4.1804,-3.5133,-4.2165,-3.574
4.3616,3.9564,4.5906,2.8984,4.1841,-3.5516,-4.2244,-3.6138
4.3183,3.9823,4.5785,2.9679,4.1859,-3.5879,-4.2303,-3.6514
4.2732,4.0054,4.5643,3.0355,4.1857,-3.6219,-4.234,-3.6867
4.2263,4.0256,4.5481,3.101,4.1835,-3.6537,-4.2357,-3.7198
4.1776,4.043,4.5298,3.1643,4.1794,-3.6833,-4.2353,-3.7506
4.1271,4.0575,4.5096,3.2254,4.1733,-3.7106,-4.2327,-3.7791
4.0749,4.0691,4.4873,3.2843,4.1652,-3.7356,-4.2281,-3.8053
4.021,4.0778,4.4631,3.3408,4.1552,-3.7583,-4.2214,-3.8292
3.9654,4.0837,4.4368,3.395,4.1432,-3.7787,-4.2126,-3.8506
3.908,4.0867,4.4086,3.4467,4.1293,-3.7968,-4.2018,-3.8697
3.8491,4.0868,4.3784,3.4959,4.1135,-3.8125,-4.1888,-3.8865
3.7884,4.0841,4.3463,3.5426,4.0957,-3.8258,-4.1738,-3.9008
3.7262,4.0786,4.3123,3.5867,4.076,-3.8368,-4.1567,-3.9127
3.6624,4.0703,4.2763,3.6282,4.0545,-3.8455,-4.1376,-3.9222
3.5971,4.0592,4.2384,3.6671,4.031,-3.8517,-4.1164,-3.9293
3.5302,4.0454,4.1987,3.7033,4.0057,-3.8557,-4.0932,-3.9341
3.4619,4.0289,4.1571,3.7367,3.9785,-3.8572,-4.0681,-3.9364
3.3921,4.0096,4.1136,3.7674,3.9494,-3.8564,-4.0409,-3.9364
3.3208,3.9877,4.0683,3.7953,3.9186,-3.8533,-4.0118,-3.9339
3.2482,3.9632,4.0212,3.8205,3.886,-3.8479,-3.9807,-3.9292
3.1741,3.9362,3.9724,3.8428,3.8516,-3.8402,-3.9477,-3.922
3.0988,3.9065,3.9217,3.8623,3.8155,-3.8302,-3.9128,-3.9126
3.0221,3.8744,3.8694,3.879,3.7777,-3.8179,-3.8761,-3.9008
2.9442,3.8399,3.8153,3.8928,3.7381,-3.8034,-3.8375,-3.8868
2.865,3.803,3.7595,3.9038,3.697,-3.7866,-3.797,-3.8705
2.7846,3.7637,3.7021,3.9119,3.6541,-3.7677,-3.7548,-3.852
2.7031,3.7221,3.643,3.9172,3.6097,-3.7467,-3.7109,-3.8313
2.6204,3.6783,3.5824,3.9196,3.5638,-3.7235,-3.6652,-3.8084
2.5366,3.6324,3.5201,3.9192,3.5163,-3.6983,-3.6178,-3.7834
2.4518,3.5842,3.4564,3.916,3.4673,-3.6709,-3.5688,-3.7564
2.366,3.5341,3.3911,3.91,3.4168,-3.6416,-3.5181,-3.7272
2.2791,3.4819,3.3243,3.9012,3.3649,-3.6104,-3.4659,-3.696
2.1914,3.4278,3.2561,3.8896,3.3116,-3.5772,-3.4121,-3.6629
2.1027,3.3718,3.1865,3.8753,3.257,-3.5421,-3.3568,-3.6278
2.0132,3.3141,3.1155,3.8583,3.2011,-3.5052,-3.3001,-3.5909
1.9228,3.2545,3.0431,3.8385,3.1439,-3.4665,-3.2419,-3.5521
1.8317,3.1933,2.9694,3.8161,3.0854,-3.4261,-3.1824,-3.5115
1.7398,3.1305,2.8945,3.7911,3.0258,-3.384,-3.1215,-3.4692
1.6472,3.0661,2.8183,3.7636,2.965,-3.3403,-3.0593,-3.4252
1.554,3.0003,2.741,3.7334,2.9031,-3.295,-2.9959,-3.3796
1.4601,2.933,2.6624,3.7008,2.8402,-3.2481,-2.9313,-3.3323
1.3657,2.8644,2.5828,3.6657,2.7762,-3.1998,-2.8655,-3.2836
1.2707,2.7945,2.5021,3.6282,2.7112,-3.1501,-2.7986,-3.2333
1.1752,2.7235,2.4203,3.5884,2.6454,-3.099,-2.7307,-3.1817
1.0793,2.6512,2.3376,3.5462,2.5786,-3.0467,-2.6617,-3.1287
0.98299,2.578,2.2539,3.5018,2.511,-2.9931,-2.5918,-3.0743
0.8863,2.5037,2.1692,3.4552,2.4426,-2.9383,-2.5209,-3.0188
0.78929,2.4285,2.0838,3.4065,2.3734,-2.8824,-2.4492,-2.962
0.69199,2.3524,1.9975,3.3557,2.3035,-2.8254,-2.3766,-2.9041
0.59445,2.2756,1.9104,3.3028,2.233,-2.7674,-2.3033,-2.8452
0.49671,2.198,1.8225,3.2481,2.1618,-2.7085,-2.2293,-2.7852
0.39881,2.1198,1.734,3.1914,2.0901,-2.6487,-2.1546,-2.7243
0.3008,2.0409,1.6449,3.1329,2.0178,-2.5881,-2.0793,-2.6625
0.20272,1.9616,1.5551,3.0726,1.945,-2.5267,-2.0034,-2.5998
0.1046,1.8817,1.4648,3.0106,1.8718,-2.4646,-1.927,-2.5364
0.0064858,1.8015,1.374,2.947,1.7982,-2.4018,-1.8502,-2.4722
-0.091577,1.7209,1.2828,2.8819,1.7243,-2.3385,-1.7729,-2.4074
-0.18955,1.64,1.1911,2.8153,1.65,-2.2746,-1.6952,-2.342
-0.2874,1.5589,1.0991,2.7473,1.5755,-2.2103,-1.6173,-2.2761
-0.38508,1.4776,1.0067,2.6779,1.5007,-2.1455,-1.539,-2.2096
-0.48255,1.3962,0.9141,2.6073,1.4258,-2.0803,-1.4606,-2.1428
-0.57978,1.3148,0.82128,2.5355,1.3507,-2.0149,-1.3819,-2.0755
-0.67672,1.2333,0.72828,2.4626,1.2755,-1.9492,-1.3032,-2.008
-0.77335,1.1519,0.63516,2.3886,1.2003,-1.8833,-1.2243,-1.9401
-0.86962,1.0705,0.54197,2.3137,1.125,-1.8172,-1.1455,-1.8721
-0.9655,0.98933,0.44875,2.2379,1.0497,-1.751,-1.0666,-1.8039
-1.061,0.90832,0.35556,2.1612,0.97448,-1.6848,-0.98781,-1.7356
-1.1559,0.82753,0.26244,2.0838,0.89933,-1.6185,-0.90913,-1.6673
-1.2504,0.74702,0.16944,2.0058,0.82431,-1.5523,-0.8306,-1.5989
-1.3444,0.66681,0.076613,1.9271,0.74944,-1.4862,-0.75226,-1.5306
-1.4378,0.58695,-0.016002,1.848,0.67476,-1.4201,-0.67415,-1.4623
-1.5306,0.50747,-0.10835,1.7683,0.60029,-1.3543,-0.59633,-1.3942
-1.6228,0.42842,-0.2004,1.6883,0.52608,-1.2886,-0.51882,-1.3263
-1.7144,0.34981,-0.29208,1.608,0.45215,-1.2232,-0.44167,-1.2586
-1.8052,0.27169,-0.38336,1.5275,0.37852,-1.158,-0.36492,-1.1911
-1.8954,0.19408,-0.4742,1.4468,0.30523,-1.0932,-0.2886,-1.124
-1.9848,0.117,-0.56454,1.3659,0.2323,-1.0286,-0.21275,-1.0571
-2.0734,0.040487,-0.65434,1.2851,0.15976,-0.96448,-0.13741,-0.9907
-2.1613,-0.035442,-0.74355,1.2043,0.087628,-0.90072,-0.062616,-0.92465
-2.2484,-0.11076,-0.83214,1.1236,0.015933,-0.83738,0.011607,-0.85905
-2.3346,-0.18546,-0.92005,1.0431,-0.055307,-0.77449,0.085221,-0.79392
-2.4199,-0.25952,-1.0073,0.96274,-0.12607,-0.71206,0.1582,-0.7293
-2.5044,-0.33292,-1.0937,0.88272,-0.19634,-0.65012,0.23051,-0.6652
-2.588,-0.40565,-1.1793,0.80305,-0.2661,-0.58868,0.30212,-0.60167
-2.6706,-0.4777,-1.2642,0.72378,-0.33532,-0.52776,0.373,-0.53871
-2.7524,-0.54905,-1.3481,0.64498,-0.404,-0.46738,0.44314,-0.47636
-2.8331,-0.61971,-1.4311,0.5667,-0.47213,-0.40754,0.5125,-0.41464
-2.9129,-0.68966,-1.5132,0.48899,-0.53968,-0.34827,0.58107,-0.35357
-2.9917,-0.7589,-1.5942,0.4119,-0.60666,-0.28955,0.64881,-0.29317
-3.0695,-0.82742,-1.6743,0.33548,-0.67304,-0.23141,0.71571,-0.23344
-3.1463,-0.89522,-1.7533,0.25979,-0.73882,-0.17385,0.78174,-0.17442
-3.2221,-0.96231,-1.8311,0.18486,-0.80399,-0.11686,0.8469,-0.1161
-3.2968,-1.0287,-1.9079,0.11074,-0.86855,-0.060458,0.91116,-0.058511
-3.3704,-1.0943,-1.9835,0.037467,-0.93248,-0.0046318,0.97451,-0.0016516
-3.443,-1.1593,-2.0579,-0.03491,-0.9958,0.050618,1.0369,0.054467
-3.5145,-1.2235,-2.1311,-0.10636,-1.0585,0.1053,1.0984,0.10984
-3.5849,-1.287,-2.203,-0.17684,-1.1205,0.15941,1.1589,0.16445
-3.6542,-1.3499,-2.2736,-0.24632,-1.182,0.21296,1.2185,0.21831
-3.7224,-1.412,-2.3429,-0.31478,-1.2428,0.26596,1.2771,0.27141
-3.7896,-1.4735,-2.4109,-0.38217,-1.3029,0.31843,1.3347,0.32375
-3.8555,-1.5343,-2.4776,-0.44847,-1.3625,0.37036,1.3913,0.37533
-3.9204,-1.5944,-2.5428,-0.51367,-1.4214,0.42178,1.4469,0.42615
-3.9841,-1.6539,-2.6067,-0.57772,-1.4797,0.47271,1.5015,0.47621
-4.0467,-1.7128,-2.6691,-0.64062,-1.5374,0.52314,1.5551,0.52552
-4.1082,-1.771,-2.7301,-0.70234,-1.5945,0.57311,1.6077,0.57408
-4.1685,-1.8286,-2.7896,-0.76286,-1.6509,0.62263,1.6593,0.6219
-4.2277,-1.8856,-2.8477,-0.82217,-1.7068,0.67172,1.7099,0.66899
-4.2857,-1.942,-2.9042,-0.88026,-1.7621,0.7204,1.7594,0.71535
-4.3425,-1.9978,-2.9592,-0.93712,-1.8168,0.76868,1.808,0.761
-4.3982,-2.053,-3.0128,-0.99273,-1.871,0.81659,1.8555,0.80594
-4.4527,-2.1077,-3.0647,-1.0471,-1.9245,0.86415,1.902,0.85018
-4.5061,-2.1618,-3.1152,-1.1002,-1.9776,0.91138,1.9476,0.89374
-4.5582,-2.2154,-3.164,-1.152,-2.03,0.95831,1.9921,0.93663
-4.6092,-2.2685,-3.2113,-1.2026,-2.082,1.0049,2.0356,0.97886
-4.6591,-2.321,-3.2571,-1.2519,-2.1334,1.0513,2.0782,1.0204
-4.7077,-2.3731,-3.3012,-1.2999,-2.1843,1.0975,2.1197,1.0614
-4.7552,-2.4247,-3.3438,-1.3467,-2.2346,1.1434,2.1603,1.1017
-4.8014,-2.4757,-3.3847,-1.3922,-2.2845,1.1891,2.1999,1.1414
-4.8465,-2.5263,-3.4241,-1.4365,-2.3339,1.2346,2.2386,1.1806
-4.8904,-2.5765,-3.4619,-1.4795,-2.3828,1.28,2.2762,1.2191
-4.9331,-2.6261,-3.4981,-1.5213,-2.4313,1.3253,2.313,1.2571
-4.9746,-2.6753,-3.5327,-1.5618,-2.4793,1.3705,2.3488,1.2945
-5.0148,-2.7241,-3.5656,-1.6011,-2.5268,1.4155,2.3836,1.3314
-5.0539,-2.7724,-3.597,-1.6392,-2.5739,1.4605,2.4176,1.3678
-5.0918,-2.8203,-3.6268,-1.6761,-2.6205,1.5055,2.4506,1.4037
-5.1284,-2.8677,-3.655,-1.7119,-2.6667,1.5504,2.4827,1.439
-5.1638,-2.9147,-3.6816,-1.7464,-2.7125,1.5953,2.514,1.4739
-5.198,-2.9613,-3.7066,-1.7798,-2.7579,1.6401,2.5443,1.5083
-5.2309,-3.0074,-3.7301,-1.8121,-2.8028,1.685,2.5738,1.5423
-5.2626,-3.0531,-3.7519,-1.8432,-2.8474,1.73,2.6024,1.5758
-5.293,-3.0984,-3.7722,-1.8733,-2.8915,1.775,2.6301,1.6089
-5.3222,-3.1432,-3.791,-1.9022,-2.9352,1.82,2.657,1.6415
-5.3501,-3.1876,-3.8082,-1.9301,-2.9786,1.8651,2.683,1.6738
-5.3767,-3.2315,-3.8238,-1.9569,-3.0215,1.9102,2.7082,1.7056
-5.4021,-3.2749,-3.8379,-1.9827,-3.064,1.9555,2.7326,1.737
-5.4261,-3.3179,-3.8505,-2.0075,-3.1061,2.0008,2.7561,1.768
-5.4489,-3.3604,-3.8616,-2.0313,-3.1478,2.0462,2.7788,1.7987
-5.4703,-3.4024,-3.8712,-2.0542,-3.1891,2.0917,2.8008,1.8289
-5.4905,-3.4439,-3.8792,-2.076,-3.23,2.1373,2.8219,1.8588
-5.5093,-3.4849,-3.8858,-2.097,-3.2705,2.183,2.8422,1.8883
-5.5267,-3.5254,-3.891,-2.117,-3.3105,2.2288,2.8617,1.9174
-5.5428,-3.5653,-3.8946,-2.1361,-3.3501,2.2746,2.8805,1.9462
-5.5575,-3.6047,-3.8969,-2.1544,-3.3893,2.3206,2.8984,1.9746
-5.5709,-3.6435,-3.8977,-2.1718,-3.428,2.3666,2.9156,2.0026
-5.5829,-3.6817,-3.897,-2.1884,-3.4662,2.4127,2.932,2.0302
-5.5934,-3.7193,-3.895,-2.2041,-3.504,2.4588,2.9477,2.0575
-5.6026,-3.7562,-3.8916,-2.2191,-3.5413,2.505,2.9625,2.0844
-5.6103,-3.7925,-3.8867,-2.2332,-3.5781,2.5512,2.9766,2.1109
-5.6166,-3.8281,-3.8805,-2.2467,-3.6144,2.5975,2.99,2.137
-5.6214,-3.863,-3.873,-2.2593,-3.6501,2.6437,3.0025,2.1627
-5.6247,-3.8972,-3.8641,-2.2713,-3.6853,2.6899,3.0143,2.188
-5.6266,-3.9306,-3.8539,-2.2825,-3.7199,2.736,3.0254,2.2129
-5.6269,-3.9633,-3.8424,-2.2931,-3.7539,2.7821,3.0356,2.2374
-5.6258,-3.9951,-3.8295,-2.3029,-3.7874,2.8281,3.0451,2.2615
-5.6231,-4.0262,-3.8154,-2.3121,-3.8202,2.874,3.0538,2.2851
-5.6188,-4.0563,-3.8,-2.3207,-3.8523,2.9198,3.0618,2.3082
-5.613,-4.0856,-3.7833,-2.3286,-3.8838,2.9653,3.0689,2.3309
-5.6057,-4.114,-3.7654,-2.3359,-3.9145,3.0107,3.0753,2.3532
-5.5967,-4.1414,-3.7462,-2.3426,-3.9446,3.0559,3.0809,2.3749
-5.5861,-4.1678,-3.7259,-2.3487,-3.9739,3.1007,3.0857,2.3961
-5.574,-4.1932,-3.7043,-2.3543,-4.0024,3.1453,3.0898,2.4168
-5.5601,-4.2176,-3.6815,-2.3592,-4.0301,3.1896,3.093,2.437
-5.5447,-4.2409,-3.6575,-2.3636,-4.057,3.2335,3.0954,2.4566
-5.5275,-4.2631,-3.6324,-2.3674,-4.083,3.277,3.097,2.4756
-5.5087,-4.2842,-3.6061,-2.3707,-4.1081,3.32,3.0978,2.4941
-5.4882,-4.3041,-3.5786,-2.3735,-4.1324,3.3626,3.0977,2.5119
-5.4659,-4.3229,-3.5501,-2.3757,-4.1556,3.4046,3.0969,2.5292
-5.442,-4.3403,-3.5204,-2.3774,-4.1779,3.4461,3.0952,2.5458
-5.4163,-4.3566,-3.4896,-2.3786,-4.1992,3.487,3.0926,2.5617
-5.3888,-4.3715,-3.4577,-2.3792,-4.2194,3.5272,3.0892,2.5769
-5.3596,-4.3851,-3.4247,-2.3794,-4.2386,3.5668,3.085,2.5915
-5.3287,-4.3973,-3.3907,-2.379,-4.2567,3.6056,3.0798,2.6053
-5.2959,-4.4082,-3.3556,-2.3782,-4.2736,3.6436,3.0738,2.6184
-5.2613,-4.4176,-3.3194,-2.3768,-4.2894,3.6808,3.0669,2.6308
-5.2249,-4.4256,-3.2823,-2.375,-4.304,3.7172,3.0591,2.6423
-5.1867,-4.432,-3.2441,-2.3727,-4.3173,3.7526,3.0504,2.6531
-5.1467,-4.437,-3.2049,-2.3698,-4.3294,3.7871,3.0408,2.6631
-5.1048,-4.4404,-3.1647,-2.3665,-4.3402,3.8206,3.0303,2.6722
-5.0611,-4.4423,-3.1235,-2.3627,-4.3497,3.853,3.0189,2.6805
-5.0155,-4.4425,-3.0814,-2.3584,-4.3578,3.8843,3.0065,2.6879
-4.9681,-4.4411,-3.0383,-2.3535,-4.3645,3.9145,2.9932,2.6944
-4.9188,-4.4381,-2.9943,-2.3482,-4.3699,3.9435,2.979,2.7
-4.8676,-4.4333,-2.9494,-2.3424,-4.3737,3.9713,2.9638,2.7047
-4.8145,-4.4268,-2.9035,-2.336,-4.3761,3.9979,2.9476,2.7084
-4.7595,-4.4187,-2.8567,-2.3292,-4.377,4.0231,2.9305,2.7112
-4.7027,-4.4087,-2.809,-2.3218,-4.3764,4.0469,2.9123,2.713
-4.644,-4.3969,-2.7605,-2.3139,-4.3742,4.0693,2.8932,2.7139
-4.5833,-4.3834,-2.7111,-2.3055,-4.3704,4.0903,2.8732,2.7137
-4.5208,-4.368,-2.6608,-2.2965,-4.365,4.1098,2.8521,2.7125
-4.4564,-4.3508,-2.6097,-2.287,-4.358,4.1278,2.83,2.7102
-4.3902,-4.3317,-2.5578,-2.277,-4.3493,4.1442,2.807,2.7069
-4.322,-4.3107,-2.5051,-2.2664,-4.339,4.1591,2.7829,2.7026
-4.252,-4.2878,-2.4516,-2.2552,-4.3269,4.1722,2.7578,2.6972
-4.18,-4.263,-2.3973,-2.2435,-4.3131,4.1837,2.7317,2.6906
-4.1063,-4.2363,-2.3422,-2.2312,-4.2975,4.1935,2.7046,2.683
-4.0306,-4.2076,-2.2864,-2.2183,-4.2802,4.2015,2.6765,2.6743
-3.9532,-4.177,-2.2298,-2.2048,-4.2611,4.2078,2.6474,2.6645
-3.8738,-4.1444,-2.1725,-2.1908,-4.2402,4.2122,2.6172,2.6536
-3.7927,-4.1099,-2.1145,-2.1761,-4.2175,4.2148,2.586,2.6415
-3.7098,-4.0734,-2.0558,-2.1608,-4.1929,4.2155,2.5539,2.6283
-3.625,-4.0349,-1.9964,-2.1449,-4.1665,4.2143,2.5207,2.6139
-3.5385,-3.9944,-1.9364,-2.1283,-4.1382,4.2112,2.4865,2.5984
-3.4502,-3.9519,-1.8757,-2.1111,-4.1081,4.2061,2.4512,2.5818
-3.3602,-3.9074,-1.8144,-2.0933,-4.0761,4.1991,2.415,2.564
-3.2685,-3.861,-1.7525,-2.0748,-4.0422,4.1901,2.3778,2.545
-3.1751,-3.8126,-1.69,-2.0556,-4.0064,4.179,2.3396,2.5249
-3.0799,-3.7622,-1.6269,-2.0358,-3.9688,4.1659,2.3003,2.5037
-2.9832,-3.7098,-1.5633,-2.0153,-3.9292,4.1508,2.2602,2.4813
-2.8848,-3.6555,-1.4991,-1.9941,-3.8877,4.1336,2.219,2.4577
-2.7849,-3.5992,-1.4344,-1.9722,-3.8443,4.1143,2.1768,2.433
-2.6833,-3.5411,-1.3692,-1.9497,-3.7991,4.0929,2.1337,2.4072
-2.5803,-3.4809,-1.3035,-1.9264,-3.7519,4.0695,2.0897,2.3802
-2.4757,-3.4189,-1.2374,-1.9024,-3.7029,4.0439,2.0447,2.3521
-2.3697,-3.355,-1.1708,-1.8777,-3.6519,4.0162,1.9988,2.3229
-2.2622,-3.2892,-1.1038,-1.8523,-3.5991,3.9864,1.9519,2.2925
-2.1534,-3.2216,-1.0363,-1.8262,-3.5445,3.9546,1.9042,2.2611
-2.0432,-3.1522,-0.96855,-1.7993,-3.488,3.9205,1.8556,2.2286
-1.9317,-3.0809,-0.9004,-1.7718,-3.4296,3.8844,1.8061,2.1949
-1.8189,-3.0079,-0.83192,-1.7435,-3.3694,3.8462,1.7558,2.1603
-1.7049,-2.9331,-0.76313,-1.7144,-3.3074,3.8059,1.7046,2.1245
-1.5897,-2.8567,-0.69405,-1.6847,-3.2437,3.7635,1.6526,2.0878
-1.4734,-2.7785,-0.62471,-1.6542,-3.1781,3.7191,1.5998,2.05
-1.356,-2.6987,-0.55513,-1.6229,-3.1108,3.6725,1.5462,2.0112
-1.2376,-2.6173,-0.48533,-1.591,-3.0418,3.6239,1.4918,1.9714
-1.1182,-2.5343,-0.41534,-1.5583,-2.9711,3.5733,1.4367,1.9307
-0.99787,-2.4498,-0.34519,-1.5249,-2.8987,3.5207,1.3809,1.889
-0.87666,-2.3638,-0.2749,-1.4908,-2.8247,3.4661,1.3244,1.8464
-0.75463,-2.2763,-0.20449,-1.4559,-2.7491,3.4096,1.2672,1.8029
-0.63184,-2.1875,-0.13401,-1.4204,-2.6719,3.351,1.2094,1.7586
-0.50835,-2.0972,-0.06346,-1.3841,-2.5931,3.2906,1.1509,1.7133
-0.38422,-2.0057,0.0071165,-1.3472,-2.5128,3.2283,1.0919,1.6673
-0.25951,-1.9128,0.077694,-1.3096,-2.4311,3.1642,1.0323,1.6205
-0.13427,-1.8188,0.14825,-1.2713,-2.3479,3.0982,0.9721,1.5728
-0.008585,-1.7236,0.21874,-1.2323,-2.2633,3.0304,0.91142,1.5245
0.11749,-1.6272,0.28915,-1.1927,-2.1773,2.9609,0.85025,1.4754
0.24389,-1.5298,0.35944,-1.1525,-2.09,2.8897,0.78864,1.4256
0.37055,-1.4314,0.42959,-1.1116,-2.0015,2.8168,0.7266,1.3752
0.49739,-1.3321,0.49956,-1.0702,-1.9117,2.7422,0.66417,1.3242
0.62435,-1.2318,0.56933,-1.0281,-1.8208,2.6661,0.60138,1.2726
0.75136,-1.1307,0.63885,-0.98544,-1.7287,2.5884,0.53827,1.2204
0.87835,-1.0288,0.70811,-0.94223,-1.6355,2.5093,0.47487,1.1677
1.0052,-0.92619,0.77706,-0.89849,-1.5413,2.4287,0.41121,1.1145
1.132,-0.82291,0.84567,-0.85423,-1.4461,2.3467,0.34733,1.0609
1.2584,-0.71903,0.91391,-0.80947,-1.35,2.2633,0.28327,1.0069
1.3846,-0.61462,0.98176,-0.76424,-1.253,2.1786,0.21906,0.95245
1.5104,-0.50972,1.0492,-0.71856,-1.1552,2.0927,0.15473,0.89768
1.6357,-0.40441,1.1161,-0.67245,-1.0566,2.0057,0.090339,0.84262
1.7604,-0.29874,1.1825,-0.62594,-0.95731,1.9174,0.025911,0.78729
1.8845,-0.19279,1.2484,-0.57905,-0.85738,1.8282,-0.038511,0.73173
2.008,-0.086615,1.3137,-0.53182,-0.75685,1.7378,-0.10289,0.67599
2.1306,0.019722,1.3784,-0.48427,-0.6558,1.6466,-0.16718,0.62009
2.2525,0.12615,1.4425,-0.43642,-0.55428,1.5544,-0.23135,0.56409
2.3733,0.23262,1.5059,-0.38832,-0.45235,1.4614,-0.29534,0.50803
2.4932,0.33905,1.5685,-0.33999,-0.35008,1.3676,-0.35913,0.45193
2.612,0.44538,1.6305,-0.29145,-0.24753,1.2731,-0.42267,0.39585
2.7296,0.55155,1.6916,-0.24276,-0.14477,1.178,-0.48592,0.33982
2.846,0.65749,1.7519,-0.19393,-0.041846,1.0823,-0.54883,0.28389
2.9611,0.76314,1.8113,-0.145,0.06116,0.986,-0.61136,0.22809
3.0748,0.86843,1.8698,-0.096012,0.16419,0.88928,-0.67347,0.17247
3.187,0.97331,1.9274,-0.046992,0.26717,0.79218,-0.73511,0.11707
3.2977,1.0777,1.9841,0.0020208,0.37004,0.69475,-0.79624,0.061927
3.4068,1.1815,2.0397,0.05099,0.47274,0.59705,-0.85682,0.0070831
3.5142,1.2848,2.0943,0.09988,0.57519,0.49916,-0.9168,-0.047421
3.6198,1.3874,2.1478,0.14865,0.67733,0.40114,-0.97614,-0.10154
3.7236,1.4892,2.2001,0.19727,0.7791,0.30306,-1.0348,-0.15525
3.8255,1.5902,2.2514,0.2457,0.88042,0.20497,-1.0927,-0.20849
3.9255,1.6904,2.3014,0.29389,0.98123,0.10696,-1.1499,-0.26123
4.0234,1.7897,2.3502,0.34182,1.0815,0.0090768,-1.2062,-0.31343
4.1191,1.8881,2.3977,0.38944,1.181,-0.088606,-1.2617,-0.36505
4.2128,1.9854,2.444,0.43671,1.2799,-0.18603,-1.3162,-0.41605
4.3042,2.0816,2.4889,0.4836,1.378,-0.28312,-1.3698,-0.46639
4.3933,2.1767,2.5324,0.53006,1.4753,-0.37981,-1.4224,-0.51604
4.48,2.2706,2.5745,0.57606,1.5716,-0.47605,-1.474,-0.56496
4.5644,2.3632,2.6152,0.62156,1.667,-0.57178,-1.5245,-0.61311
4.6463,2.4546,2.6544,0.66652,1.7613,-0.66691,-1.5739,-0.66046
4.7256,2.5447,2.6921,0.7109,1.8546,-0.76141,-1.6221,-0.70697
4.8024,2.6333,2.7283,0.75467,1.9467,-0.8552,-1.6691,-0.75261
4.8766,2.7205,2.7629,0.79778,2.0375,-0.94822,-1.7149,-0.79733
4.9481,2.8063,2.7959,0.84019,2.1271,-1.0404,-1.7594,-0.84112
5.0169,2.8905,2.8272,0.88188,2.2153,-1.1317,-1.8026,-0.88393
5.0829,2.9731,2.8569,0.9228,2.3021,-1.2221,-1.8444,-0.92574
5.1462,3.0542,2.8849,0.96292,2.3875,-1.3115,-1.8848,-0.96651
5.2066,3.1335,2.9112,1.0022,2.4713,-1.3998,-1.9237,-1.0062
5.2641,3.2112,2.9357,1.0406,2.5536,-1.487,-1.9612,-1.0448
5.3188,3.2872,2.9584,1.0781,2.6342,-1.5731,-1.9972,-1.0823
5.3705,3.3614,2.9794,1.1147,2.7131,-1.6579,-2.0316,-1.1187
5.4193,3.4339,2.9985,1.1502,2.7904,-1.7415,-2.0645,-1.1538
5.465,3.5045,3.0157,1.1848,2.8658,-1.8238,-2.0957,-1.1878
5.5078,3.5732,3.031,1.2184,2.9394,-1.9047,-2.1253,-1.2205
5.5476,3.6401,3.0445,1.2508,3.0111,-1.9842,-2.1533,-1.252
5.5843,3.705,3.056,1.2822,3.0809,-2.0623,-2.1795,-1.2823
5.618,3.7681,3.0656,1.3124,3.1487,-2.1388,-2.2041,-1.3112
5.6486,3.8291,3.0732,1.3415,3.2145,-2.2138,-2.2268,-1.3388
5.6761,3.8882,3.0789,1.3694,3.2783,-2.2873,-2.2478,-1.3651
5.7005,3.9453,3.0825,1.3961,3.3399,-2.3591,-2.267,-1.3901
5.7219,4.0003,3.0841,1.4216,3.3995,-2.4293,-2.2844,-1.4137
5.7402,4.0534,3.0837,1.4458,3.4568,-2.4978,-2.2999,-1.4359
5.7555,4.1043,3.0813,1.4687,3.512,-2.5646,-2.3136,-1.4567
5.7677,4.1533,3.0768,1.4903,3.565,-2.6297,-2.3254,-1.4761
5.7768,4.2001,3.0703,1.5106,3.6156,-2.6929,-2.3353,-1.4941
5.7829,4.2449,3.0617,1.5295,3.664,-2.7543,-2.3433,-1.5107
5.786,4.2875,3.051,1.5471,3.7101,-2.8139,-2.3493,-1.5258
5.786,4.3281,3.0382,1.5634,3.7539,-2.8717,-2.3535,-1.5395
5.7831,4.3665,3.0234,1.5782,3.7953,-2.9275,-2.3557,-1.5518
5.7772,4.4029,3.0065,1.5916,3.8344,-2.9815,-2.3559,-1.5626
5.7684,4.4371,2.9875,1.6036,3.871,-3.0335,-2.3542,-1.5719
5.7567,4.4693,2.9665,1.6142,3.9053,-3.0835,-2.3506,-1.5798
5.7421,4.4993,2.9433,1.6233,3.9371,-3.1316,-2.345,-1.5862
5.7247,4.5272,2.9181,1.631,3.9665,-3.1778,-2.3374,-1.5911
5.7045,4.553,2.8909,1.6373,3.9935,-3.2219,-2.3278,-1.5946
5.6815,4.5768,2.8615,1.642,4.0181,-3.264,-2.3163,-1.5966
5.6558,4.5984,2.8302,1.6453,4.0402,-3.3041,-2.3029,-1.5971
5.6275,4.6179,2.7968,1.6472,4.0598,-3.3422,-2.2875,-1.5962
5.5965,4.6354,2.7614,1.6475,4.077,-3.3783,-2.2702,-1.5938
5.5629,4.6508,2.7241,1.6464,4.0918,-3.4123,-2.2509,-1.59
5.5268,4.6642,2.6847,1.6439,4.1042,-3.4443,-2.2298,-1.5847
5.4883,4.6756,2.6434,1.6398,4.1141,-3.4743,-2.2067,-1.578
5.4473,4.6849,2.6001,1.6343,4.1216,-3.5022,-2.1818,-1.5699
5.404,4.6922,2.555,1.6273,4.1267,-3.5281,-2.1549,-1.5604
5.3583,4.6975,2.5079,1.6189,4.1294,-3.552,-2.1263,-1.5495
5.3104,4.7009,2.459,1.6091,4.1297,-3.5738,-2.0958,-1.5372
5.2604,4.7023,2.4083,1.5978,4.1277,-3.5937,-2.0635,-1.5235
5.2082,4.7018,2.3557,1.585,4.1234,-3.6115,-2.0294,-1.5085
5.1539,4.6994,2.3014,1.5709,4.1167,-3.6273,-1.9936,-1.4921
5.0977,4.6951,2.2454,1.5553,4.1077,-3.6411,-1.9561,-1.4744
5.0396,4.6889,2.1877,1.5384,4.0965,-3.6529,-1.9168,-1.4554
4.9796,4.6809,2.1283,1.5201,4.0831,-3.6628,-1.8759,-1.4351
4.9178,4.6711,2.0673,1.5004,4.0674,-3.6707,-1.8334,-1.4136
4.8544,4.6594,2.0047,1.4794,4.0495,-3.6767,-1.7893,-1.3908
4.7893,4.6461,1.9405,1.4571,4.0296,-3.6808,-1.7436,-1.3668
4.7226,4.6309,1.8749,1.4335,4.0075,-3.683,-1.6964,-1.3416
4.6544,4.6141,1.8078,1.4086,3.9833,-3.6833,-1.6477,-1.3152
4.5848,4.5956,1.7393,1.3824,3.9571,-3.6817,-1.5976,-1.2876
4.5139,4.5754,1.6695,1.355,3.9289,-3.6783,-1.546,-1.259
4.4417,4.5536,1.5983,1.3264,3.8988,-3.6731,-1.4931,-1.2292
4.3683,4.5301,1.5259,1.2967,3.8667,-3.6661,-1.4389,-1.1984
4.2938,4.5051,1.4523,1.2657,3.8328,-3.6573,-1.3834,-1.1665
4.2183,4.4786,1.3775,1.2337,3.7971,-3.6468,-1.3267,-1.1336
4.1417,4.4505,1.3017,1.2005,3.7596,-3.6346,-1.2689,-1.0997
4.0643,4.4209,1.2248,1.1663,3.7204,-3.6207,-1.2098,-1.0648
3.9861,4.3899,1.1469,1.131,3.6795,-3.6052,-1.1498,-1.029
3.9071,4.3575,1.068,1.0947,3.6369,-3.588,-1.0887,-0.99234
3.8274,4.3236,0.98834,1.0574,3.5929,-3.5693,-1.0266,-0.95479
3.7472,4.2884,0.90784,1.0192,3.5472,-3.5489,-0.96356,-0.91639
3.6664,4.2518,0.82658,0.98004,3.5002,-3.5271,-0.89968,-0.8772
3.5851,4.2139,0.74463,0.94002,3.4517,-3.5037,-0.83499,-0.83722
3.5035,4.1747,0.66204,0.89914,3.4018,-3.4789,-0.76954,-0.7965
3.4216,4.1343,0.57889,0.85744,3.3507,-3.4526,-0.70338,-0.75508
3.3394,4.0926,0.49524,0.81496,3.2983,-3.425,-0.63657,-0.71297
3.2571,4.0498,0.41114,0.77173,3.2447,-3.3959,-0.56917,-0.67023
3.1746,4.0057,0.32665,0.72779,3.1899,-3.3655,-0.50123,-0.62687
3.0922,3.9605,0.24186,0.68317,3.1341,-3.3339,-0.43281,-0.58293
3.0097,3.9142,0.15681,0.63791,3.0773,-3.3009,-0.36397,-0.53845
2.9274,3.8669,0.071567,0.59203,3.0195,-3.2668,-0.29475,-0.49346
2.8452,3.8184,-0.013796,0.54559,2.9609,-3.2314,-0.22523,-0.44799
2.7632,3.769,-0.099219,0.49861,2.9013,-3.1949,-0.15546,-0.40208
2.6815,3.7185,-0.18464,0.45114,2.841,-3.1572,-0.08549,-0.35576
2.6001,3.667,-0.26999,0.40319,2.78,-3.1185,-0.015384,-0.30906
2.5191,3.6146,-0.3552,0.35482,2.7183,-3.0787,0.054802,-0.26201
2.4386,3.5613,-0.44022,0.30606,2.656,-3.0379,0.12501,-0.21465
2.3586,3.507,-0.52498,0.25695,2.5931,-2.9961,0.19519,-0.16702
2.2792,3.4519,-0.60941,0.20751,2.5298,-2.9533,0.26528,-0.11913
2.2003,3.396,-0.69346,0.15779,2.466,-2.9097,0.33522,-0.071036
2.1222,3.3392,-0.77705,0.10782,2.4018,-2.8651,0.40497,-0.022756
2.0447,3.2816,-0.86014,0.05763,2.3373,-2.8198,0.47445,0.025675
1.968,3.2232,-0.94265,0.0072629,2.2726,-2.7736,0.54363,0.074225
1.8921,3.1641,-1.0245,-0.04325,2.2076,-2.7266,0.61245,0.12287
1.817,3.1043,-1.1057,-0.093876,2.1425,-2.6789,0.68085,0.17156
1.7428,3.0437,-1.1861,-0.14458,2.0773,-2.6305,0.74879,0.22029
1.6695,2.9825,-1.2658,-0.19533,2.012,-2.5815,0.8162,0.26902
1.5971,2.9206,-1.3445,-0.2461,1.9467,-2.5318,0.88305,0.31771
1.5258,2.858,-1.4223,-0.29684,1.8815,-2.4815,0.94928,0.36635
1.4555,2.7949,-1.4992,-0.34754,1.8164,-2.4306,1.0148,0.41491
1.3862,2.7311,-1.575,-0.39816,1.7514,-2.3792,1.0797,0.46335
1.318,2.6668,-1.6497,-0.44867,1.6867,-2.3273,1.1438,0.51165
1.2509,2.602,-1.7233,-0.49904,1.6222,-2.2749,1.2071,0.55978
1.1849,2.5366,-1.7957,-0.54924,1.558,-2.2221,1.2695,0.60772
1.1201,2.4707,-1.8668,-0.59924,1.4941,-2.1688,1.3311,0.65545
1.0565,2.4043,-1.9367,-0.64902,1.4306,-2.1152,1.3917,0.70293
0.994,2.3374,-2.0052,-0.69855,1.3676,-2.0612,1.4513,0.75015
0.93276,2.2701,-2.0724,-0.7478,1.305,-2.0069,1.51,0.79708
0.87274,2.2024,-2.1381,-0.79676,1.243,-1.9523,1.5676,0.8437
0.81396,2.1342,-2.2024,-0.84538,1.1814,-1.8975,1.6241,0.88999
0.75642,2.0657,-2.2651,-0.89366,1.1205,-1.8424,1.6795,0.93593
0.70015,1.9968,-2.3263,-0.94156,1.0602,-1.787,1.7337,0.98149
0.64513,1.9276,-2.386,-0.98907,1.0006,-1.7316,1.7868,1.0267
0.59139,1.858,-2.444,-1.0362,0.94164,-1.6759,1.8387,1.0714
0.53892,1.7881,-2.5004,-1.0828,0.88341,-1.6201,1.8893,1.1157
0.48773,1.718,-2.5551,-1.129,0.82593,-1.5642,1.9387,1.1596
0.43781,1.6475,-2.608,-1.1748,0.76924,-1.5082,1.9867,1.203
0.38917,1.5769,-2.6593,-1.22,0.71335,-1.4522,2.0335,1.246
0.3418,1.5059,-2.7087,-1.2647,0.6583,-1.3961,2.079,1.2884
0.2957,1.4348,-2.7564,-1.3089,0.6041,-1.34,2.1231,1.3303
0.25086,1.3635,-2.8023,-1.3526,0.55078,-1.2839,2.1658,1.3718
0.20727,1.292,-2.8463,-1.3957,0.49836,-1.2278,2.2071,1.4126
0.16493,1.2204,-2.8885,-1.4382,0.44686,-1.1718,2.2471,1.4529
0.12382,1.1487,-2.9288,-1.4802,0.39629,-1.1159,2.2856,1.4927
0.083927,1.0768,-2.9672,-1.5215,0.34668,-1.06,2.3227,1.5319
0.045247,1.0048,-3.0037,-1.5622,0.29803,-1.0042,2.3584,1.5705
0.0077593,0.9328,-3.0383,-1.6024,0.25035,-0.94858,2.3927,1.6084
-0.028552,0.86072,-3.071,-1.6418,0.20366,-0.89308,2.4255,1.6458
-0.063704,0.78861,-3.1017,-1.6807,0.15797,-0.83774,2.4568,1.6826
-0.097716,0.71649,-3.1305,-1.7189,0.11328,-0.78258,2.4867,1.7188
-0.13061,0.64439,-3.1573,-1.7564,0.069601,-0.7276,2.5152,1.7543
-0.1624,0.57231,-3.1822,-1.7933,0.026937,-0.67283,2.5422,1.7892
-0.19311,0.50029,-3.2052,-1.8295,-0.01471,-0.61829,2.5677,1.8234
-0.22278,0.42835,-3.2262,-1.865,-0.055339,-0.56398,2.5918,1.857
-0.25141,0.35649,-3.2452,-1.8998,-0.094949,-0.50992,2.6145,1.89
-0.27904,0.28476,-3.2624,-1.9339,-0.13354,-0.45612,2.6357,1.9222
-0.30568,0.21316,-3.2775,-1.9674,-0.17112,-0.4026,2.6555,1.9539
-0.33138,0.14171,-3.2908,-2.0001,-0.20769,-0.34937,2.6739,1.9848
-0.35616,0.070453,-3.3021,-2.0321,-0.24326,-0.29644,2.6909,2.0151
-0.38003,-0.00060753,-3.3116,-2.0634,-0.27783,-0.24382,2.7065,2.0447
-0.40305,-0.071445,-3.3191,-2.094,-0.31142,-0.19152,2.7207,2.0736
-0.42522,-0.14204,-3.3248,-2.1238,-0.34403,-0.13956,2.7336,2.1019
-0.44659,-0.21236,-3.3285,-2.153,-0.37567,-0.087941,2.7451,2.1294
-0.46719,-0.2824,-3.3305,-2.1814,-0.40636,-0.036675,2.7552,2.1563
-0.48705,-0.35213,-3.3306,-2.2091,-0.4361,0.014227,2.7641,2.1825
-0.50619,-0.42152,-3.3289,-2.236,-0.46493,0.064759,2.7716,2.208
-0.52466,-0.49056,-3.3254,-2.2622,-0.49284,0.11491,2.7779,2.2329
-0.54248,-0.55922,-3.3201,-2.2877,-0.51986,0.16467,2.7829,2.257
-0.55969,-0.62748,-3.3131,-2.3125,-0.54601,0.21404,2.7867,2.2805
-0.57633,-0.69532,-3.3044,-2.3365,-0.57131,0.26301,2.7893,2.3033
-0.59242,-0.76272,-3.294,-2.3597,-0.59576,0.31156,2.7907,2.3254
-0.608,-0.82965,-3.282,-2.3822,-0.61941,0.3597,2.791,2.3468
-0.62311,-0.89609,-3.2683,-2.404,-0.64226,0.40742,2.7901,2.3676
-0.63778,-0.96203,-3.253,-2.4251,-0.66434,0.45471,2.7881,2.3876
-0.65204,-1.0274,-3.2361,-2.4454,-0.68567,0.50156,2.7851,2.407
-0.66594,-1.0923,-3.2176,-2.4649,-0.70628,0.54798,2.7809,2.4257
-0.6795,-1.1565,-3.1977,-2.4837,-0.7262,0.59395,2.7758,2.4438
-0.69276,-1.2202,-3.1763,-2.5017,-0.74544,0.63947,2.7697,2.4612
-0.70575,-1.2833,-3.1535,-2.519,-0.76403,0.68454,2.7626,2.4779
-0.71851,-1.3457,-3.1292,-2.5356,-0.782,0.72916,2.7545,2.4939
-0.73108,-1.4074,-3.1036,-2.5514,-0.79938,0.77331,2.7456,2.5093
-0.74349,-1.4685,-3.0766,-2.5664,-0.81619,0.81699,2.7358,2.5241
-0.75576,-1.5288,-3.0484,-2.5807,-0.83246,0.86021,2.7251,2.5381
-0.76795,-1.5885,-3.0188,-2.5943,-0.84822,0.90296,2.7136,2.5516
-0.78007,-1.6474,-2.9881,-2.607,-0.8635,0.94523,2.7014,2.5644
-0.79217,-1.7055,-2.9562,-2.6191,-0.87832,0.98703,2.6884,2.5765
-0.80428,-1.7628,-2.9231,-2.6303,-0.89272,1.0283,2.6746,2.588
-0.81642,-1.8194,-2.889,-2.6408,-0.90672,1.0692,2.6602,2.5989
-0.82864,-1.8751,-2.8538,-2.6505,-0.92035,1.1095,2.6451,2.6091
-0.84096,-1.9299,-2.8175,-2.6595,-0.93365,1.1494,2.6294,2.6187
-0.85341,-1.9839,-2.7803,-2.6677,-0.94663,1.1888,2.613,2.6277
-0.86603,-2.0371,-2.7422,-2.6751,-0.95933,1.2277,2.5962,2.6361
-0.87884,-2.0893,-2.7031,-2.6818,-0.97177,1.2661,2.5787,2.6438
-0.89188,-2.1406,-2.6632,-2.6877,-0.98399,1.304,2.5608,2.6509
-0.90518,-2.191,-2.6225,-2.6928,-0.99602,1.3414,2.5424,2.6575
-0.91875,-2.2405,-2.581,-2.6971,-1.0079,1.3783,2.5235,2.6634
-0.93264,-2.289,-2.5387,-2.7006,-1.0196,1.4147,2.5042,2.6687
-0.94686,-2.3365,-2.4958,-2.7034,-1.0312,1.4507,2.4846,2.6734
-0.96145,-2.383,-2.4522,-2.7053,-1.0427,1.4861,2.4645,2.6776
-0.97642,-2.4285,-2.4081,-2.7065,-1.0542,1.5211,2.4442,2.6811
-0.99181,-2.473,-2.3633,-2.7069,-1.0656,1.5555,2.4235,2.6841
-1.0076,-2.5165,-2.318,-2.7065,-1.077,1.5894,2.4026,2.6864
-1.0239,-2.5589,-2.2723,-2.7053,-1.0885,1.6229,2.3814,2.6882
-1.0407,-2.6003,-2.2261,-2.7033,-1.1,1.6559,2.3599,2.6894
-1.0579,-2.6406,-2.1795,-2.7004,-1.1115,1.6883,2.3383,2.6901
-1.0757,-2.6799,-2.1325,-2.6968,-1.1232,1.7203,2.3165,2.6902
-1.0941,-2.7181,-2.0852,-2.6924,-1.1349,1.7518,2.2946,2.6897
-1.113,-2.7552,-2.0377,-2.6872,-1.1468,1.7827,2.2725,2.6887
-1.1324,-2.7912,-1.9898,-2.6811,-1.1589,1.8132,2.2503,2.6871
-1.1525,-2.826,-1.9418,-2.6742,-1.1711,1.8432,2.228,2.685
-1.1732,-2.8598,-1.8936,-2.6665,-1.1836,1.8727,2.2057,2.6823
-1.1945,-2.8925,-1.8452,-2.658,-1.1962,1.9017,2.1834,2.6791
-1.2164,-2.924,-1.7968,-2.6487,-1.2091,1.9302,2.161,2.6754
-1.239,-2.9545,-1.7483,-2.6386,-1.2223,1.9583,2.1386,2.6711
-1.2622,-2.9837,-1.6998,-2.6276,-1.2357,1.9858,2.1162,2.6663
-1.2861,-3.0119,-1.6513,-2.6158,-1.2494,2.0129,2.0939,2.6609
-1.3107,-3.0389,-1.6028,-2.6032,-1.2635,2.0394,2.0717,2.6551
-1.336,-3.0648,-1.5544,-2.5898,-1.2778,2.0655,2.0495,2.6487
-1.3619,-3.0896,-1.5061,-2.5755,-1.2925,2.0911,2.0274,2.6418
-1.3886,-3.1133,-1.458,-2.5604,-1.3076,2.1163,2.0054,2.6344
-1.4159,-3.1358,-1.41,-2.5445,-1.323,2.1409,1.9835,2.6265
-1.444,-3.1571,-1.3622,-2.5278,-1.3387,2.1651,1.9618,2.6181
-1.4727,-3.1774,-1.3147,-2.5102,-1.3549,2.1888,1.9402,2.6092
-1.5022,-3.1965,-1.2674,-2.4918,-1.3714,2.2121,1.9188,2.5998
-1.5323,-3.2145,-1.2204,-2.4727,-1.3884,2.2348,1.8975,2.59
-1.5632,-3.2314,-1.1738,-2.4527,-1.4058,2.2572,1.8765,2.5796
-1.5947,-3.2472,-1.1274,-2.4318,-1.4235,2.279,1.8556,2.5688
-1.6269,-3.2619,-1.0815,-2.4102,-1.4417,2.3004,1.8349,2.5574
-1.6598,-3.2755,-1.0359,-2.3878,-1.4603,2.3213,1.8144,2.5456
-1.6934,-3.288,-0.9908,-2.3645,-1.4794,2.3418,1.7942,2.5334
-1.7277,-3.2994,-0.94611,-2.3405,-1.4989,2.3618,1.7742,2.5207
-1.7626,-3.3097,-0.90188,-2.3157,-1.5188,2.3814,1.7544,2.5075
-1.7981,-3.319,-0.85813,-2.2901,-1.5392,2.4005,1.7348,2.4939
-1.8343,-3.3272,-0.81489,-2.2637,-1.5599,2.4192,1.7155,2.4798
-1.8711,-3.3344,-0.77218,-2.2365,-1.5812,2.4375,1.6964,2.4652
-1.9085,-3.3405,-0.73001,-2.2086,-1.6028,2.4553,1.6776,2.4503
-1.9465,-3.3456,-0.6884,-2.1799,-1.6249,2.4727,1.659,2.4349
-1.985,-3.3497,-0.64737,-2.1505,-1.6474,2.4896,1.6407,2.419
-2.0241,-3.3528,-0.60693,-2.1203,-1.6704,2.5062,1.6226,2.4028
-2.0637,-3.355,-0.56711,-2.0893,-1.6937,2.5223,1.6048,2.3861
-2.1038,-3.3561,-0.5279,-2.0577,-1.7175,2.538,1.5872,2.369
-2.1444,-3.3563,-0.48933,-2.0253,-1.7416,2.5532,1.5699,2.3515
-2.1855,-3.3555,-0.45141,-1.9922,-1.7662,2.5681,1.5529,2.3336
-2.2269,-3.3538,-0.41415,-1.9585,-1.7911,2.5825,1.5361,2.3152
-2.2688,-3.3511,-0.37755,-1.924,-1.8164,2.5965,1.5195,2.2965
-2.3111,-3.3476,-0.34163,-1.8889,-1.8421,2.6102,1.5032,2.2774
-2.3537,-3.3431,-0.3064,-1.853,-1.8682,2.6234,1.4872,2.2579
-2.3967,-3.3378,-0.27186,-1.8166,-1.8945,2.6362,1.4714,2.238
-2.4399,-3.3316,-0.23802,-1.7795,-1.9212,2.6486,1.4558,2.2177
-2.4834,-3.3246,-0.20488,-1.7418,-1.9483,2.6607,1.4404,2.197
-2.5271,-3.3167,-0.17245,-1.7034,-1.9756,2.6723,1.4253,2.176
-2.571,-3.308,-0.14073,-1.6645,-2.0032,2.6835,1.4103,2.1546
-2.615,-3.2985,-0.10972,-1.625,-2.031,2.6944,1.3956,2.1329
-2.6592,-3.2882,-0.079428,-1.5849,-2.0592,2.7049,1.3811,2.1107
-2.7035,-3.2771,-0.049851,-1.5442,-2.0875,2.715,1.3668,2.0883
-2.7478,-3.2653,-0.020989,-1.503,-2.1161,2.7247,1.3526,2.0654
-2.7921,-3.2527,0.0071601,-1.4613,-2.1448,2.734,1.3387,2.0422
-2.8364,-3.2393,0.034598,-1.419,-2.1737,2.7429,1.3248,2.0187
-2.8806,-3.2253,0.061329,-1.3763,-2.2028,2.7515,1.3112,1.9948
-2.9247,-3.2105,0.087355,-1.333,-2.232,2.7596,1.2977,1.9706
-2.9686,-3.1951,0.11268,-1.2893,-2.2614,2.7674,1.2843,1.9461
-3.0124,-3.179,0.13732,-1.2452,-2.2908,2.7749,1.271,1.9212
-3.056,-3.1622,0.16127,-1.2006,-2.3203,2.7819,1.2579,1.896
-3.0992,-3.1448,0.18454,-1.1556,-2.3498,2.7886,1.2448,1.8704
-3.1422,-3.1267,0.20713,-1.1102,-2.3793,2.7948,1.2319,1.8446
-3.1847,-3.1081,0.22907,-1.0644,-2.4089,2.8007,1.219,1.8184
-3.2269,-3.0888,0.25036,-1.0182,-2.4384,2.8063,1.2061,1.7918
-3.2687,-3.0689,0.27101,-0.97172,-2.4678,2.8114,1.1933,1.765
-3.3099,-3.0485,0.29102,-0.92486,-2.4972,2.8162,1.1806,1.7378
-3.3506,-3.0275,0.31042,-0.87769,-2.5264,2.8205,1.1678,1.7103
-3.3907,-3.0059,0.32922,-0.83021,-2.5556,2.8245,1.1551,1.6825
-3.4302,-2.9838,0.34743,-0.78245,-2.5845,2.8281,1.1423,1.6543
-3.4691,-2.9612,0.36506,-0.73441,-2.6133,2.8313,1.1295,1.6258
-3.5072,-2.9381,0.38213,-0.68612,-2.6418,2.8341,1.1167,1.597
-3.5446,-2.9145,0.39865,-0.6376,-2.6702,2.8365,1.1038,1.5679
-3.5811,-2.8904,0.41465,-0.58885,-2.6982,2.8385,1.0908,1.5385
-3.6169,-2.8658,0.43014,-0.5399,-2.7259,2.8401,1.0777,1.5087
-3.6517,-2.8407,0.44514,-0.49077,-2.7533,2.8413,1.0645,1.4786
-3.6856,-2.8152,0.45966,-0.44147,-2.7804,2.8421,1.0512,1.4482
-3.7185,-2.7893,0.47372,-0.39201,-2.8071,2.8425,1.0378,1.4174
-3.7504,-2.7629,0.48735,-0.34241,-2.8333,2.8424,1.0242,1.3863
-3.7813,-2.7361,0.50057,-0.2927,-2.8591,2.8419,1.0104,1.3549
-3.811,-2.709,0.51339,-0.24287,-2.8845,2.841,0.99646,1.3231
-3.8396,-2.6814,0.52583,-0.19296,-2.9093,2.8397,0.98229,1.291
-3.8671,-2.6535,0.53792,-0.14298,-2.9336,2.8379,0.9679,1.2585
-3.8933,-2.6252,0.54968,-0.092941,-2.9574,2.8356,0.95327,1.2257
-3.9182,-2.5965,0.56114,-0.04286,-2.9806,2.8329,0.93838,1.1926
-3.9418,-2.5675,0.5723,0.0072466,-3.0031,2.8298,0.92321,1.159
-3.9641,-2.5381,0.58321,0.057363,-3.025,2.8262,0.90776,1.1252
-3.9851,-2.5085,0.59388,0.10747,-3.0463,2.8221,0.892,1.091
-4.0046,-2.4785,0.60433,0.15756,-3.0668,2.8176,0.87592,1.0564
-4.0227,-2.4483,0.61459,0.20762,-3.0867,2.8125,0.8595,1.0214
-4.0393,-2.4177,0.62468,0.25762,-3.1058,2.807,0.84273,0.9861
-4.0543,-2.3869,0.63463,0.30756,-3.1241,2.801,0.82558,0.95041
-4.0679,-2.3558,0.64446,0.35741,-3.1416,2.7945,0.80805,0.91435
-4.0799,-2.3245,0.6542,0.40717,-3.1583,2.7875,0.79012,0.87791
-4.0902,-2.2929,0.66387,0.45682,-3.1741,2.78,0.77177,0.8411
-4.0989,-2.2612,0.6735,0.50634,-3.189,2.772,0.75299,0.8039
-4.106,-2.2292,0.68311,0.55572,-3.2031,2.7634,0.73377,0.76632
-4.1114,-2.197,0.69272,0.60494,-3.2162,2.7543,0.71409,0.72836
-4.1151,-2.1646,0.70237,0.654,-3.2284,2.7447,0.69393,0.69001
-4.117,-2.132,0.71207,0.70287,-3.2396,2.7346,0.67329,0.65127
-4.1172,-2.0993,0.72186,0.75154,-3.2499,2.7239,0.65214,0.61214
-4.1157,-2.0665,0.73175,0.8,-3.2591,2.7127,0.63049,0.57263
-4.1123,-2.0335,0.74177,0.84823,-3.2673,2.701,0.60831,0.53273
-4.1071,-2.0003,0.75194,0.89622,-3.2744,2.6887,0.5856,0.49244
-4.1001,-1.9671,0.7623,0.94395,-3.2805,2.6758,0.56234,0.45177
-4.0913,-1.9338,0.77285,0.99141,-3.2855,2.6624,0.53852,0.41071
-4.0806,-1.9004,0.78364,1.0386,-3.2894,2.6484,0.51414,0.36926
-4.068,-1.8669,0.79467,1.0855,-3.2922,2.6339,0.48917,0.32744
-4.0536,-1.8334,0.80597,1.132,-3.2938,2.6188,0.46363,0.28524
-4.0373,-1.7998,0.81757,1.1783,-3.2943,2.6032,0.43748,0.24266
-4.0191,-1.7662,0.82948,1.2242,-3.2936,2.587,0.41074,0.19971
-3.999,-1.7326,0.84174,1.2697,-3.2918,2.5702,0.38339,0.1564
-3.977,-1.699,0.85435,1.3149,-3.2888,2.5528,0.35542,0.11273
-3.9531,-1.6654,0.86734,1.3596,-3.2845,2.5349,0.32683,0.068704
-3.9273,-1.6318,0.88073,1.404,-3.2791,2.5165,0.29761,0.024333
-3.8996,-1.5983,0.89453,1.448,-3.2725,2.4975,0.26776,-0.020378
-3.8701,-1.5648,0.90878,1.4915,-3.2646,2.4779,0.23728,-0.065421
-3.8386,-1.5314,0.92347,1.5346,-3.2556,2.4578,0.20616,-0.11078
-3.8052,-1.4981,0.93864,1.5773,-3.2453,2.4371,0.1744,-0.15646
-3.77,-1.4649,0.9543,1.6194,-3.2337,2.4159,0.142,-0.20244
-3.7329,-1.4317,0.97046,1.6611,-3.2209,2.3941,0.10896,-0.24871
-3.6939,-1.3987,0.98714,1.7023,-3.2069,2.3718,0.075277,-0.29526
-3.6531,-1.3659,1.0044,1.7429,-3.1916,2.349,0.040954,-0.34208
-3.6105,-1.3332,1.0221,1.7831,-3.1751,2.3257,0.0059909,-0.38914
-3.5661,-1.3006,1.0404,1.8227,-3.1574,2.3018,-0.029608,-0.43645
-3.5198,-1.2682,1.0593,1.8617,-3.1384,2.2774,-0.065841,-0.48398
-3.4718,-1.236,1.0788,1.9001,-3.1182,2.2526,-0.1027,-0.53173
-3.422,-1.204,1.0988,1.938,-3.0967,2.2272,-0.14019,-0.57966
-3.3705,-1.1723,1.1195,1.9753,-3.0741,2.2014,-0.17829,-0.62777
-3.3172,-1.1407,1.1407,2.0119,-3.0502,2.1751,-0.21701,-0.67604
-3.2623,-1.1094,1.1626,2.048,-3.025,2.1483,-0.25633,-0.72445
-3.2057,-1.0783,1.1851,2.0833,-2.9987,2.1211,-0.29624,-0.77298
-3.1475,-1.0474,1.2082,2.118,-2.9712,2.0935,-0.33674,-0.82161
-3.0876,-1.0168,1.2319,2.1521,-2.9425,2.0654,-0.37782,-0.87032
-3.0262,-0.98652,1.2563,2.1855,-2.9127,2.0369,-0.41947,-0.91909
-2.9632,-0.95648,1.2813,2.2181,-2.8816,2.008,-0.46167,-0.9679
-2.8987,-0.92673,1.3069,2.2501,-2.8495,1.9788,-0.50441,-1.0167
-2.8327,-0.89727,1.3332,2.2813,-2.8161,1.9491,-0.54768,-1.0656
-2.7653,-0.86812,1.36,2.3118,-2.7817,1.9191,-0.59147,-1.1144
-2.6964,-0.83927,1.3875,2.3415,-2.7462,1.8888,-0.63576,-1.1631
-2.6262,-0.81073,1.4157,2.3704,-2.7096,1.8581,-0.68053,-1.2118
-2.5546,-0.78251,1.4444,2.3986,-2.6719,1.8271,-0.72577,-1.2603
-2.4817,-0.75462,1.4737,2.426,-2.6332,1.7958,-0.77147,-1.3088
-2.4076,-0.72704,1.5037,2.4526,-2.5934,1.7642,-0.8176,-1.3571
-2.3323,-0.6998,1.5342,2.4784,-2.5527,1.7324,-0.86414,-1.4052
-2.2557,-0.67289,1.5653,2.5033,-2.5109,1.7003,-0.91108,-1.4531
-2.178,-0.6463,1.597,2.5274,-2.4682,1.6679,-0.9584,-1.5008
-2.0993,-0.62005,1.6292,2.5507,-2.4246,1.6354,-1.0061,-1.5483
-2.0194,-0.59414,1.6619,2.5731,-2.38,1.6026,-1.0541,-1.5954
-1.9386,-0.56855,1.6952,2.5946,-2.3345,1.5697,-1.1024,-1.6423
-1.8568,-0.5433,1.729,2.6153,-2.2882,1.5366,-1.151,-1.6888
-1.7741,-0.51838,1.7633,2.635,-2.241,1.5033,-1.1999,-1.735
-1.6906,-0.49378,1.7981,2.6539,-2.193,1.4699,-1.2491,-1.7808
-1.6062,-0.4695,1.8333,2.6719,-2.1442,1.4364,-1.2984,-1.8262
-1.521,-0.44554,1.869,2.6889,-2.0946,1.4027,-1.348,-1.8711
-1.4351,-0.42188,1.9051,2.7051,-2.0443,1.369,-1.3977,-1.9156
-1.3486,-0.39854,1.9416,2.7203,-1.9933,1.3352,-1.4476,-1.9596
-1.2614,-0.37549,1.9784,2.7346,-1.9416,1.3014,-1.4976,-2.0031
-1.1736,-0.35273,2.0156,2.7479,-1.8893,1.2675,-1.5477,-2.0461
-1.0853,-0.33026,2.0531,2.7603,-1.8363,1.2335,-1.5979,-2.0885
-0.99659,-0.30805,2.0909,2.7718,-1.7827,1.1996,-1.6481,-2.1303
-0.90741,-0.28611,2.129,2.7823,-1.7285,1.1657,-1.6983,-2.1715
-0.81785,-0.26442,2.1673,2.7918,-1.6738,1.1318,-1.7486,-2.212
-0.72797,-0.24297,2.2058,2.8004,-1.6186,1.0979,-1.7988,-2.252
-0.63783,-0.22175,2.2445,2.8081,-1.5629,1.064,-1.8489,-2.2912
-0.54746,-0.20074,2.2834,2.8147,-1.5068,1.0302,-1.8989,-2.3297
-0.45693,-0.17994,2.3223,2.8205,-1.4503,0.9965,-1.9489,-2.3675
-0.36627,-0.15933,2.3614,2.8253,-1.3933,0.96286,-1.9986,-2.4046
-0.27556,-0.13888,2.4005,2.8291,-1.336,0.92931,-2.0482,-2.4409
-0.18483,-0.1186,2.4396,2.832,-1.2784,0.89585,-2.0976,-2.4764
-0.094139,-0.098462,2.4787,2.8339,-1.2204,0.86251,-2.1468,-2.5111
-0.0035374,-0.078449,2.5177,2.8349,-1.1622,0.8293,-2.1957,-2.545
0.086924,-0.058546,2.5567,2.8349,-1.1038,0.79621,-2.2443,-2.578
0.17719,-0.038736,2.5955,2.834,-1.0451,0.76326,-2.2926,-2.6102
0.26722,-0.019003,2.6342,2.8322,-0.98626,0.73046,-2.3405,-2.6416
0.35696,0.00067126,2.6726,2.8295,-0.92727,0.69781,-2.3881,-2.672
0.44635,0.020305,2.7108,2.8258,-0.86815,0.66532,-2.4352,-2.7016
0.53535,0.039917,2.7488,2.8213,-0.80895,0.633,-2.482,-2.7302
0.62391,0.059524,2.7864,2.8158,-0.74968,0.60085,-2.5283,-2.7579
0.71198,0.079146,2.8237,2.8095,-0.69037,0.56888,-2.5741,-2.7847
0.79951,0.098801,2.8606,2.8023,-0.63106,0.53709,-2.6194,-2.8105
0.88645,0.11851,2.897,2.7943,-0.57178,0.50548,-2.6641,-2.8353
0.97276,0.13828,2.933,2.7854,-0.51254,0.47405,-2.7083,-2.8592
1.0584,0.15815,2.9685,2.7757,-0.45338,0.44282,-2.7519,-2.8822
1.1433,0.17812,3.0034,2.7651,-0.39433,0.41177,-2.7949,-2.9041
1.2274,0.19822,3.0377,2.7538,-0.33541,0.38091,-2.8372,-2.9251
1.3107,0.21847,3.0714,2.7417,-0.27665,0.35025,-2.8789,-2.9451
1.3931,0.23888,3.1044,2.7288,-0.21808,0.31977,-2.9198,-2.9641
1.4747,0.25946,3.1367,2.7152,-0.15972,0.28948,-2.9601,-2.9821
1.5553,0.28025,3.1683,2.7008,-0.10159,0.25937,-2.9996,-2.9991
1.6348,0.30125,3.199,2.6857,-0.04373,0.22945,-3.0383,-3.0151
1.7134,0.32249,3.2289,2.6699,0.013845,0.19971,-3.0762,-3.0301
1.7909,0.34397,3.258,2.6535,0.071108,0.17015,-3.1134,-3.0441
1.8672,0.36572,3.2861,2.6364,0.12804,0.14076,-3.1496,-3.0572
1.9424,0.38774,3.3133,2.6187,0.18461,0.11154,-3.1851,-3.0692
2.0164,0.41007,3.3394,2.6004,0.24079,0.08248,-3.2196,-3.0803
2.0892,0.4327,3.3646,2.5814,0.29658,0.05358,-3.2532,-3.0903
2.1607,0.45565,3.3887,2.562,0.35193,0.024834,-3.2859,-3.0994
2.2309,0.47894,3.4117,2.542,0.40684,-0.0037668,-3.3177,-3.1076
2.2997,0.50257,3.4335,2.5214,0.46128,-0.032228,-3.3485,-3.1148
2.3672,0.52657,3.4542,2.5004,0.51523,-0.060556,-3.3783,-3.121
2.4333,0.55093,3.4736,2.4789,0.56867,-0.088758,-3.4071,-3.1263
2.4979,0.57568,3.4919,2.457,0.62158,-0.11684,-3.4348,-3.1307
2.5611,0.60081,3.5088,2.4346,0.67395,-0.14482,-3.4615,-3.1341
2.6227,0.62634,3.5244,2.4119,0.72574,-0.17269,-3.4872,-3.1366
2.6829,0.65227,3.5387,2.3888,0.77695,-0.20047,-3.5118,-3.1383
2.7414,0.67861,3.5516,2.3653,0.82756,-0.22816,-3.5352,-3.139
2.7984,0.70536,3.5631,2.3415,0.87754,-0.25578,-3.5576,-3.1389
2.8538,0.73254,3.5731,2.3175,0.92689,-0.28332,-3.5788,-3.1379
2.9075,0.76013,3.5817,2.2931,0.97559,-0.31081,-3.5989,-3.1361
2.9596,0.78815,3.5888,2.2686,1.0236,-0.33824,-3.6179,-3.1334
3.0099,0.8166,3.5944,2.2438,1.0709,-0.36563,-3.6356,-3.1299
3.0586,0.84547,3.5984,2.2188,1.1176,-0.39299,-3.6522,-3.1257
3.1056,0.87476,3.6009,2.1936,1.1635,-0.42032,-3.6676,-3.1206
3.1508,0.90448,3.6017,2.1683,1.2087,-0.44763,-3.6817,-3.1148
3.1942,0.93461,3.601,2.1429,1.2532,-0.47493,-3.6946,-3.1082
3.2359,0.96516,3.5986,2.1174,1.2969,-0.50224,-3.7063,-3.1009
3.2758,0.99613,3.5946,2.0918,1.3398,-0.52954,-3.7168,-3.0929
3.3138,1.0275,3.5888,2.0661,1.382,-0.55686,-3.726,-3.0842
3.35,1.0593,3.5814,2.0405,1.4233,-0.5842,-3.7339,-3.0748
3.3844,1.0914,3.5723,2.0148,1.4639,-0.61157,-3.7405,-3.0647
3.417,1.1239,3.5615,1.9891,1.5036,-0.63898,-3.7459,-3.054
3.4477,1.1568,3.549,1.9635,1.5426,-0.66643,-3.7499,-3.0426
3.4765,1.1901,3.5347,1.9379,1.5807,-0.69392,-3.7527,-3.0306
3.5035,1.2237,3.5186,1.9124,1.6179,-0.72147,-3.7541,-3.018
3.5285,1.2576,3.5008,1.887,1.6543,-0.74907,-3.7543,-3.0049
3.5517,1.2919,3.4812,1.8617,1.6898,-0.77674,-3.7531,-2.9911
3.573,1.3264,3.4598,1.8365,1.7245,-0.80448,-3.7505,-2.9768
3.5924,1.3612,3.4367,1.8115,1.7583,-0.83229,-3.7467,-2.962
3.61,1.3963,3.4117,1.7866,1.7912,-0.86017,-3.7415,-2.9467
3.6256,1.4317,3.385,1.7619,1.8233,-0.88814,-3.7349,-2.9308
3.6393,1.4673,3.3565,1.7374,1.8544,-0.91618,-3.727,-2.9145
3.6512,1.5031,3.3262,1.7131,1.8846,-0.94431,-3.7178,-2.8977
3.6612,1.539,3.2942,1.689,1.914,-0.97252,-3.7072,-2.8804
3.6693,1.5752,3.2603,1.6651,1.9424,-1.0008,-3.6953,-2.8627
3.6755,1.6115,3.2247,1.6414,1.9699,-1.0292,-3.682,-2.8445
3.6799,1.6479,3.1873,1.618,1.9965,-1.0577,-3.6674,-2.8259
3.6824,1.6845,3.1482,1.5949,2.0221,-1.0862,-3.6514,-2.8069
3.6831,1.7211,3.1074,1.572,2.0468,-1.1149,-3.634,-2.7876
3.6819,1.7578,3.0648,1.5493,2.0707,-1.1436,-3.6153,-2.7678
3.6789,1.7945,3.0205,1.527,2.0935,-1.1724,-3.5953,-2.7476
3.6742,1.8312,2.9745,1.5048,2.1155,-1.2013,-3.5739,-2.7271
3.6676,1.8679,2.9268,1.483,2.1365,-1.2303,-3.5512,-2.7063
3.6593,1.9045,2.8774,1.4615,2.1566,-1.2593,-3.5271,-2.6851
3.6492,1.9411,2.8264,1.4402,2.1758,-1.2884,-3.5017,-2.6635
3.6374,1.9776,2.7738,1.4192,2.194,-1.3176,-3.475,-2.6417
3.6239,2.0139,2.7196,1.3985,2.2113,-1.3468,-3.447,-2.6195
3.6087,2.0501,2.6638,1.378,2.2277,-1.3761,-3.4177,-2.597
3.5918,2.0862,2.6065,1.3579,2.2431,-1.4054,-3.387,-2.5742
3.5733,2.122,2.5476,1.3379,2.2577,-1.4347,-3.3551,-2.5511
3.5531,2.1576,2.4873,1.3183,2.2713,-1.4641,-3.3219,-2.5277
3.5314,2.193,2.4254,1.2989,2.284,-1.4935,-3.2874,-2.504
3.5081,2.2281,2.3622,1.2798,2.2958,-1.523,-3.2516,-2.4801
3.4833,2.2628,2.2975,1.2609,2.3067,-1.5524,-3.2146,-2.4558
3.457,2.2973,2.2315,1.2423,2.3167,-1.5818,-3.1764,-2.4313
3.4292,2.3314,2.1641,1.2239,2.3258,-1.6112,-3.137,-2.4066
3.3999,2.365,2.0955,1.2057,2.334,-1.6406,-3.0963,-2.3815
3.3693,2.3983,2.0256,1.1877,2.3414,-1.67,-3.0544,-2.3562
3.3373,2.4312,1.9545,1.1699,2.3478,-1.6993,-3.0114,-2.3307
3.3039,2.4636,1.8821,1.1524,2.3535,-1.7286,-2.9672,-2.3049
3.2692,2.4955,1.8087,1.1349,2.3583,-1.7578,-2.9219,-2.2788
3.2333,2.5269,1.7341,1.1177,2.3622,-1.787,-2.8754,-2.2525
3.1961,2.5577,1.6585,1.1006,2.3654,-1.816,-2.8279,-2.2259
3.1578,2.5881,1.5819,1.0837,2.3677,-1.845,-2.7793,-2.1991
3.1183,2.6178,1.5043,1.0669,2.3692,-1.8739,-2.7296,-2.1721
3.0776,2.647,1.4259,1.0501,2.3699,-1.9026,-2.6788,-2.1448
3.036,2.6755,1.3465,1.0335,2.3699,-1.9312,-2.6271,-2.1173
2.9933,2.7034,1.2663,1.017,2.3691,-1.9597,-2.5744,-2.0895
2.9496,2.7306,1.1853,1.0006,2.3675,-1.988,-2.5207,-2.0615
2.9049,2.7572,1.1036,0.98416,2.3652,-2.0162,-2.4661,-2.0332
2.8594,2.783,1.0212,0.9678,2.3622,-2.0441,-2.4105,-2.0047
2.813,2.8082,0.93822,0.95147,2.3586,-2.0719,-2.3541,-1.976
2.7658,2.8326,0.85464,0.93514,2.3542,-2.0995,-2.2969,-1.9471
2.7178,2.8563,0.77054,0.9188,2.3492,-2.1269,-2.2388,-1.9179
2.6692,2.8792,0.68596,0.90245,2.3435,-2.154,-2.1799,-1.8885
2.6198,2.9014,0.60096,0.88606,2.3372,-2.1809,-2.1203,-1.8588
2.5699,2.9227,0.5156,0.86961,2.3303,-2.2076,-2.0599,-1.8289
2.5193,2.9433,0.42992,0.8531,2.3228,-2.234,-1.9989,-1.7989
2.4683,2.9631,0.34399,0.83651,2.3148,-2.2601,-1.9372,-1.7685
2.4167,2.982,0.25786,0.81982,2.3062,-2.286,-1.8748,-1.738
2.3648,3.0001,0.17157,0.80302,2.2971,-2.3115,-1.8119,-1.7073
2.3124,3.0174,0.08519,0.7861,2.2874,-2.3368,-1.7484,-1.6763
2.2597,3.0338,-0.0012289,0.76903,2.2774,-2.3617,-1.6844,-1.6452
2.2068,3.0494,-0.087633,0.75182,2.2668,-2.3863,-1.6199,-1.6138
2.1536,3.0641,-0.17397,0.73444,2.2558,-2.4106,-1.555,-1.5823
2.1002,3.0779,-0.26017,0.71689,2.2445,-2.4345,-1.4897,-1.5505
2.0467,3.0909,-0.3462,0.69915,2.2327,-2.4581,-1.4241,-1.5186
1.9931,3.103,-0.43199,0.68121,2.2206,-2.4813,-1.3581,-1.4865
1.9395,3.1142,-0.51749,0.66305,2.2081,-2.5041,-1.2918,-1.4542
1.8859,3.1245,-0.60264,0.64468,2.1953,-2.5265,-1.2253,-1.4218
1.8323,3.134,-0.68739,0.62608,2.1823,-2.5486,-1.1587,-1.3892
1.7789,3.1426,-0.77169,0.60724,2.169,-2.5702,-1.0918,-1.3565
1.7256,3.1503,-0.85548,0.58815,2.1554,-2.5915,-1.0249,-1.3236
1.6725,3.1571,-0.93871,0.5688,2.1417,-2.6123,-0.95793,-1.2906
1.6197,3.1631,-1.0213,0.5492,2.1278,-2.6327,-0.89092,-1.2574
1.5672,3.1681,-1.1033,0.52932,2.1137,-2.6527,-0.82395,-1.2242
1.5151,3.1723,-1.1845,0.50917,2.0995,-2.6722,-0.75705,-1.1908
1.4634,3.1757,-1.265,0.48874,2.0852,-2.6913,-0.69027,-1.1574
1.4121,3.1782,-1.3446,0.46803,2.0708,-2.71,-0.62366,-1.1239
1.3613,3.1798,-1.4233,0.44703,2.0563,-2.7282,-0.55726,-1.0903
1.311,3.1806,-1.5012,0.42574,2.0419,-2.7459,-0.49113,-1.0567
1.2614,3.1805,-1.578,0.40416,2.0274,-2.7632,-0.42529,-1.023
1.2123,3.1796,-1.6539,0.38229,2.013,-2.78,-0.35981,-0.98931
1.164,3.1779,-1.7287,0.36012,1.9986,-2.7963,-0.29473,-0.95561
1.1164,3.1753,-1.8023,0.33767,1.9843,-2.8122,-0.2301,-0.9219
1.0695,3.172,-1.8748,0.31492,1.9701,-2.8275,-0.16595,-0.88822
1.0234,3.1678,-1.9461,0.29189,1.9561,-2.8424,-0.10235,-0.85457
