0.77432,-0.84639,1.4429,-1.0345,0.65594,0.49644,-0.7162,0.59047
0.74281,-0.81223,1.4223,-1.0219,0.63977,0.49357,-0.70211,0.58587
0.71083,-0.77717,1.4013,-1.0085,0.62355,0.49011,-0.68805,0.58043
0.67837,-0.74123,1.3798,-0.99427,0.60726,0.48607,-0.67402,0.57418
0.64542,-0.70445,1.3578,-0.9792,0.59089,0.48145,-0.66001,0.56712
0.61197,-0.66684,1.3353,-0.96331,0.57445,0.47625,-0.646,0.55926
0.57801,-0.62844,1.3123,-0.94659,0.55791,0.47049,-0.63198,0.55062
0.54354,-0.58927,1.2887,-0.92906,0.54127,0.46416,-0.61793,0.54121
0.50854,-0.54936,1.2647,-0.91073,0.52451,0.45728,-0.60385,0.53104
0.47302,-0.50874,1.24,-0.89159,0.50764,0.44986,-0.58972,0.52013
0.43697,-0.46745,1.2148,-0.87167,0.49063,0.4419,-0.57554,0.50849
0.40038,-0.42552,1.1889,-0.85097,0.47348,0.43341,-0.56128,0.49615
0.36326,-0.38297,1.1625,-0.82949,0.45619,0.42441,-0.54693,0.48311
0.32559,-0.33985,1.1354,-0.80725,0.43873,0.4149,-0.53249,0.46941
0.28738,-0.2962,1.1077,-0.78426,0.42111,0.40489,-0.51794,0.45505
0.24863,-0.25203,1.0794,-0.76052,0.40331,0.39439,-0.50326,0.44005
0.20935,-0.20741,1.0504,-0.73606,0.38532,0.38342,-0.48844,0.42445
0.16952,-0.16235,1.0208,-0.71088,0.36715,0.37198,-0.47348,0.40825
0.12916,-0.1169,0.99043,-0.685,0.34877,0.3601,-0.45835,0.39149
0.088274,-0.071108,0.95942,-0.65843,0.33019,0.34778,-0.44305,0.37418
0.046864,-0.025003,0.92772,-0.63118,0.3114,0.33503,-0.42756,0.35636
0.0049385,0.021371,0.89532,-0.60327,0.29239,0.32188,-0.41187,0.33803
-0.037494,0.067972,0.86222,-0.57472,0.27315,0.30833,-0.39598,0.31924
-0.080424,0.11476,0.82841,-0.54555,0.25367,0.29439,-0.37986,0.3
-0.12384,0.16168,0.79389,-0.51576,0.23397,0.2801,-0.36351,0.28034
-0.16773,0.2087,0.75865,-0.48538,0.21402,0.26545,-0.34691,0.26029
-0.21208,0.25578,0.72269,-0.45442,0.19382,0.25047,-0.33006,0.23988
-0.25687,0.30286,0.68601,-0.42292,0.17337,0.23517,-0.31295,0.21913
-0.3021,0.34991,0.64862,-0.39088,0.15267,0.21958,-0.29556,0.19807
-0.34774,0.39687,0.6105,-0.35832,0.13172,0.2037,-0.2779,0.17674
-0.39376,0.44371,0.57168,-0.32528,0.1105,0.18756,-0.25993,0.15516
-0.44017,0.49037,0.53214,-0.29176,0.089029,0.17117,-0.24167,0.13335
-0.48692,0.53681,0.49189,-0.25781,0.067294,0.15456,-0.22311,0.11137
-0.534,0.58297,0.45094,-0.22343,0.045297,0.13774,-0.20422,0.089219
-0.58139,0.62883,0.4093,-0.18865,0.023038,0.12073,-0.18502,0.066945
-0.62905,0.67431,0.36697,-0.1535,0.00051891,0.10356,-0.16549,0.044575
-0.67697,0.71939,0.32397,-0.11801,-0.02226,0.086232,-0.14563,0.022141
-0.72511,0.76401,0.2803,-0.082201,-0.045297,0.068781,-0.12543,-0.00032609
-0.77345,0.80812,0.23597,-0.046099,-0.068589,0.051223,-0.10489,-0.022794
-0.82196,0.85167,0.19101,-0.0097353,-0.092132,0.033579,-0.084005,-0.045232
-0.8706,0.89463,0.14542,0.026862,-0.11592,0.01587,-0.062776,-0.067607
-0.91934,0.93693,0.099226,0.063665,-0.13996,-0.001881,-0.041199,-0.089888
-0.96815,0.97854,0.052439,0.10064,-0.16423,-0.019653,-0.019273,-0.11204
-1.017,1.0194,0.0050786,0.13776,-0.18874,-0.037425,0.0030025,-0.13404
-1.0658,1.0595,-0.042834,0.17499,-0.21347,-0.055174,0.025626,-0.15585
-1.1146,1.0987,-0.091277,0.2123,-0.23842,-0.072878,0.048596,-0.17743
-1.1634,1.1371,-0.14023,0.24966,-0.26358,-0.090515,0.07191,-0.19877
-1.212,1.1745,-0.18967,0.28703,-0.28894,-0.10806,0.095566,-0.21982
-1.2604,1.211,-0.23956,0.32439,-0.31449,-0.1255,0.11956,-0.24055
-1.3087,1.2464,-0.28989,0.36168,-0.34023,-0.1428,0.14388,-0.26094
-1.3567,1.2808,-0.34062,0.3989,-0.36613,-0.15994,0.16853,-0.28096
-1.4045,1.3141,-0.39173,0.43598,-0.3922,-0.1769,0.19351,-0.30056
-1.4519,1.3462,-0.44318,0.47291,-0.41842,-0.19367,0.21879,-0.31974
-1.499,1.3772,-0.49495,0.50965,-0.44477,-0.2102,0.24438,-0.33844
-1.5456,1.4069,-0.547,0.54615,-0.47124,-0.22649,0.27026,-0.35666
-1.5918,1.4353,-0.59929,0.58239,-0.49782,-0.24251,0.29642,-0.37435
-1.6375,1.4625,-0.65179,0.61833,-0.52449,-0.25824,0.32286,-0.3915
-1.6827,1.4883,-0.70448,0.65392,-0.55124,-0.27366,0.34956,-0.40807
-1.7273,1.5127,-0.75729,0.68914,-0.57806,-0.28874,0.37651,-0.42403
-1.7712,1.5357,-0.81021,0.72394,-0.60492,-0.30346,0.40369,-0.43937
-1.8145,1.5573,-0.86319,0.75829,-0.6318,-0.3178,0.43109,-0.45406
-1.8571,1.5773,-0.91619,0.79216,-0.6587,-0.33175,0.4587,-0.46807
-1.8989,1.5959,-0.96917,0.82549,-0.68559,-0.34527,0.4865,-0.48138
-1.9398,1.6129,-1.0221,0.85827,-0.71246,-0.35836,0.51446,-0.49396
-1.98,1.6283,-1.0749,0.89044,-0.73928,-0.37098,0.54258,-0.5058
-2.0192,1.6422,-1.1275,0.92197,-0.76604,-0.38312,0.57084,-0.51688
-2.0575,1.6544,-1.18,0.95282,-0.79271,-0.39476,0.59921,-0.52717
-2.0947,1.6649,-1.2322,0.98297,-0.81928,-0.40588,0.62768,-0.53665
-2.131,1.6738,-1.2842,1.0124,-0.84572,-0.41646,0.65622,-0.54531
-2.1661,1.6809,-1.3358,1.041,-0.87202,-0.42649,0.68482,-0.55313
-2.2002,1.6864,-1.387,1.0688,-0.89815,-0.43594,0.71344,-0.56009
-2.2331,1.6901,-1.4378,1.0957,-0.92409,-0.4448,0.74208,-0.56618
-2.2648,1.692,-1.4881,1.1217,-0.94982,-0.45305,0.7707,-0.57139
-2.2952,1.6922,-1.5379,1.1468,-0.97532,-0.46067,0.79929,-0.57569
-2.3243,1.6906,-1.5871,1.171,-1.0006,-0.46766,0.82781,-0.57908
-2.3522,1.6872,-1.6357,1.1942,-1.0255,-0.47398,0.85625,-0.58155
-2.3786,1.682,-1.6837,1.2163,-1.0502,-0.47964,0.88457,-0.58309
-2.4037,1.675,-1.7309,1.2373,-1.0745,-0.48462,0.91276,-0.58368
-2.4273,1.6661,-1.7774,1.2573,-1.0985,-0.48889,0.94079,-0.58333
-2.4495,1.6555,-1.823,1.2762,-1.1221,-0.49245,0.96863,-0.58202
-2.4702,1.643,-1.8678,1.2939,-1.1454,-0.4953,0.99625,-0.57975
-2.4893,1.6286,-1.9117,1.3104,-1.1682,-0.49741,1.0236,-0.57651
-2.5069,1.6125,-1.9546,1.3257,-1.1906,-0.49877,1.0508,-0.5723
-2.5229,1.5945,-1.9965,1.3398,-1.2125,-0.49938,1.0776,-0.56713
-2.5373,1.5748,-2.0374,1.3526,-1.234,-0.49922,1.1041,-0.56098
-2.55,1.5532,-2.0771,1.3641,-1.2549,-0.4983,1.1302,-0.55387
-2.5611,1.5298,-2.1157,1.3743,-1.2753,-0.49659,1.156,-0.54579
-2.5704,1.5047,-2.1532,1.3832,-1.2952,-0.4941,1.1814,-0.53674
-2.5781,1.4778,-2.1894,1.3907,-1.3145,-0.49082,1.2063,-0.52673
-2.584,1.4491,-2.2243,1.3968,-1.3333,-0.48674,1.2308,-0.51576
-2.5882,1.4187,-2.2579,1.4015,-1.3514,-0.48186,1.2548,-0.50385
-2.5907,1.3866,-2.2901,1.4048,-1.3689,-0.47617,1.2783,-0.49099
-2.5914,1.3528,-2.321,1.4067,-1.3858,-0.46968,1.3013,-0.4772
-2.5902,1.3174,-2.3504,1.4071,-1.402,-0.46238,1.3237,-0.46249
-2.5873,1.2803,-2.3783,1.4061,-1.4175,-0.45426,1.3456,-0.44687
-2.5826,1.2416,-2.4047,1.4036,-1.4323,-0.44534,1.3668,-0.43035
-2.5761,1.2013,-2.4296,1.3996,-1.4464,-0.43562,1.3874,-0.41295
-2.5678,1.1595,-2.4529,1.3941,-1.4598,-0.42508,1.4073,-0.39468
-2.5576,1.1163,-2.4746,1.3871,-1.4724,-0.41374,1.4266,-0.37556
-2.5457,1.0715,-2.4946,1.3786,-1.4842,-0.40161,1.4451,-0.3556
-2.5319,1.0253,-2.513,1.3685,-1.4953,-0.38868,1.4629,-0.33482
-2.5164,0.97776,-2.5296,1.357,-1.5056,-0.37496,1.48,-0.31325
-2.499,0.92886,-2.5446,1.3439,-1.5151,-0.36047,1.4963,-0.29089
-2.4798,0.87868,-2.5577,1.3293,-1.5238,-0.3452,1.5119,-0.26779
-2.4589,0.82725,-2.5691,1.3132,-1.5316,-0.32916,1.5266,-0.24395
-2.4362,0.77464,-2.5788,1.2956,-1.5386,-0.31238,1.5405,-0.2194
-2.4117,0.72088,-2.5866,1.2765,-1.5448,-0.29485,1.5535,-0.19417
-2.3855,0.66604,-2.5925,1.2558,-1.5501,-0.27659,1.5657,-0.16828
-2.3575,0.61017,-2.5967,1.2337,-1.5545,-0.25761,1.577,-0.14177
-2.3279,0.55333,-2.599,1.2101,-1.5581,-0.23794,1.5874,-0.11464
-2.2965,0.49557,-2.5994,1.185,-1.5608,-0.21757,1.5969,-0.086948
-2.2635,0.43697,-2.5979,1.1585,-1.5626,-0.19653,1.6054,-0.058708
-2.2288,0.37757,-2.5945,1.1305,-1.5635,-0.17484,1.6131,-0.029954
-2.1926,0.31745,-2.5893,1.1012,-1.5635,-0.15251,1.6198,-0.0007181
-2.1547,0.25668,-2.5822,1.0704,-1.5626,-0.12957,1.6255,0.028968
-2.1152,0.19531,-2.5732,1.0382,-1.5608,-0.10603,1.6302,0.059071
-2.0743,0.13341,-2.5623,1.0047,-1.5582,-0.081919,1.634,0.089556
-2.0318,0.071062,-2.5495,0.96988,-1.5546,-0.057254,1.6368,0.12039
-1.9878,0.0083289,-2.5348,0.93375,-1.5501,-0.032061,1.6385,0.15154
-1.9424,-0.054716,-2.5183,0.89634,-1.5447,-0.0063637,1.6393,0.18296
-1.8956,-0.118,-2.4999,0.85771,-1.5384,0.019811,1.6391,0.21462
-1.8474,-0.18145,-2.4796,0.81786,-1.5312,0.046438,1.6378,0.24648
-1.7979,-0.24499,-2.4576,0.77685,-1.5231,0.073488,1.6355,0.27851
-1.7471,-0.30854,-2.4337,0.73471,-1.5141,0.10093,1.6322,0.31067
-1.695,-0.37204,-2.4079,0.69148,-1.5042,0.12874,1.6278,0.34291
-1.6417,-0.43539,-2.3804,0.64719,-1.4934,0.15689,1.6225,0.3752
-1.5872,-0.49853,-2.3512,0.6019,-1.4818,0.18534,1.6161,0.40749
-1.5315,-0.56137,-2.3202,0.55563,-1.4692,0.21406,1.6086,0.43975
-1.4748,-0.62385,-2.2874,0.50845,-1.4558,0.24303,1.6001,0.47194
-1.4169,-0.68587,-2.253,0.4604,-1.4416,0.27219,1.5906,0.50401
-1.3581,-0.74736,-2.2169,0.41153,-1.4264,0.30152,1.5801,0.53592
-1.2983,-0.80825,-2.1792,0.36188,-1.4105,0.33099,1.5685,0.56764
-1.2375,-0.86845,-2.1399,0.31151,-1.3936,0.36056,1.5559,0.59911
-1.1759,-0.92789,-2.099,0.26048,-1.376,0.39018,1.5423,0.6303
-1.1134,-0.98648,-2.0566,0.20884,-1.3575,0.41983,1.5277,0.66117
-1.0501,-1.0442,-2.0127,0.15664,-1.3382,0.44945,1.512,0.69166
-0.98602,-1.1008,-1.9673,0.10394,-1.3181,0.47903,1.4954,0.72175
-0.92123,-1.1564,-1.9204,0.050806,-1.2972,0.5085,1.4778,0.75139
-0.85576,-1.2109,-1.8722,-0.0027059,-1.2755,0.53784,1.4591,0.78053
-0.78965,-1.2641,-1.8226,-0.056534,-1.2531,0.567,1.4395,0.80913
-0.72296,-1.3161,-1.7718,-0.11062,-1.2298,0.59593,1.4189,0.83715
-0.65571,-1.3666,-1.7196,-0.16489,-1.2059,0.62461,1.3974,0.86455
-0.58796,-1.4157,-1.6662,-0.21928,-1.1811,0.65298,1.3748,0.89129
-0.51975,-1.4633,-1.6117,-0.27374,-1.1557,0.681,1.3514,0.91733
-0.45112,-1.5094,-1.556,-0.3282,-1.1295,0.70863,1.327,0.94262
-0.38211,-1.5537,-1.4992,-0.38258,-1.1026,0.73582,1.3016,0.96713
-0.31276,-1.5964,-1.4413,-0.43682,-1.075,0.76253,1.2754,0.9908
-0.24312,-1.6372,-1.3825,-0.49085,-1.0467,0.78873,1.2482,1.0136
-0.17323,-1.6762,-1.3226,-0.54461,-1.0177,0.81435,1.2202,1.0355
-0.10312,-1.7134,-1.2619,-0.59803,-0.98811,0.83936,1.1912,1.0565
-0.032843,-1.7485,-1.2003,-0.65103,-0.95782,0.86372,1.1614,1.0765
0.037571,-1.7816,-1.1379,-0.70355,-0.92689,0.88737,1.1308,1.0954
0.10808,-1.8127,-1.0747,-0.75552,-0.89532,0.91029,1.0993,1.1133
0.17865,-1.8416,-1.0108,-0.80687,-0.86313,0.93241,1.0669,1.1302
0.24923,-1.8683,-0.94625,-0.85753,-0.83033,0.95371,1.0338,1.1458
0.3198,-1.8928,-0.88104,-0.90743,-0.79692,0.97413,0.99982,1.1604
0.39031,-1.915,-0.81524,-0.9565,-0.76293,0.99364,0.96507,1.1737
0.46074,-1.9349,-0.7489,-1.0047,-0.72835,1.0122,0.92954,1.1858
0.53104,-1.9524,-0.68207,-1.0519,-0.69321,1.0297,0.89326,1.1967
0.60118,-1.9676,-0.6148,-1.0981,-0.65751,1.0462,0.85622,1.2062
0.67113,-1.9803,-0.54713,-1.1432,-0.62126,1.0617,0.81845,1.2145
0.74085,-1.9905,-0.4791,-1.1871,-0.58447,1.076,0.77996,1.2214
0.81032,-1.9983,-0.41077,-1.2298,-0.54716,1.0891,0.74077,1.2269
0.87951,-2.0035,-0.34218,-1.2713,-0.50932,1.101,0.70089,1.231
0.94837,-2.0061,-0.27336,-1.3113,-0.47099,1.1118,0.66033,1.2337
1.0169,-2.0062,-0.20437,-1.35,-0.43215,1.1212,0.61912,1.235
1.085,-2.0038,-0.13525,-1.3872,-0.39282,1.1293,0.57726,1.2348
1.1528,-1.9987,-0.066037,-1.4228,-0.35302,1.1361,0.53478,1.2331
1.2201,-1.991,0.0032235,-1.4569,-0.31275,1.1415,0.49168,1.2299
1.2869,-1.9806,0.072492,-1.4893,-0.27203,1.1455,0.44799,1.2252
1.3533,-1.9677,0.14173,-1.52,-0.23085,1.1481,0.40372,1.2189
1.4191,-1.9521,0.21089,-1.549,-0.18924,1.1492,0.35889,1.2111
1.4844,-1.9339,0.27995,-1.5762,-0.14719,1.1488,0.31351,1.2018
1.5492,-1.9131,0.34886,-1.6015,-0.10473,1.1469,0.2676,1.1908
1.6133,-1.8896,0.41758,-1.6249,-0.061855,1.1435,0.22117,1.1783
1.6769,-1.8636,0.48608,-1.6464,-0.018582,1.1385,0.17425,1.1642
1.7398,-1.8349,0.55433,-1.6659,0.025082,1.1319,0.12685,1.1485
1.8021,-1.8037,0.62228,-1.6834,0.069126,1.1237,0.078988,1.1312
1.8637,-1.7699,0.68992,-1.6989,0.11354,1.1139,0.030679,1.1123
1.9247,-1.7336,0.7572,-1.7122,0.15831,1.1025,-0.018058,1.0918
1.9849,-1.6948,0.82409,-1.7234,0.20344,1.0894,-0.067206,1.0697
2.0444,-1.6535,0.89057,-1.7324,0.2489,1.0746,-0.11675,1.046
2.1031,-1.6098,0.9566,-1.7393,0.2947,1.0582,-0.16666,1.0207
2.1611,-1.5636,1.0222,-1.7439,0.34081,1.0401,-0.21693,0.99376
2.2183,-1.5151,1.0872,-1.7463,0.38723,1.0203,-0.26754,0.96529
2.2748,-1.4642,1.1517,-1.7464,0.43394,0.99883,-0.31847,0.93526
2.3303,-1.4111,1.2157,-1.7443,0.48094,0.97565,-0.3697,0.90366
2.3851,-1.3557,1.2791,-1.7399,0.52821,0.95078,-0.42121,0.87053
2.439,-1.2981,1.3419,-1.7331,0.57574,0.92422,-0.47298,0.83587
2.4921,-1.2383,1.404,-1.7241,0.62352,0.89598,-0.525,0.7997
2.5443,-1.1765,1.4656,-1.7127,0.67154,0.86605,-0.57724,0.76205
2.5956,-1.1127,1.5264,-1.699,0.71977,0.83445,-0.62968,0.72292
2.646,-1.0468,1.5865,-1.683,0.76822,0.8012,-0.6823,0.68236
2.6955,-0.9791,1.646,-1.6647,0.81686,0.76629,-0.73509,0.64037
2.744,-0.90952,1.7047,-1.644,0.86568,0.72975,-0.78802,0.59699
2.7916,-0.83816,1.7627,-1.621,0.91466,0.6916,-0.84106,0.55225
2.8383,-0.76509,1.8199,-1.5957,0.9638,0.65184,-0.89421,0.50617
2.884,-0.69039,1.8763,-1.5682,1.0131,0.61051,-0.94743,0.45879
2.9287,-0.61412,1.932,-1.5383,1.0625,0.56763,-1.0007,0.41013
2.9724,-0.53636,1.9868,-1.5062,1.112,0.52322,-1.054,0.36025
3.0151,-0.45718,2.0408,-1.4719,1.1615,0.47731,-1.1073,0.30916
3.0569,-0.37667,2.094,-1.4353,1.2112,0.42992,-1.1607,0.25691
3.0976,-0.2949,2.1463,-1.3966,1.2609,0.3811,-1.2139,0.20355
3.1372,-0.21195,2.1977,-1.3557,1.3106,0.33087,-1.2672,0.1491
3.1758,-0.12792,2.2483,-1.3126,1.3603,0.27926,-1.3203,0.093608
3.2134,-0.042876,2.298,-1.2675,1.41,0.22632,-1.3733,0.037124
3.2499,0.043088,2.3468,-1.2204,1.4597,0.17209,-1.4262,-0.02031
3.2853,0.12989,2.3947,-1.1712,1.5094,0.1166,-1.479,-0.078648
3.3197,0.21743,2.4417,-1.12,1.559,0.059904,-1.5315,-0.13784
3.3529,0.30563,2.4877,-1.0669,1.6085,0.0020371,-1.5839,-0.19785
3.3851,0.3944,2.5328,-1.0119,1.6579,-0.056951,-1.6361,-0.25861
3.4161,0.48365,2.577,-0.95513,1.7071,-0.11701,-1.6879,-0.32008
3.4461,0.57328,2.6203,-0.89654,1.7562,-0.1781,-1.7396,-0.38221
3.4749,0.66321,2.6625,-0.83622,1.8051,-0.24016,-1.7909,-0.44494
3.5025,0.75335,2.7039,-0.77422,1.8538,-0.30314,-1.8418,-0.50823
3.5291,0.84359,2.7442,-0.71061,1.9023,-0.36699,-1.8925,-0.57201
3.5544,0.93385,2.7836,-0.64544,1.9505,-0.43164,-1.9427,-0.63623
3.5787,1.024,2.822,-0.57878,1.9984,-0.49706,-1.9925,-0.70084
3.6017,1.1141,2.8594,-0.51068,2.046,-0.56317,-2.0419,-0.76578
3.6236,1.2038,2.8958,-0.44122,2.0933,-0.62991,-2.0909,-0.831
3.6443,1.2932,2.9312,-0.37046,2.1403,-0.69724,-2.1393,-0.89643
3.6639,1.3822,2.9656,-0.29846,2.1868,-0.76508,-2.1872,-0.96202
3.6822,1.4707,2.9991,-0.22531,2.233,-0.83338,-2.2346,-1.0277
3.6993,1.5585,3.0315,-0.15106,2.2787,-0.90207,-2.2815,-1.0934
3.7152,1.6456,3.0628,-0.075793,2.3239,-0.97108,-2.3277,-1.1592
3.73,1.7319,3.0932,0.00041621,2.3686,-1.0404,-2.3733,-1.2248
3.7435,1.8173,3.1226,0.077495,2.4128,-1.1098,-2.4182,-1.2903
3.7557,1.9017,3.1509,0.15537,2.4565,-1.1794,-2.4625,-1.3556
3.7668,1.9851,3.1782,0.23395,2.4996,-1.2491,-2.5061,-1.4207
3.7766,2.0673,3.2045,0.31318,2.542,-1.3188,-2.549,-1.4855
3.7852,2.1483,3.2297,0.39296,2.5839,-1.3884,-2.591,-1.5499
3.7925,2.228,3.2539,0.47322,2.625,-1.4579,-2.6324,-1.6138
3.7986,2.3063,3.277,0.55388,2.6655,-1.5271,-2.6729,-1.6773
3.8034,2.3831,3.2991,0.63486,2.7052,-1.5961,-2.7125,-1.7403
3.807,2.4583,3.3202,0.71608,2.7442,-1.6648,-2.7513,-1.8026
3.8093,2.532,3.3402,0.79745,2.7824,-1.733,-2.7893,-1.8643
3.8104,2.6039,3.3592,0.87889,2.8198,-1.8008,-2.8263,-1.9253
3.8102,2.6741,3.3771,0.96033,2.8563,-1.868,-2.8623,-1.9855
3.8087,2.7425,3.3939,1.0417,2.892,-1.9346,-2.8975,-2.0449
3.8059,2.8089,3.4097,1.1228,2.9268,-2.0006,-2.9316,-2.1035
3.8019,2.8734,3.4244,1.2038,2.9606,-2.0658,-2.9647,-2.1611
3.7966,2.9359,3.4381,1.2844,2.9935,-2.1302,-2.9968,-2.2178
3.79,2.9963,3.4507,1.3645,3.0254,-2.1937,-3.0278,-2.2734
3.7821,3.0545,3.4623,1.4442,3.0563,-2.2563,-3.0578,-2.3279
3.773,3.1105,3.4727,1.5233,3.0861,-2.3179,-3.0866,-2.3814
3.7625,3.1643,3.4822,1.6017,3.1149,-2.3785,-3.1143,-2.4336
3.7508,3.2158,3.4905,1.6794,3.1426,-2.4379,-3.1409,-2.4847
3.7378,3.265,3.4977,1.7563,3.1691,-2.4961,-3.1663,-2.5345
3.7235,3.3117,3.5039,1.8324,3.1945,-2.5531,-3.1905,-2.583
3.7079,3.3561,3.5091,1.9074,3.2188,-2.6089,-3.2136,-2.6301
3.691,3.3979,3.5131,1.9814,3.2418,-2.6632,-3.2354,-2.6759
3.6728,3.4373,3.5161,2.0543,3.2636,-2.7162,-3.2559,-2.7203
3.6534,3.4741,3.5179,2.126,3.2842,-2.7676,-3.2752,-2.7632
3.6327,3.5084,3.5187,2.1965,3.3035,-2.8176,-3.2932,-2.8046
3.6107,3.5401,3.5185,2.2657,3.3215,-2.866,-3.31,-2.8444
3.5874,3.5692,3.5171,2.3334,3.3382,-2.9128,-3.3254,-2.8827
3.5629,3.5956,3.5147,2.3997,3.3536,-2.958,-3.3395,-2.9195
3.5371,3.6194,3.5112,2.4645,3.3676,-3.0014,-3.3522,-2.9545
3.51,3.6406,3.5066,2.5277,3.3803,-3.0431,-3.3636,-2.988
3.4817,3.659,3.5009,2.5893,3.3915,-3.083,-3.3737,-3.0198
3.4522,3.6748,3.4941,2.6492,3.4014,-3.121,-3.3824,-3.0499
3.4213,3.6879,3.4862,2.7073,3.4098,-3.1572,-3.3897,-3.0782
3.3893,3.6984,3.4773,2.7636,3.4168,-3.1915,-3.3956,-3.1048
3.356,3.7061,3.4673,2.8181,3.4224,-3.2238,-3.4001,-3.1297
3.3215,3.7112,3.4562,2.8706,3.4265,-3.2542,-3.4032,-3.1528
3.2858,3.7136,3.444,2.9212,3.4291,-3.2826,-3.4048,-3.1741
3.2489,3.7133,3.4307,2.9698,3.4302,-3.309,-3.4051,-3.1936
3.2108,3.7104,3.4164,3.0163,3.4298,-3.3333,-3.4039,-3.2113
3.1715,3.7048,3.4009,3.0608,3.4279,-3.3555,-3.4013,-3.2271
3.1311,3.6967,3.3844,3.1032,3.4245,-3.3756,-3.3973,-3.2412
3.0895,3.6859,3.3669,3.1433,3.4196,-3.3937,-3.3919,-3.2534
3.0467,3.6726,3.3482,3.1813,3.4132,-3.4095,-3.385,-3.2637
3.0028,3.6568,3.3285,3.2171,3.4052,-3.4233,-3.3767,-3.2722
2.9578,3.6384,3.3077,3.2507,3.3957,-3.4349,-3.3669,-3.2789
2.9117,3.6176,3.2858,3.2819,3.3846,-3.4444,-3.3557,-3.2838
2.8645,3.5944,3.2629,3.3109,3.372,-3.4516,-3.3431,-3.2868
2.8162,3.5687,3.2389,3.3375,3.3579,-3.4567,-3.3291,-3.288
2.7668,3.5407,3.2139,3.3619,3.3422,-3.4597,-3.3136,-3.2874
2.7165,3.5103,3.1878,3.3839,3.325,-3.4604,-3.2968,-3.2849
2.6651,3.4777,3.1607,3.4035,3.3062,-3.459,-3.2785,-3.2807
2.6126,3.4428,3.1325,3.4207,3.286,-3.4554,-3.2589,-3.2747
2.5592,3.4058,3.1034,3.4356,3.2642,-3.4497,-3.2379,-3.2669
2.5049,3.3667,3.0731,3.4481,3.2409,-3.4418,-3.2155,-3.2574
2.4496,3.3255,3.0419,3.4583,3.2162,-3.4318,-3.1918,-3.2461
2.3934,3.2822,3.0096,3.466,3.1899,-3.4197,-3.1667,-3.2331
2.3362,3.237,2.9764,3.4714,3.1621,-3.4055,-3.1403,-3.2185
2.2782,3.1899,2.9421,3.4744,3.1329,-3.3892,-3.1126,-3.2021
2.2194,3.141,2.9069,3.4751,3.1023,-3.3708,-3.0836,-3.1841
2.1597,3.0902,2.8707,3.4734,3.0702,-3.3504,-3.0533,-3.1645
2.0992,3.0378,2.8335,3.4694,3.0367,-3.328,-3.0217,-3.1433
2.0379,2.9837,2.7953,3.4631,3.0018,-3.3036,-2.989,-3.1206
1.9759,2.928,2.7563,3.4545,2.9655,-3.2773,-2.955,-3.0963
1.9131,2.8708,2.7162,3.4437,2.9279,-3.249,-2.9198,-3.0705
1.8496,2.8122,2.6753,3.4305,2.8889,-3.2189,-2.8834,-3.0433
1.7855,2.7521,2.6334,3.4152,2.8486,-3.1869,-2.8459,-3.0146
1.7207,2.6908,2.5906,3.3976,2.8071,-3.1531,-2.8073,-2.9845
1.6553,2.6282,2.547,3.378,2.7643,-3.1175,-2.7675,-2.9531
1.5893,2.5644,2.5025,3.3561,2.7202,-3.0802,-2.7267,-2.9203
1.5228,2.4996,2.4571,3.3322,2.675,-3.0412,-2.6849,-2.8863
1.4557,2.4337,2.4109,3.3062,2.6285,-3.0006,-2.642,-2.851
1.3882,2.3669,2.3639,3.2782,2.5809,-2.9584,-2.5982,-2.8146
1.3201,2.2992,2.316,3.2483,2.5322,-2.9147,-2.5534,-2.7769
1.2517,2.2307,2.2674,3.2164,2.4825,-2.8694,-2.5077,-2.7382
1.1828,2.1615,2.218,3.1826,2.4316,-2.8227,-2.461,-2.6984
1.1136,2.0916,2.1678,3.147,2.3798,-2.7746,-2.4136,-2.6575
1.0441,2.0211,2.1169,3.1096,2.327,-2.7252,-2.3652,-2.6157
0.97422,1.9501,2.0653,3.0704,2.2732,-2.6745,-2.3161,-2.573
0.9041,1.8787,2.013,3.0295,2.2185,-2.6226,-2.2663,-2.5293
0.83376,1.807,1.96,2.987,2.163,-2.5695,-2.2157,-2.4848
0.76322,1.7349,1.9064,2.943,2.1066,-2.5153,-2.1644,-2.4395
0.69252,1.6627,1.8522,2.8974,2.0494,-2.46,-2.1124,-2.3935
0.6217,1.5903,1.7973,2.8503,1.9915,-2.4038,-2.0599,-2.3467
0.55078,1.5178,1.7419,2.8018,1.9329,-2.3466,-2.0067,-2.2993
0.47981,1.4453,1.6859,2.7519,1.8736,-2.2885,-1.953,-2.2513
0.40882,1.3729,1.6293,2.7008,1.8137,-2.2297,-1.8988,-2.2028
0.33784,1.3007,1.5723,2.6484,1.7532,-2.1701,-1.8441,-2.1537
0.26691,1.2286,1.5147,2.5948,1.6922,-2.1098,-1.789,-2.1042
0.19607,1.1568,1.4567,2.5402,1.6306,-2.0489,-1.7335,-2.0542
0.12536,1.0854,1.3983,2.4844,1.5686,-1.9874,-1.6776,-2.0039
0.054797,1.0144,1.3395,2.4277,1.5062,-1.9254,-1.6215,-1.9533
-0.015571,0.94379,1.2803,2.3701,1.4434,-1.863,-1.565,-1.9024
-0.085711,0.87375,1.2207,2.3116,1.3803,-1.8003,-1.5083,-1.8513
-0.15559,0.8043,1.1608,2.2523,1.317,-1.7372,-1.4513,-1.8
-0.22517,0.73549,1.1007,2.1923,1.2534,-1.6739,-1.3943,-1.7487
-0.29442,0.66739,1.0402,2.1316,1.1896,-1.6104,-1.3371,-1.6972
-0.3633,0.60005,0.97956,2.0704,1.1256,-1.5468,-1.2798,-1.6457
-0.43179,0.53352,0.91869,2.0086,1.0616,-1.4831,-1.2224,-1.5942
-0.49984,0.46786,0.85763,1.9463,0.99755,-1.4194,-1.165,-1.5428
-0.56742,0.40311,0.79644,1.8836,0.93346,-1.3559,-1.1077,-1.4914
-0.63451,0.33932,0.73512,1.8206,0.86942,-1.2924,-1.0504,-1.4403
-0.70107,0.27655,0.67372,1.7573,0.80546,-1.2291,-0.99324,-1.3893
-0.76707,0.21482,0.61227,1.6938,0.74162,-1.1661,-0.9362,-1.3385
-0.83248,0.15419,0.5508,1.6302,0.67796,-1.1033,-0.87934,-1.2881
-0.89726,0.094686,0.48933,1.5664,0.61451,-1.041,-0.82268,-1.2379
-0.96139,0.036357,0.42791,1.5027,0.55132,-0.979,-0.76627,-1.1881
-1.0249,-0.020766,0.36655,1.439,0.48843,-0.91751,-0.71013,-1.1387
-1.0876,-0.076651,0.3053,1.3754,0.42588,-0.85654,-0.65431,-1.0897
-1.1496,-0.13127,0.24418,1.3119,0.36371,-0.79614,-0.59884,-1.0412
-1.2109,-0.18459,0.18322,1.2487,0.30197,-0.73637,-0.54375,-0.99321
-1.2713,-0.23658,0.12246,1.1857,0.24069,-0.67726,-0.48908,-0.94574
-1.331,-0.28723,0.061921,1.1231,0.17991,-0.61888,-0.43485,-0.89884
-1.3898,-0.33651,0.0016416,1.0609,0.11967,-0.56126,-0.38109,-0.85253
-1.4478,-0.38441,-0.05835,0.99909,0.06001,-0.50446,-0.32785,-0.80686
-1.5049,-0.4309,-0.11802,0.93779,0.00096482,-0.4485,-0.27514,-0.76184
-1.5611,-0.47598,-0.17735,0.87704,-0.05743,-0.39344,-0.223,-0.71752
-1.6164,-0.51963,-0.2363,0.81689,-0.11514,-0.33931,-0.17145,-0.6739
-1.6707,-0.56185,-0.29484,0.75738,-0.17213,-0.28615,-0.12052,-0.63102
-1.7241,-0.60262,-0.35295,0.69857,-0.22837,-0.234,-0.070242,-0.5889
-1.7766,-0.64195,-0.41059,0.6405,-0.28383,-0.18288,-0.020632,-0.54756
-1.828,-0.67983,-0.46774,0.5832,-0.33848,-0.13283,0.028283,-0.50703
-1.8785,-0.71626,-0.52437,0.52674,-0.39229,-0.083884,0.07648,-0.46731
-1.9279,-0.75126,-0.58045,0.47114,-0.44523,-0.036061,0.12394,-0.42843
-1.9764,-0.78482,-0.63595,0.41644,-0.49728,0.01061,0.17063,-0.3904
-2.0238,-0.81695,-0.69086,0.36269,-0.54841,0.056108,0.21655,-0.35324
-2.0701,-0.84766,-0.74514,0.30991,-0.5986,0.10041,0.26166,-0.31696
-2.1155,-0.87697,-0.79877,0.25815,-0.64782,0.1435,0.30596,-0.28156
-2.1597,-0.90489,-0.85172,0.20742,-0.69606,0.18536,0.34943,-0.24706
-2.203,-0.93143,-0.90398,0.15776,-0.7433,0.22598,0.39205,-0.21347
-2.2451,-0.95663,-0.95551,0.1092,-0.78951,0.26534,0.4338,-0.18078
-2.2862,-0.98049,-1.0063,0.061762,-0.83469,0.30343,0.47469,-0.14901
-2.3263,-1.0031,-1.0563,0.015468,-0.87882,0.34025,0.51468,-0.11816
-2.3653,-1.0243,-1.1056,-0.029659,-0.92189,0.3758,0.55379,-0.088221
-2.4032,-1.0444,-1.154,-0.073601,-0.96388,0.41006,0.59199,-0.0592
-2.4401,-1.0632,-1.2016,-0.11634,-1.0048,0.44305,0.62927,-0.031091
-2.4759,-1.0808,-1.2484,-0.15787,-1.0446,0.47475,0.66564,-0.0038924
-2.5106,-1.0972,-1.2943,-0.19816,-1.0833,0.50518,0.70109,0.022403
-2.5443,-1.1125,-1.3394,-0.23722,-1.1209,0.53434,0.73561,0.047802
-2.577,-1.1268,-1.3835,-0.27502,-1.1574,0.56224,0.7692,0.072313
-2.6087,-1.1399,-1.4268,-0.31158,-1.1928,0.58888,0.80187,0.095947
-2.6393,-1.1521,-1.4691,-0.34688,-1.2271,0.61429,0.8336,0.11871
-2.6689,-1.1633,-1.5106,-0.38092,-1.2603,0.63848,0.8644,0.14063
-2.6975,-1.1735,-1.551,-0.4137,-1.2924,0.66146,0.89428,0.16171
-2.7252,-1.1829,-1.5906,-0.44522,-1.3233,0.68325,0.92323,0.18196
-2.7518,-1.1914,-1.6292,-0.47549,-1.3532,0.70388,0.95127,0.20141
-2.7775,-1.1992,-1.6668,-0.50451,-1.382,0.72336,0.9784,0.22008
-2.8023,-1.2061,-1.7035,-0.5323,-1.4098,0.74172,1.0046,0.23797
-2.8261,-1.2124,-1.7391,-0.55886,-1.4364,0.75899,1.03,0.25512
-2.849,-1.218,-1.7739,-0.58421,-1.462,0.77519,1.0544,0.27155
-2.871,-1.223,-1.8076,-0.60835,-1.4866,0.79035,1.078,0.28727
-2.8921,-1.2274,-1.8403,-0.63131,-1.5102,0.80451,1.1007,0.30232
-2.9123,-1.2313,-1.8721,-0.65311,-1.5327,0.8177,1.1225,0.31671
-2.9317,-1.2347,-1.9029,-0.67376,-1.5543,0.82995,1.1436,0.33048
-2.9503,-1.2377,-1.9326,-0.69328,-1.5748,0.8413,1.1638,0.34365
-2.9681,-1.2403,-1.9615,-0.7117,-1.5945,0.85179,1.1832,0.35624
-2.985,-1.2426,-1.9893,-0.72904,-1.6132,0.86145,1.2018,0.36829
-3.0012,-1.2446,-2.0162,-0.74533,-1.631,0.87032,1.2196,0.37983
-3.0167,-1.2464,-2.042,-0.76059,-1.6479,0.87844,1.2367,0.39088
-3.0314,-1.2479,-2.067,-0.77486,-1.664,0.88586,1.2531,0.40148
-3.0454,-1.2494,-2.0909,-0.78817,-1.6792,0.89261,1.2687,0.41165
-3.0587,-1.2508,-2.114,-0.80054,-1.6937,0.89874,1.2837,0.42142
-3.0714,-1.2521,-2.136,-0.812,-1.7073,0.9043,1.298,0.43083
-3.0834,-1.2534,-2.1572,-0.8226,-1.7203,0.90932,1.3116,0.43991
-3.0947,-1.2548,-2.1774,-0.83237,-1.7324,0.91386,1.3246,0.44869
-3.1055,-1.2562,-2.1967,-0.84134,-1.7439,0.91795,1.337,0.4572
-3.1157,-1.2578,-2.2152,-0.84955,-1.7548,0.92164,1.3489,0.46548
-3.1253,-1.2595,-2.2327,-0.85704,-1.765,0.92498,1.3602,0.47354
-3.1343,-1.2615,-2.2494,-0.86384,-1.7746,0.92802,1.3709,0.48144
-3.1428,-1.2637,-2.2652,-0.86999,-1.7837,0.9308,1.3812,0.48919
-3.1509,-1.2662,-2.2802,-0.87554,-1.7922,0.93336,1.3909,0.49683
-3.1584,-1.2691,-2.2943,-0.88051,-1.8002,0.93575,1.4002,0.50439
-3.1654,-1.2723,-2.3077,-0.88496,-1.8077,0.93802,1.4091,0.51191
-3.172,-1.2759,-2.3202,-0.88892,-1.8148,0.94021,1.4176,0.5194
-3.1782,-1.2799,-2.332,-0.89244,-1.8215,0.94237,1.4257,0.52691
-3.184,-1.2844,-2.343,-0.89554,-1.8278,0.94454,1.4334,0.53445
-3.1893,-1.2894,-2.3532,-0.89828,-1.8338,0.94676,1.4408,0.54207
-3.1943,-1.2949,-2.3628,-0.90069,-1.8394,0.94908,1.448,0.54978
-3.1989,-1.3009,-2.3716,-0.90281,-1.8448,0.95154,1.4548,0.55762
-3.2031,-1.3075,-2.3797,-0.90469,-1.8499,0.95418,1.4614,0.56561
-3.207,-1.3147,-2.3872,-0.90637,-1.8548,0.95704,1.4678,0.57378
-3.2106,-1.3226,-2.394,-0.90787,-1.8595,0.96015,1.4739,0.58215
-3.2139,-1.331,-2.4002,-0.90925,-1.8641,0.96357,1.4799,0.59075
-3.2168,-1.3401,-2.4058,-0.91054,-1.8686,0.96732,1.4857,0.5996
-3.2195,-1.3499,-2.4108,-0.91178,-1.8729,0.97144,1.4914,0.60873
-3.2219,-1.3604,-2.4152,-0.913,-1.8772,0.97597,1.497,0.61815
-3.2241,-1.3715,-2.4191,-0.91425,-1.8814,0.98094,1.5025,0.62789
-3.2259,-1.3834,-2.4224,-0.91555,-1.8856,0.98638,1.508,0.63796
-3.2276,-1.3959,-2.4252,-0.91695,-1.8898,0.99231,1.5134,0.64839
-3.229,-1.4092,-2.4275,-0.91848,-1.8941,0.99878,1.5188,0.6592
-3.2301,-1.4233,-2.4294,-0.92016,-1.8984,1.0058,1.5242,0.67039
-3.231,-1.438,-2.4307,-0.92204,-1.9029,1.0134,1.5296,0.68199
-3.2317,-1.4535,-2.4317,-0.92414,-1.9074,1.0216,1.535,0.69401
-3.2322,-1.4697,-2.4322,-0.9265,-1.912,1.0305,1.5405,0.70646
-3.2325,-1.4866,-2.4323,-0.92914,-1.9168,1.04,1.5461,0.71936
-3.2325,-1.5042,-2.4321,-0.93208,-1.9218,1.0501,1.5518,0.73271
-3.2324,-1.5226,-2.4315,-0.93537,-1.927,1.061,1.5576,0.74653
-3.232,-1.5417,-2.4305,-0.93901,-1.9323,1.0726,1.5635,0.76082
-3.2315,-1.5615,-2.4292,-0.94305,-1.9379,1.0848,1.5696,0.7756
-3.2307,-1.5819,-2.4276,-0.94749,-1.9437,1.0978,1.5758,0.79086
-3.2297,-1.6031,-2.4256,-0.95236,-1.9498,1.1116,1.5822,0.80661
-3.2285,-1.6249,-2.4235,-0.95768,-1.9562,1.1261,1.5887,0.82287
-3.2271,-1.6473,-2.421,-0.96346,-1.9628,1.1413,1.5955,0.83962
-3.2254,-1.6704,-2.4183,-0.96974,-1.9697,1.1573,1.6024,0.85688
-3.2236,-1.694,-2.4153,-0.97651,-1.9769,1.1741,1.6096,0.87464
-3.2215,-1.7183,-2.4121,-0.9838,-1.9844,1.1916,1.617,0.89291
-3.2192,-1.7431,-2.4088,-0.99162,-1.9922,1.2099,1.6246,0.91167
-3.2166,-1.7685,-2.4052,-0.99998,-2.0003,1.2289,1.6324,0.93093
-3.2138,-1.7944,-2.4014,-1.0089,-2.0087,1.2488,1.6405,0.95069
-3.2108,-1.8207,-2.3975,-1.0184,-2.0175,1.2693,1.6488,0.97094
-3.2075,-1.8475,-2.3934,-1.0284,-2.0266,1.2906,1.6574,0.99167
-3.2039,-1.8748,-2.3892,-1.039,-2.036,1.3126,1.6662,1.0129
-3.2,-1.9024,-2.3848,-1.0502,-2.0457,1.3353,1.6752,1.0346
-3.1959,-1.9305,-2.3803,-1.0619,-2.0557,1.3588,1.6846,1.0567
-3.1914,-1.9588,-2.3756,-1.0743,-2.0661,1.3829,1.6941,1.0793
-3.1866,-1.9875,-2.3709,-1.0872,-2.0768,1.4077,1.704,1.1023
-3.1815,-2.0164,-2.3661,-1.1007,-2.0877,1.4332,1.7141,1.1258
-3.1761,-2.0456,-2.3611,-1.1148,-2.099,1.4593,1.7244,1.1497
-3.1703,-2.0749,-2.3561,-1.1295,-2.1105,1.486,1.735,1.174
-3.1641,-2.1044,-2.351,-1.1447,-2.1224,1.5133,1.7458,1.1986
-3.1576,-2.1341,-2.3458,-1.1605,-2.1344,1.5412,1.7569,1.2237
-3.1506,-2.1638,-2.3406,-1.1768,-2.1468,1.5696,1.7682,1.2491
-3.1433,-2.1935,-2.3353,-1.1937,-2.1594,1.5985,1.7797,1.2748
-3.1355,-2.2233,-2.3299,-1.2111,-2.1722,1.6279,1.7914,1.3009
-3.1273,-2.253,-2.3245,-1.2291,-2.1852,1.6578,1.8034,1.3273
-3.1186,-2.2826,-2.319,-1.2475,-2.1984,1.6881,1.8156,1.354
-3.1095,-2.3121,-2.3135,-1.2665,-2.2118,1.7188,1.8279,1.3809
-3.0999,-2.3414,-2.3079,-1.2859,-2.2253,1.7498,1.8405,1.4081
-3.0897,-2.3706,-2.3023,-1.3058,-2.239,1.7812,1.8532,1.4356
-3.0791,-2.3994,-2.2966,-1.3262,-2.2528,1.8128,1.8661,1.4632
-3.0679,-2.428,-2.2909,-1.347,-2.2667,1.8447,1.8791,1.491
-3.0561,-2.4562,-2.2852,-1.3682,-2.2807,1.8769,1.8923,1.519
-3.0438,-2.4841,-2.2794,-1.3898,-2.2947,1.9092,1.9055,1.5472
-3.0308,-2.5115,-2.2735,-1.4118,-2.3088,1.9416,1.919,1.5754
-3.0173,-2.5384,-2.2676,-1.4341,-2.3228,1.9741,1.9325,1.6038
-3.0031,-2.5649,-2.2617,-1.4567,-2.3368,2.0067,1.946,1.6323
-2.9883,-2.5907,-2.2557,-1.4797,-2.3508,2.0393,1.9597,1.6607
-2.9728,-2.616,-2.2496,-1.5029,-2.3647,2.0719,1.9734,1.6893
-2.9567,-2.6406,-2.2435,-1.5264,-2.3785,2.1044,1.9871,1.7178
-2.9398,-2.6646,-2.2374,-1.5501,-2.3922,2.1368,2.0009,1.7463
-2.9222,-2.6878,-2.2311,-1.574,-2.4057,2.1691,2.0146,1.7748
-2.9039,-2.7102,-2.2248,-1.5981,-2.419,2.2012,2.0284,1.8032
-2.8848,-2.7318,-2.2184,-1.6223,-2.4321,2.233,2.042,1.8314
-2.865,-2.7526,-2.2119,-1.6467,-2.4449,2.2645,2.0557,1.8596
-2.8443,-2.7724,-2.2053,-1.6712,-2.4575,2.2957,2.0692,1.8876
-2.8229,-2.7914,-2.1987,-1.6957,-2.4698,2.3265,2.0827,1.9155
-2.8006,-2.8093,-2.1919,-1.7202,-2.4817,2.357,2.0961,1.9431
-2.7775,-2.8262,-2.185,-1.7448,-2.4933,2.3869,2.1093,1.9706
-2.7536,-2.8421,-2.178,-1.7693,-2.5044,2.4164,2.1224,1.9977
-2.7288,-2.8569,-2.1709,-1.7938,-2.5152,2.4453,2.1352,2.0246
-2.7031,-2.8706,-2.1636,-1.8181,-2.5255,2.4736,2.1479,2.0512
-2.6765,-2.8831,-2.1561,-1.8424,-2.5352,2.5012,2.1604,2.0775
-2.6489,-2.8943,-2.1486,-1.8665,-2.5445,2.5282,2.1727,2.1034
-2.6205,-2.9044,-2.1408,-1.8904,-2.5532,2.5545,2.1846,2.1289
-2.5911,-2.9132,-2.1329,-1.9142,-2.5613,2.58,2.1963,2.154
-2.5608,-2.9207,-2.1248,-1.9376,-2.5688,2.6047,2.2077,2.1787
-2.5295,-2.9269,-2.1164,-1.9608,-2.5757,2.6286,2.2188,2.2029
-2.4972,-2.9317,-2.1079,-1.9837,-2.5819,2.6515,2.2295,2.2266
-2.4639,-2.9351,-2.0992,-2.0063,-2.5873,2.6736,2.2398,2.2498
-2.4296,-2.9372,-2.0902,-2.0284,-2.5921,2.6946,2.2498,2.2725
-2.3943,-2.9378,-2.0809,-2.0502,-2.596,2.7147,2.2593,2.2946
-2.358,-2.9369,-2.0715,-2.0716,-2.5992,2.7337,2.2685,2.3161
-2.3207,-2.9345,-2.0617,-2.0924,-2.6015,2.7516,2.2771,2.337
-2.2823,-2.9307,-2.0517,-2.1128,-2.603,2.7684,2.2853,2.3573
-2.2429,-2.9253,-2.0413,-2.1327,-2.6036,2.7841,2.2929,2.3769
-2.2025,-2.9184,-2.0307,-2.152,-2.6033,2.7985,2.3001,2.3958
-2.1609,-2.9099,-2.0197,-2.1707,-2.6021,2.8118,2.3067,2.4141
-2.1184,-2.8999,-2.0084,-2.1888,-2.5999,2.8238,2.3127,2.4316
-2.0747,-2.8882,-1.9967,-2.2063,-2.5967,2.8345,2.3181,2.4483
-2.03,-2.875,-1.9847,-2.2231,-2.5925,2.8439,2.323,2.4643
-1.9843,-2.8601,-1.9723,-2.2392,-2.5872,2.8519,2.3272,2.4795
-1.9375,-2.8437,-1.9596,-2.2546,-2.5809,2.8586,2.3307,2.4938
-1.8896,-2.8256,-1.9464,-2.2692,-2.5735,2.8639,2.3336,2.5074
-1.8406,-2.8058,-1.9328,-2.283,-2.565,2.8677,2.3358,2.5201
-1.7906,-2.7845,-1.9187,-2.2961,-2.5554,2.8701,2.3372,2.5319
-1.7395,-2.7614,-1.9043,-2.3083,-2.5446,2.8711,2.338,2.5428
-1.6873,-2.7368,-1.8893,-2.3197,-2.5327,2.8705,2.3379,2.5528
-1.6342,-2.7105,-1.8739,-2.3302,-2.5196,2.8685,2.3372,2.5619
-1.5799,-2.6826,-1.8581,-2.3398,-2.5053,2.8649,2.3356,2.57
-1.5247,-2.653,-1.8417,-2.3484,-2.4897,2.8598,2.3332,2.5772
-1.4684,-2.6219,-1.8248,-2.3562,-2.4729,2.8531,2.33,2.5834
-1.4111,-2.5891,-1.8074,-2.3629,-2.4549,2.8449,2.3259,2.5886
-1.3527,-2.5547,-1.7894,-2.3687,-2.4356,2.835,2.321,2.5928
-1.2934,-2.5187,-1.7709,-2.3735,-2.4151,2.8236,2.3152,2.596
-1.2331,-2.4811,-1.7518,-2.3773,-2.3933,2.8106,2.3086,2.5982
-1.1719,-2.442,-1.7322,-2.3801,-2.3701,2.7959,2.301,2.5993
-1.1097,-2.4013,-1.712,-2.3818,-2.3457,2.7797,2.2925,2.5994
-1.0466,-2.3591,-1.6912,-2.3824,-2.32,2.7618,2.2831,2.5984
-0.98251,-2.3154,-1.6697,-2.382,-2.2929,2.7423,2.2727,2.5963
-0.91758,-2.2702,-1.6477,-2.3805,-2.2645,2.7212,2.2614,2.5932
-0.85177,-2.2236,-1.625,-2.3779,-2.2348,2.6985,2.2491,2.589
-0.78513,-2.1755,-1.6017,-2.3742,-2.2038,2.6742,2.2359,2.5837
-0.71765,-2.126,-1.5777,-2.3694,-2.1715,2.6482,2.2216,2.5773
-0.64939,-2.0751,-1.5531,-2.3634,-2.1378,2.6207,2.2064,2.5698
-0.58035,-2.0229,-1.5278,-2.3564,-2.1028,2.5915,2.1902,2.5612
-0.51056,-1.9694,-1.5018,-2.3482,-2.0665,2.5608,2.1729,2.5515
-0.44007,-1.9146,-1.4752,-2.3388,-2.0289,2.5285,2.1546,2.5406
-0.36889,-1.8585,-1.4478,-2.3283,-1.9899,2.4946,2.1353,2.5287
-0.29707,-1.8013,-1.4198,-2.3167,-1.9497,2.4592,2.115,2.5156
-0.22463,-1.7429,-1.3911,-2.3039,-1.9082,2.4223,2.0937,2.5015
-0.1516,-1.6833,-1.3616,-2.29,-1.8654,2.3838,2.0713,2.4862
-0.078032,-1.6227,-1.3315,-2.2749,-1.8213,2.3439,2.0479,2.4698
-0.0039543,-1.561,-1.3006,-2.2588,-1.776,2.3025,2.0234,2.4524
0.070593,-1.4983,-1.269,-2.2414,-1.7294,2.2596,1.9979,2.4338
0.14557,-1.4347,-1.2367,-2.223,-1.6816,2.2154,1.9714,2.4141
0.22094,-1.3701,-1.2037,-2.2034,-1.6327,2.1697,1.9439,2.3933
0.29665,-1.3047,-1.1699,-2.1827,-1.5825,2.1227,1.9153,2.3715
0.37266,-1.2385,-1.1355,-2.1609,-1.5311,2.0743,1.8857,2.3486
0.44894,-1.1715,-1.1003,-2.138,-1.4786,2.0246,1.8551,2.3246
0.52542,-1.1038,-1.0644,-2.1141,-1.425,1.9737,1.8235,2.2996
0.60207,-1.0354,-1.0277,-2.089,-1.3703,1.9215,1.7909,2.2736
0.67884,-0.96641,-0.99041,-2.063,-1.3146,1.8682,1.7573,2.2465
0.75568,-0.89686,-0.95237,-2.0358,-1.2578,1.8136,1.7227,2.2184
0.83253,-0.82681,-0.91364,-2.0077,-1.2,1.758,1.6872,2.1893
0.90935,-0.7563,-0.87421,-1.9785,-1.1412,1.7012,1.6507,2.1592
0.98609,-0.68538,-0.83409,-1.9484,-1.0815,1.6434,1.6132,2.1281
1.0627,-0.61413,-0.7933,-1.9173,-1.0208,1.5847,1.5749,2.0961
1.1391,-0.54258,-0.75185,-1.8853,-0.95929,1.5249,1.5356,2.0632
1.2153,-0.4708,-0.70975,-1.8523,-0.89693,1.4643,1.4955,2.0293
1.2911,-0.39884,-0.667,-1.8185,-0.83377,1.4027,1.4544,1.9946
1.3666,-0.32675,-0.62362,-1.7837,-0.76985,1.3404,1.4126,1.9589
1.4417,-0.2546,-0.57964,-1.7481,-0.7052,1.2773,1.3699,1.9225
1.5164,-0.18243,-0.53506,-1.7117,-0.63988,1.2135,1.3263,1.8852
1.5905,-0.11031,-0.48989,-1.6745,-0.57391,1.149,1.2821,1.847
1.664,-0.03829,-0.44417,-1.6365,-0.50736,1.0838,1.237,1.8081
1.7369,0.033575,-0.39791,-1.5978,-0.44025,1.0181,1.1912,1.7685
1.8091,0.10523,-0.35112,-1.5584,-0.37265,0.95192,1.1448,1.7281
1.8805,0.17662,-0.30384,-1.5183,-0.30458,0.88525,1.0976,1.6869
1.9511,0.24768,-0.25607,-1.4776,-0.23612,0.81817,1.0498,1.6451
2.0209,0.31837,-0.20786,-1.4362,-0.16729,0.75073,1.0014,1.6027
2.0897,0.38863,-0.15922,-1.3942,-0.098162,0.68299,0.95242,1.5596
2.1575,0.45841,-0.11018,-1.3517,-0.028775,0.615,0.90288,1.5159
2.2243,0.52766,-0.060763,-1.3087,0.040815,0.54683,0.85282,1.4717
2.29,0.59631,-0.011004,-1.2652,0.11056,0.47852,0.80229,1.4269
2.3545,0.66433,0.03907,-1.2213,0.18039,0.41013,0.75132,1.3816
2.4178,0.73166,0.089427,-1.1769,0.25028,0.34172,0.69993,1.3359
2.4798,0.79825,0.14004,-1.1322,0.32015,0.27335,0.64818,1.2897
2.5405,0.86406,0.19086,-1.0871,0.38995,0.20507,0.5961,1.243
2.5998,0.92903,0.24188,-1.0417,0.45963,0.13694,0.54373,1.196
2.6577,0.99312,0.29304,-0.99603,0.52913,0.069007,0.49111,1.1487
2.7141,1.0563,0.34431,-0.95014,0.5984,0.0013389,0.43828,1.101
2.7689,1.1185,0.39566,-0.90405,0.66737,-0.066012,0.38528,1.0531
2.8222,1.1797,0.44705,-0.8578,0.73599,-0.13299,0.33216,1.0049
2.8738,1.2398,0.49843,-0.81144,0.80421,-0.19954,0.27896,0.95651
2.9237,1.2988,0.54978,-0.76498,0.87196,-0.26561,0.22572,0.90795
2.9719,1.3567,0.60105,-0.71848,0.93918,-0.33114,0.17249,0.85925
3.0182,1.4134,0.65219,-0.67197,1.0058,-0.39608,0.11931,0.81045
3.0628,1.4689,0.70317,-0.62549,1.0718,-0.46037,0.066223,0.76158
3.1055,1.5232,0.75393,-0.57907,1.1372,-0.52397,0.013283,0.71269
3.1463,1.5762,0.80445,-0.53275,1.2017,-0.58681,-0.039469,0.66379
3.1851,1.6279,0.85468,-0.48657,1.2655,-0.64886,-0.091986,0.61495
3.2219,1.6782,0.90456,-0.44056,1.3284,-0.71005,-0.14422,0.56618
3.2567,1.7272,0.95407,-0.39476,1.3903,-0.77035,-0.19613,0.51752
3.2895,1.7747,1.0031,-0.3492,1.4513,-0.82969,-0.24766,0.46902
3.3201,1.8209,1.0517,-0.30393,1.5113,-0.88804,-0.29877,0.42071
3.3486,1.8656,1.0998,-0.25897,1.5702,-0.94535,-0.34942,0.37263
3.375,1.9088,1.1473,-0.21435,1.6279,-1.0016,-0.39955,0.3248
3.3992,1.9506,1.1942,-0.17012,1.6845,-1.0567,-0.44911,0.27728
3.4212,1.9908,1.2405,-0.12631,1.7398,-1.1106,-0.49807,0.23009
3.4409,2.0295,1.286,-0.082945,1.7938,-1.1633,-0.54638,0.18327
3.4584,2.0667,1.3308,-0.040059,1.8465,-1.2147,-0.59398,0.13685
3.4737,2.1023,1.3748,0.0023141,1.8978,-1.2649,-0.64084,0.090879
3.4866,2.1363,1.4179,0.044145,1.9477,-1.3137,-0.68691,0.045382
3.4973,2.1688,1.4601,0.085404,1.996,-1.3611,-0.73215,0.00039653
3.5057,2.1997,1.5015,0.12606,2.0429,-1.4072,-0.77651,-0.044043
3.5118,2.229,1.5418,0.16609,2.0882,-1.4518,-0.81994,-0.087903
3.5155,2.2567,1.5811,0.20546,2.1318,-1.4949,-0.86242,-0.13115
3.517,2.2827,1.6194,0.24415,2.1738,-1.5366,-0.90388,-0.17375
3.5161,2.3072,1.6565,0.28212,2.2142,-1.5767,-0.9443,-0.21567
3.5129,2.3301,1.6925,0.31937,2.2528,-1.6153,-0.98363,-0.25688
3.5074,2.3514,1.7272,0.35585,2.2896,-1.6523,-1.0218,-0.29735
3.4996,2.371,1.7608,0.39155,2.3246,-1.6877,-1.0589,-0.33705
3.4895,2.3891,1.7931,0.42645,2.3578,-1.7215,-1.0947,-0.37594
3.4771,2.4056,1.824,0.46052,2.3892,-1.7537,-1.1293,-0.414
3.4624,2.4205,1.8536,0.49375,2.4186,-1.7842,-1.1626,-0.4512
3.4455,2.4338,1.8818,0.52611,2.4462,-1.8131,-1.1947,-0.48751
3.4263,2.4456,1.9086,0.5576,2.4718,-1.8402,-1.2253,-0.5229
3.4049,2.4558,1.9339,0.58818,2.4954,-1.8657,-1.2546,-0.55735
3.3814,2.4644,1.9578,0.61785,2.5171,-1.8894,-1.2825,-0.59084
3.3557,2.4716,1.9801,0.64659,2.5368,-1.9115,-1.309,-0.62333
3.3278,2.4772,2.0008,0.67438,2.5544,-1.9318,-1.334,-0.6548
3.2979,2.4814,2.02,0.70122,2.5701,-1.9504,-1.3576,-0.68524
3.2658,2.484,2.0375,0.7271,2.5836,-1.9673,-1.3796,-0.71462
3.2318,2.4853,2.0535,0.75199,2.5952,-1.9824,-1.4001,-0.74292
3.1957,2.485,2.0677,0.7759,2.6046,-1.9958,-1.419,-0.77011
3.1577,2.4834,2.0803,0.79882,2.612,-2.0075,-1.4364,-0.79619
3.1178,2.4804,2.0911,0.82073,2.6174,-2.0175,-1.4522,-0.82113
3.0759,2.476,2.1003,0.84164,2.6207,-2.0258,-1.4664,-0.84492
3.0323,2.4703,2.1077,0.86153,2.6219,-2.0323,-1.4789,-0.86755
2.9869,2.4633,2.1133,0.88041,2.621,-2.0372,-1.4899,-0.88899
2.9398,2.455,2.1172,0.89827,2.6181,-2.0403,-1.4992,-0.90924
2.8909,2.4455,2.1193,0.91511,2.6131,-2.0419,-1.5068,-0.92828
2.8405,2.4347,2.1196,0.93093,2.6061,-2.0417,-1.5128,-0.9461
2.7885,2.4227,2.1181,0.94573,2.597,-2.0399,-1.5171,-0.9627
2.735,2.4096,2.1148,0.95952,2.586,-2.0365,-1.5197,-0.97807
2.68,2.3953,2.1097,0.97229,2.5729,-2.0315,-1.5207,-0.99219
2.6236,2.3799,2.1027,0.98405,2.5578,-2.0249,-1.52,-1.0051
2.5659,2.3634,2.094,0.99481,2.5408,-2.0168,-1.5177,-1.0167
2.5069,2.346,2.0835,1.0046,2.5219,-2.0071,-1.5136,-1.0271
2.4467,2.3274,2.0711,1.0133,2.501,-1.9959,-1.508,-1.0362
2.3853,2.308,2.057,1.0211,2.4783,-1.9832,-1.5006,-1.0441
2.3229,2.2875,2.0411,1.0279,2.4536,-1.9691,-1.4917,-1.0507
2.2595,2.2662,2.0234,1.0338,2.4272,-1.9536,-1.4811,-1.0561
2.1951,2.244,2.0039,1.0387,2.3989,-1.9366,-1.4688,-1.0602
2.1298,2.221,1.9827,1.0426,2.3689,-1.9184,-1.455,-1.063
2.0637,2.1971,1.9597,1.0457,2.3372,-1.8987,-1.4396,-1.0647
1.9969,2.1725,1.9351,1.0478,2.3038,-1.8778,-1.4226,-1.0651
1.9294,2.1472,1.9087,1.049,2.2687,-1.8557,-1.4041,-1.0643
1.8613,2.1211,1.8807,1.0493,2.232,-1.8323,-1.3841,-1.0622
1.7926,2.0944,1.8511,1.0488,2.1938,-1.8078,-1.3625,-1.059
1.7235,2.067,1.8198,1.0474,2.154,-1.7821,-1.3395,-1.0546
1.654,2.0391,1.7869,1.0452,2.1127,-1.7553,-1.315,-1.049
1.5842,2.0106,1.7525,1.0421,2.07,-1.7274,-1.2891,-1.0422
1.5142,1.9815,1.7165,1.0383,2.026,-1.6986,-1.2619,-1.0343
1.4439,1.952,1.6791,1.0337,1.9806,-1.6687,-1.2332,-1.0252
1.3736,1.9219,1.6402,1.0283,1.9339,-1.6379,-1.2033,-1.0151
1.3032,1.8915,1.5999,1.0222,1.886,-1.6062,-1.172,-1.0038
1.2328,1.8606,1.5582,1.0154,1.8369,-1.5737,-1.1395,-0.9915
1.1626,1.8294,1.5151,1.0079,1.7867,-1.5404,-1.1058,-0.97812
1.0925,1.7978,1.4708,0.99974,1.7354,-1.5063,-1.0709,-0.9637
1.0226,1.766,1.4252,0.99092,1.6831,-1.4714,-1.0349,-0.94827
0.9531,1.7338,1.3784,0.98147,1.6299,-1.4359,-0.9978,-0.93185
0.88394,1.7014,1.3305,0.97142,1.5757,-1.3998,-0.95963,-0.91446
0.81521,1.6688,1.2814,0.9608,1.5208,-1.3631,-0.92046,-0.89614
0.74699,1.6359,1.2313,0.94962,1.465,-1.3258,-0.88033,-0.8769
0.67934,1.6029,1.1801,0.93791,1.4085,-1.288,-0.83928,-0.85677
0.61233,1.5698,1.1281,0.92569,1.3514,-1.2498,-0.79736,-0.83579
0.546,1.5366,1.0751,0.91299,1.2937,-1.2112,-0.75462,-0.81396
0.48043,1.5032,1.0212,0.89984,1.2354,-1.1722,-0.71111,-0.79134
0.41567,1.4698,0.96657,0.88625,1.1767,-1.1329,-0.66688,-0.76794
0.35178,1.4364,0.91119,0.87226,1.1176,-1.0933,-0.62198,-0.74379
0.28882,1.4029,0.85512,0.85788,1.058,-1.0534,-0.57646,-0.71893
0.22685,1.3695,0.79843,0.84315,0.99826,-1.0134,-0.53036,-0.69338
0.1659,1.3361,0.74117,0.82808,0.93823,-0.97326,-0.48375,-0.66718
0.10604,1.3027,0.68341,0.8127,0.87803,-0.93299,-0.43667,-0.64035
0.047318,1.2693,0.6252,0.79703,0.81773,-0.89266,-0.38919,-0.61293
-0.010221,1.2361,0.5666,0.78111,0.75737,-0.85229,-0.34134,-0.58496
-0.066531,1.203,0.50767,0.76494,0.69702,-0.81195,-0.29318,-0.55645
-0.12157,1.1699,0.44848,0.74856,0.63675,-0.77166,-0.24478,-0.52746
-0.17529,1.137,0.38908,0.73199,0.5766,-0.73146,-0.19617,-0.498
-0.22765,1.1043,0.32954,0.71525,0.51664,-0.6914,-0.14742,-0.46811
-0.27862,1.0717,0.26992,0.69837,0.45692,-0.6515,-0.098582,-0.43783
-0.32815,1.0393,0.21027,0.68136,0.3975,-0.61181,-0.049703,-0.40719
-0.37622,1.0071,0.15067,0.66425,0.33844,-0.57236,-0.00083916,-0.37621
-0.42279,0.97503,0.091167,0.64706,0.2798,-0.53319,0.047956,-0.34495
-0.46784,0.94321,0.031826,0.62981,0.22162,-0.49432,0.096629,-0.31342
-0.51133,0.91159,-0.027291,0.61252,0.16395,-0.45579,0.14513,-0.28166
-0.55323,0.88021,-0.086126,0.59521,0.10686,-0.41764,0.1934,-0.24971
-0.59353,0.84906,-0.14462,0.57789,0.050395,-0.37988,0.2414,-0.2176
-0.63221,0.81814,-0.20271,0.5606,-0.0054021,-0.34256,0.28906,-0.18536
-0.66924,0.78747,-0.26034,0.54334,-0.060479,-0.30569,0.33635,-0.15302
-0.7046,0.75705,-0.31745,0.52613,-0.11479,-0.26931,0.38321,-0.12062
-0.73829,0.72689,-0.37398,0.509,-0.16829,-0.23344,0.42959,-0.08819
-0.77029,0.69699,-0.42988,0.49195,-0.22093,-0.1981,0.47545,-0.055759
-0.80059,0.66734,-0.48509,0.475,-0.27267,-0.16332,0.52074,-0.023361
-0.82918,0.63796,-0.53956,0.45817,-0.32347,-0.12913,0.5654,0.0089729
-0.85606,0.60885,-0.59324,0.44146,-0.37329,-0.095527,0.6094,0.041212
-0.88122,0.58,-0.64607,0.4249,-0.42209,-0.062548,0.65269,0.073326
-0.90467,0.55142,-0.69799,0.4085,-0.46984,-0.030206,0.69523,0.10528
-0.92639,0.5231,-0.74897,0.39226,-0.51649,0.0014825,0.73698,0.13706
-0.9464,0.49505,-0.79895,0.3762,-0.56202,0.032501,0.77789,0.16862
-0.9647,0.46726,-0.84788,0.36033,-0.6064,0.062836,0.81793,0.19993
-0.9813,0.43973,-0.89572,0.34466,-0.64959,0.092475,0.85705,0.23098
-0.99621,0.41246,-0.94243,0.32919,-0.69158,0.12141,0.89523,0.26172
-1.0094,0.38545,-0.98795,0.31394,-0.73232,0.14962,0.93242,0.29215
-1.021,0.35868,-1.0323,0.29892,-0.7718,0.1771,0.96859,0.32222
-1.0309,0.33217,-1.0753,0.28412,-0.80999,0.20385,1.0037,0.35191
-1.0392,0.30589,-1.117,0.26955,-0.84688,0.22986,1.0377,0.3812
-1.0458,0.27986,-1.1574,0.25523,-0.88245,0.25513,1.0707,0.41007
-1.0509,0.25405,-1.1965,0.24114,-0.91667,0.27964,1.1024,0.43848
-1.0543,0.22848,-1.2341,0.22731,-0.94954,0.3034,1.1331,0.46643
-1.0563,0.20312,-1.2703,0.21372,-0.98104,0.3264,1.1625,0.49388
-1.0567,0.17799,-1.305,0.20038,-1.0112,0.34865,1.1907,0.52082
-1.0556,0.15306,-1.3382,0.1873,-1.0399,0.37014,1.2176,0.54722
-1.0531,0.12833,-1.3699,0.17447,-1.0672,0.39089,1.2434,0.57307
-1.0491,0.10381,-1.4001,0.16189,-1.0931,0.41088,1.2678,0.59834
-1.0437,0.079468,-1.4287,0.14957,-1.1177,0.43013,1.2909,0.62302
-1.037,0.055314,-1.4557,0.1375,-1.1408,0.44863,1.3127,0.64709
-1.0289,0.031337,-1.4811,0.12567,-1.1625,0.46641,1.3333,0.67054
-1.0195,0.007531,-1.5049,0.11409,-1.1828,0.48345,1.3524,0.69335
-1.0089,-0.016112,-1.527,0.10275,-1.2017,0.49978,1.3703,0.71551
-0.99701,-0.039597,-1.5475,0.091654,-1.2192,0.5154,1.3867,0.737
-0.98398,-0.062932,-1.5663,0.080788,-1.2353,0.53032,1.4018,0.7578
-0.96981,-0.086123,-1.5835,0.070152,-1.25,0.54455,1.4156,0.77792
-0.95454,-0.10918,-1.599,0.059739,-1.2633,0.55811,1.428,0.79733
-0.93821,-0.1321,-1.6128,0.049543,-1.2753,0.57099,1.439,0.81603
-0.92088,-0.15489,-1.6249,0.039559,-1.2859,0.58323,1.4486,0.83401
-0.90258,-0.17757,-1.6353,0.029778,-1.2952,0.59483,1.4569,0.85125
-0.88336,-0.20013,-1.644,0.020194,-1.3032,0.60581,1.4638,0.86776
-0.86326,-0.22259,-1.6511,0.010799,-1.3099,0.61618,1.4694,0.88353
-0.84234,-0.24494,-1.6564,0.001585,-1.3153,0.62596,1.4736,0.89854
-0.82063,-0.26719,-1.6601,-0.0074563,-1.3195,0.63516,1.4765,0.9128
-0.79818,-0.28934,-1.6621,-0.016334,-1.3224,0.6438,1.478,0.92631
-0.77505,-0.31141,-1.6625,-0.025056,-1.3241,0.6519,1.4782,0.93905
-0.75127,-0.33339,-1.6612,-0.033632,-1.3246,0.65948,1.4771,0.95103
-0.72691,-0.35529,-1.6583,-0.042071,-1.3239,0.66655,1.4747,0.96225
-0.70199,-0.3771,-1.6537,-0.050383,-1.3221,0.67313,1.471,0.9727
-0.67658,-0.39884,-1.6476,-0.058577,-1.3192,0.67925,1.466,0.98239
-0.65073,-0.4205,-1.6399,-0.066662,-1.3152,0.68491,1.4598,0.99132
-0.62446,-0.44209,-1.6306,-0.07465,-1.3102,0.69015,1.4524,0.99948
-0.59785,-0.4636,-1.6197,-0.082549,-1.3042,0.69497,1.4437,1.0069
-0.57093,-0.48504,-1.6073,-0.090369,-1.2971,0.6994,1.4339,1.0135
-0.54375,-0.50642,-1.5935,-0.098119,-1.2891,0.70346,1.4229,1.0195
-0.51636,-0.52771,-1.5781,-0.10581,-1.2802,0.70717,1.4108,1.0246
-0.48881,-0.54894,-1.5613,-0.11345,-1.2704,0.71054,1.3975,1.029
-0.46113,-0.57009,-1.5431,-0.12105,-1.2597,0.71361,1.3832,1.0327
-0.43339,-0.59117,-1.5234,-0.12862,-1.2482,0.71638,1.3678,1.0357
-0.40561,-0.61217,-1.5025,-0.13617,-1.236,0.71887,1.3513,1.038
-0.37786,-0.63309,-1.4801,-0.14371,-1.223,0.72111,1.3339,1.0395
-0.35016,-0.65392,-1.4565,-0.15124,-1.2092,0.72312,1.3155,1.0404
-0.32257,-0.67467,-1.4316,-0.15877,-1.1948,0.72491,1.2961,1.0406
-0.29513,-0.69532,-1.4055,-0.16631,-1.1798,0.72651,1.2759,1.04
-0.26788,-0.71588,-1.3782,-0.17388,-1.1641,0.72792,1.2547,1.0389
-0.24085,-0.73634,-1.3497,-0.18147,-1.1479,0.72918,1.2327,1.0371
-0.2141,-0.75669,-1.3201,-0.1891,-1.1312,0.7303,1.2099,1.0346
-0.18766,-0.77692,-1.2893,-0.19676,-1.114,0.73129,1.1863,1.0315
-0.16156,-0.79704,-1.2576,-0.20448,-1.0963,0.73218,1.162,1.0278
-0.13585,-0.81703,-1.2248,-0.21224,-1.0782,0.73297,1.1369,1.0235
-0.11056,-0.83688,-1.1911,-0.22007,-1.0597,0.7337,1.1112,1.0186
-0.085727,-0.8566,-1.1564,-0.22795,-1.0409,0.73437,1.0848,1.0132
-0.061384,-0.87616,-1.1208,-0.23591,-1.0218,0.735,1.0578,1.0072
-0.037566,-0.89556,-1.0844,-0.24393,-1.0024,0.7356,1.0303,1.0006
-0.014303,-0.91479,-1.0471,-0.25203,-0.98283,0.73619,1.0022,0.99355
0.0083743,-0.93384,-1.0091,-0.2602,-0.96302,0.73679,0.97366,0.98598
0.030435,-0.9527,-0.97036,-0.26845,-0.94306,0.7374,0.94464,0.97792
0.051853,-0.97136,-0.93093,-0.27678,-0.92297,0.73805,0.91519,0.96939
0.072599,-0.98981,-0.89085,-0.2852,-0.90279,0.73873,0.88536,0.9604
0.092648,-1.008,-0.85017,-0.29369,-0.88255,0.73948,0.85519,0.95098
0.11198,-1.026,-0.80893,-0.30226,-0.86229,0.74029,0.82471,0.94114
0.13056,-1.0438,-0.76717,-0.31092,-0.84204,0.74117,0.79395,0.93089
0.14838,-1.0613,-0.72494,-0.31965,-0.82184,0.74215,0.76296,0.92027
0.16541,-1.0785,-0.68227,-0.32845,-0.80171,0.74322,0.73177,0.90928
0.18163,-1.0955,-0.63921,-0.33734,-0.78168,0.7444,0.70041,0.89794
0.19703,-1.1122,-0.5958,-0.34629,-0.7618,0.7457,0.66893,0.88627
0.21159,-1.1285,-0.55209,-0.3553,-0.74207,0.74712,0.63736,0.8743
0.22529,-1.1446,-0.50811,-0.36438,-0.72254,0.74867,0.60573,0.86203
0.23812,-1.1603,-0.4639,-0.37352,-0.70323,0.75036,0.57408,0.84949
0.25007,-1.1757,-0.41951,-0.3827,-0.68417,0.75219,0.54245,0.8367
0.26112,-1.1907,-0.37498,-0.39193,-0.66539,0.75417,0.51086,0.82367
0.27127,-1.2053,-0.33034,-0.4012,-0.6469,0.7563,0.47936,0.81042
0.28051,-1.2196,-0.28564,-0.4105,-0.62874,0.75859,0.44797,0.79698
0.28883,-1.2335,-0.24092,-0.41982,-0.61093,0.76104,0.41673,0.78335
0.29622,-1.247,-0.19621,-0.42915,-0.59349,0.76366,0.38567,0.76956
0.30268,-1.2601,-0.15156,-0.43849,-0.57643,0.76644,0.35482,0.75562
0.3082,-1.2727,-0.107,-0.44783,-0.55979,0.76939,0.32421,0.74156
0.31279,-1.2849,-0.062565,-0.45715,-0.54359,0.77251,0.29387,0.72738
0.31644,-1.2967,-0.018297,-0.46644,-0.52783,0.7758,0.26384,0.71311
0.31915,-1.308,0.025771,-0.4757,-0.51254,0.77926,0.23413,0.69877
0.32092,-1.3188,0.069603,-0.48492,-0.49773,0.78289,0.20478,0.68436
0.32176,-1.3292,0.11316,-0.49407,-0.48342,0.78668,0.17582,0.66991
0.32167,-1.339,0.15642,-0.50316,-0.46963,0.79065,0.14726,0.65544
0.32065,-1.3483,0.19934,-0.51216,-0.45636,0.79478,0.11914,0.64095
0.31871,-1.3572,0.24189,-0.52107,-0.44364,0.79908,0.091487,0.62647
0.31586,-1.3655,0.28404,-0.52988,-0.43146,0.80353,0.064314,0.61201
0.31211,-1.3733,0.32576,-0.53856,-0.41985,0.80815,0.037648,0.59758
0.30746,-1.3805,0.36702,-0.54712,-0.4088,0.81291,0.01151,0.5832
0.30193,-1.3872,0.40778,-0.55552,-0.39834,0.81783,-0.014078,0.56889
0.29552,-1.3933,0.44803,-0.56377,-0.38846,0.82289,-0.039096,0.55465
0.28825,-1.3989,0.48773,-0.57185,-0.37918,0.82809,-0.063525,0.5405
0.28013,-1.4039,0.52686,-0.57974,-0.37049,0.83342,-0.087348,0.52646
0.27118,-1.4083,0.5654,-0.58743,-0.36241,0.83889,-0.11055,0.51254
0.26141,-1.4121,0.60331,-0.59491,-0.35493,0.84447,-0.1331,0.49874
0.25083,-1.4154,0.64057,-0.60217,-0.34807,0.85017,-0.15501,0.48509
0.23947,-1.418,0.67717,-0.60918,-0.34181,0.85599,-0.17624,0.47159
0.22734,-1.4201,0.71307,-0.61594,-0.33616,0.8619,-0.19679,0.45825
0.21445,-1.4216,0.74827,-0.62244,-0.33112,0.86791,-0.21664,0.44509
0.20084,-1.4224,0.78273,-0.62865,-0.32669,0.87401,-0.23578,0.43212
0.18651,-1.4227,0.81644,-0.63457,-0.32287,0.8802,-0.25421,0.41934
0.17149,-1.4223,0.84938,-0.64019,-0.31966,0.88645,-0.27191,0.40677
0.1558,-1.4214,0.88154,-0.64549,-0.31704,0.89278,-0.28888,0.39441
0.13946,-1.4198,0.91289,-0.65047,-0.31503,0.89916,-0.3051,0.38227
0.1225,-1.4176,0.94342,-0.65509,-0.3136,0.90559,-0.32058,0.37037
0.10493,-1.4149,0.97313,-0.65937,-0.31276,0.91206,-0.33529,0.3587
0.086774,-1.4115,1.002,-0.66328,-0.31249,0.91857,-0.34925,0.34728
0.068064,-1.4075,1.03,-0.66682,-0.3128,0.9251,-0.36245,0.33612
0.048821,-1.4029,1.0571,-0.66997,-0.31367,0.93165,-0.37488,0.32522
0.02907,-1.3977,1.0833,-0.67272,-0.3151,0.93821,-0.38654,0.31458
0.0088348,-1.392,1.1087,-0.67506,-0.31707,0.94476,-0.39744,0.30422
-0.011858,-1.3856,1.1331,-0.67699,-0.31958,0.95131,-0.40756,0.29413
-0.032984,-1.3787,1.1567,-0.6785,-0.32261,0.95784,-0.41692,0.28433
-0.054516,-1.3712,1.1793,-0.67957,-0.32615,0.96435,-0.42551,0.27482
-0.076429,-1.3631,1.201,-0.6802,-0.3302,0.97082,-0.43334,0.26559
-0.098695,-1.3544,1.2218,-0.68038,-0.33473,0.97725,-0.4404,0.25667
-0.12129,-1.3452,1.2416,-0.68011,-0.33975,0.98363,-0.44672,0.24804
-0.14418,-1.3355,1.2605,-0.67937,-0.34523,0.98995,-0.45228,0.23971
-0.16735,-1.3252,1.2784,-0.67817,-0.35116,0.9962,-0.4571,0.23169
-0.19077,-1.3143,1.2954,-0.67649,-0.35752,1.0024,-0.46118,0.22397
-0.2144,-1.303,1.3115,-0.67434,-0.36431,1.0085,-0.46453,0.21656
-0.23823,-1.2911,1.3266,-0.6717,-0.37151,1.0145,-0.46716,0.20945
-0.26223,-1.2788,1.3408,-0.66858,-0.3791,1.0204,-0.46907,0.20265
-0.28636,-1.2659,1.354,-0.66497,-0.38707,1.0262,-0.47029,0.19617
-0.31061,-1.2526,1.3662,-0.66088,-0.39541,1.0319,-0.47081,0.18999
-0.33494,-1.2388,1.3775,-0.65628,-0.40409,1.0374,-0.47065,0.18412
-0.35933,-1.2245,1.3879,-0.6512,-0.4131,1.0429,-0.46983,0.17855
-0.38376,-1.2098,1.3973,-0.64562,-0.42243,1.0482,-0.46834,0.17329
-0.40819,-1.1946,1.4058,-0.63955,-0.43206,1.0533,-0.46621,0.16833
-0.4326,-1.1791,1.4134,-0.63299,-0.44197,1.0584,-0.46346,0.16367
-0.45697,-1.1631,1.42,-0.62593,-0.45215,1.0632,-0.46009,0.1593
-0.48127,-1.1467,1.4257,-0.61839,-0.46258,1.0679,-0.45611,0.15523
-0.50547,-1.13,1.4305,-0.61035,-0.47324,1.0725,-0.45156,0.15145
-0.52955,-1.1129,1.4344,-0.60184,-0.48412,1.0768,-0.44643,0.14795
-0.55349,-1.0954,1.4373,-0.59284,-0.4952,1.081,-0.44075,0.14474
-0.57725,-1.0776,1.4394,-0.58337,-0.50646,1.085,-0.43454,0.1418
-0.60083,-1.0594,1.4406,-0.57342,-0.51789,1.0888,-0.4278,0.13913
-0.62419,-1.041,1.4409,-0.56301,-0.52947,1.0924,-0.42057,0.13672
-0.64731,-1.0222,1.4404,-0.55213,-0.54118,1.0958,-0.41285,0.13456
-0.67017,-1.0032,1.4389,-0.5408,-0.55301,1.099,-0.40466,0.13266
-0.69274,-0.98383,1.4367,-0.52903,-0.56494,1.102,-0.39603,0.131
-0.71501,-0.96426,1.4336,-0.51681,-0.57695,1.1048,-0.38698,0.12958
-0.73696,-0.94444,1.4296,-0.50415,-0.58903,1.1074,-0.37751,0.12838
-0.75856,-0.92438,1.4249,-0.49107,-0.60116,1.1098,-0.36766,0.1274
-0.7798,-0.90411,1.4193,-0.47758,-0.61333,1.1119,-0.35744,0.12663
-0.80065,-0.88364,1.413,-0.46367,-0.62552,1.1138,-0.34687,0.12606
-0.8211,-0.86298,1.4058,-0.44936,-0.63771,1.1154,-0.33598,0.12568
-0.84113,-0.84215,1.3979,-0.43466,-0.64988,1.1169,-0.32477,0.12548
-0.86072,-0.82115,1.3893,-0.41958,-0.66203,1.1181,-0.31328,0.12545
-0.87985,-0.8,1.3799,-0.40413,-0.67414,1.119,-0.30152,0.12558
-0.89851,-0.77872,1.3698,-0.38831,-0.68618,1.1197,-0.28952,0.12586
-0.91668,-0.75731,1.359,-0.37214,-0.69816,1.1201,-0.27729,0.12628
-0.93436,-0.7358,1.3474,-0.35563,-0.71005,1.1203,-0.26485,0.12682
-0.95151,-0.71418,1.3352,-0.33879,-0.72183,1.1203,-0.25223,0.12747
-0.96813,-0.69249,1.3223,-0.32162,-0.7335,1.12,-0.23945,0.12823
-0.98421,-0.67072,1.3088,-0.30415,-0.74504,1.1194,-0.22653,0.12908
-0.99974,-0.64888,1.2946,-0.28638,-0.75644,1.1185,-0.21348,0.13
-1.0147,-0.627,1.2798,-0.26832,-0.76768,1.1174,-0.20034,0.13098
-1.0291,-0.60509,1.2644,-0.24998,-0.77875,1.116,-0.18711,0.13202
-1.0429,-0.58314,1.2484,-0.23138,-0.78964,1.1144,-0.17382,0.13309
-1.0561,-0.56119,1.2318,-0.21252,-0.80034,1.1125,-0.1605,0.13418
-1.0686,-0.53923,1.2147,-0.19342,-0.81083,1.1103,-0.14715,0.13528
-1.0806,-0.51727,1.197,-0.17409,-0.8211,1.1078,-0.1338,0.13638
-1.0919,-0.49533,1.1788,-0.15453,-0.83114,1.105,-0.12048,0.13746
-1.1027,-0.47343,1.1601,-0.13476,-0.84094,1.102,-0.10719,0.13851
-1.1127,-0.45155,1.141,-0.1148,-0.85049,1.0987,-0.093962,0.13951
-1.1222,-0.42973,1.1213,-0.094639,-0.85978,1.0951,-0.080811,0.14045
-1.1309,-0.40796,1.1012,-0.074303,-0.86879,1.0912,-0.067757,0.14132
-1.1391,-0.38627,1.0806,-0.053798,-0.87752,1.087,-0.054819,0.14209
-1.1466,-0.36464,1.0596,-0.033136,-0.88596,1.0825,-0.042013,0.14277
-1.1534,-0.34311,1.0382,-0.012325,-0.8941,1.0777,-0.029359,0.14332
-1.1595,-0.32166,1.0165,0.008623,-0.90193,1.0726,-0.016873,0.14374
-1.165,-0.30032,0.99432,0.029699,-0.90945,1.0673,-0.0045738,0.14402
-1.1698,-0.27909,0.97184,0.050893,-0.91663,1.0616,0.0075231,0.14414
-1.174,-0.25798,0.94902,0.072196,-0.92348,1.0556,0.019401,0.14408
-1.1775,-0.237,0.9259,0.093599,-0.92999,1.0493,0.031043,0.14383
-1.1803,-0.21616,0.90247,0.11509,-0.93615,1.0428,0.042435,0.14338
-1.1825,-0.19546,0.87878,0.13666,-0.94195,1.0359,0.05356,0.14272
-1.184,-0.17491,0.85482,0.15831,-0.9474,1.0287,0.064405,0.14184
-1.1848,-0.15453,0.83063,0.18002,-0.95247,1.0212,0.074954,0.14071
-1.185,-0.13431,0.80622,0.20178,-0.95717,1.0133,0.085194,0.13933
-1.1845,-0.11427,0.78161,0.22359,-0.96149,1.0052,0.095112,0.13768
-1.1833,-0.094406,0.75682,0.24544,-0.96542,0.99675,0.10469,0.13576
-1.1816,-0.074737,0.73186,0.26732,-0.96897,0.98799,0.11393,0.13355
-1.1791,-0.055266,0.70677,0.28922,-0.97212,0.97892,0.1228,0.13104
-1.1761,-0.036001,0.68154,0.31113,-0.97487,0.96953,0.13131,0.12822
-1.1724,-0.016948,0.65621,0.33305,-0.97722,0.95982,0.13943,0.12509
-1.1681,0.0018843,0.6308,0.35497,-0.97917,0.9498,0.14716,0.12162
-1.1631,0.02049,0.60531,0.37688,-0.9807,0.93946,0.15449,0.11782
-1.1575,0.038861,0.57978,0.39878,-0.98183,0.92881,0.16141,0.11367
-1.1514,0.05699,0.55422,0.42065,-0.98255,0.91783,0.1679,0.10916
-1.1446,0.074871,0.52864,0.4425,-0.98284,0.90654,0.17397,0.10429
-1.1372,0.092496,0.50308,0.4643,-0.98272,0.89494,0.17961,0.099059
-1.1293,0.10986,0.47754,0.48607,-0.98219,0.88302,0.1848,0.093449
-1.1207,0.12695,0.45204,0.50778,-0.98123,0.87079,0.18954,0.087458
-1.1116,0.14377,0.42661,0.52943,-0.97986,0.85824,0.19383,0.081082
-1.102,0.1603,0.40127,0.55101,-0.97806,0.84538,0.19766,0.074317
-1.0918,0.17654,0.37602,0.57253,-0.97584,0.83221,0.20103,0.067159
-1.081,0.19248,0.3509,0.59396,-0.9732,0.81874,0.20392,0.059605
-1.0697,0.20811,0.32591,0.61531,-0.97015,0.80496,0.20635,0.051653
-1.0579,0.22344,0.30108,0.63656,-0.96667,0.79088,0.2083,0.043302
-1.0455,0.23844,0.27643,0.65771,-0.96278,0.77649,0.20978,0.034551
-1.0327,0.25312,0.25197,0.67875,-0.95847,0.76181,0.21078,0.025401
-1.0193,0.26746,0.22773,0.69967,-0.95375,0.74684,0.2113,0.015852
-1.0055,0.28147,0.20371,0.72048,-0.94862,0.73158,0.21134,0.0059056
-0.99118,0.29513,0.17995,0.74114,-0.94308,0.71603,0.2109,-0.0044351
-0.9764,0.30843,0.15644,0.76167,-0.93713,0.7002,0.20998,-0.015167
-0.96117,0.32137,0.13323,0.78205,-0.93078,0.68409,0.20859,-0.026286
-0.94548,0.33395,0.11031,0.80228,-0.92403,0.66771,0.20672,-0.037788
-0.92936,0.34615,0.087707,0.82234,-0.91688,0.65107,0.20438,-0.049667
-0.9128,0.35797,0.065441,0.84223,-0.90934,0.63417,0.20157,-0.061917
-0.89583,0.36941,0.043526,0.86194,-0.90142,0.61701,0.1983,-0.07453
-0.87845,0.38045,0.02198,0.88145,-0.89311,0.5996,0.19456,-0.0875
-0.86067,0.3911,0.00081746,0.90077,-0.88442,0.58196,0.19036,-0.10082
-0.8425,0.40133,-0.019945,0.91987,-0.87536,0.56408,0.18572,-0.11447
-0.82396,0.41116,-0.040291,0.93876,-0.86593,0.54597,0.18062,-0.12845
-0.80504,0.42057,-0.060205,0.95742,-0.85614,0.52764,0.17509,-0.14275
-0.78576,0.42956,-0.079672,0.97583,-0.84599,0.50911,0.16912,-0.15736
-0.76613,0.43812,-0.098678,0.994,-0.8355,0.49037,0.16273,-0.17226
-0.74616,0.44625,-0.11721,1.0119,-0.82465,0.47144,0.15591,-0.18744
-0.72585,0.45395,-0.13525,1.0295,-0.81347,0.45233,0.14869,-0.20289
-0.70523,0.4612,-0.15278,1.0469,-0.80196,0.43304,0.14106,-0.21859
-0.68428,0.468,-0.16979,1.064,-0.79013,0.41359,0.13304,-0.23453
-0.66303,0.47436,-0.18628,1.0807,-0.77798,0.39399,0.12463,-0.25069
-0.64149,0.48026,-0.20222,1.0972,-0.76551,0.37424,0.11585,-0.26706
-0.61965,0.4857,-0.2176,1.1133,-0.75275,0.35436,0.1067,-0.28362
-0.59753,0.49069,-0.23241,1.129,-0.73969,0.33435,0.097192,-0.30036
-0.57514,0.49521,-0.24664,1.1444,-0.72634,0.31424,0.087342,-0.31725
-0.55248,0.49927,-0.26028,1.1595,-0.71271,0.29403,0.077157,-0.33428
-0.52956,0.50286,-0.27332,1.1742,-0.69881,0.27373,0.06665,-0.35144
-0.50639,0.50599,-0.28574,1.1884,-0.68464,0.25336,0.05583,-0.36869
-0.48298,0.50864,-0.29754,1.2023,-0.67022,0.23292,0.044709,-0.38603
-0.45933,0.51083,-0.3087,1.2158,-0.65555,0.21244,0.0333,-0.40344
-0.43545,0.51255,-0.31922,1.2288,-0.64064,0.19191,0.021614,-0.42088
-0.41134,0.5138,-0.3291,1.2413,-0.6255,0.17137,0.009663,-0.43835
-0.38702,0.51458,-0.33831,1.2534,-0.61014,0.15081,-0.0025403,-0.45583
-0.36249,0.5149,-0.34686,1.2651,-0.59456,0.13026,-0.014983,-0.47329
-0.33774,0.51475,-0.35473,1.2762,-0.57877,0.10972,-0.027654,-0.49071
-0.3128,0.51414,-0.36192,1.2869,-0.56279,0.089207,-0.04054,-0.50807
-0.28767,0.51307,-0.36843,1.297,-0.54661,0.06874,-0.053627,-0.52536
-0.26234,0.51155,-0.37424,1.3066,-0.53025,0.048329,-0.066904,-0.54254
-0.23683,0.50958,-0.37936,1.3157,-0.51372,0.027988,-0.080357,-0.5596
-0.21115,0.50716,-0.38378,1.3242,-0.49702,0.0077305,-0.093974,-0.57653
-0.18528,0.5043,-0.3875,1.3321,-0.48016,-0.01243,-0.10774,-0.59328
-0.15925,0.50101,-0.3905,1.3394,-0.46315,-0.032479,-0.12165,-0.60986
-0.13305,0.49729,-0.3928,1.3462,-0.446,-0.052404,-0.13568,-0.62622
-0.1067,0.49315,-0.39438,1.3523,-0.42872,-0.072192,-0.14982,-0.64237
-0.080181,0.4886,-0.39525,1.3578,-0.4113,-0.091828,-0.16407,-0.65826
-0.053515,0.48365,-0.3954,1.3627,-0.39377,-0.1113,-0.1784,-0.67389
-0.0267,0.4783,-0.39484,1.3669,-0.37612,-0.13059,-0.1928,-0.68923
0.00025795,0.47257,-0.39357,1.3704,-0.35837,-0.1497,-0.20727,-0.70426
0.027356,0.46647,-0.39158,1.3733,-0.34052,-0.1686,-0.22179,-0.71896
0.05459,0.46,-0.38887,1.3755,-0.32258,-0.18728,-0.23635,-0.73332
0.081957,0.45318,-0.38546,1.377,-0.30456,-0.20574,-0.25094,-0.74731
0.10945,0.44603,-0.38134,1.3778,-0.28645,-0.22395,-0.26554,-0.76092
0.13707,0.43855,-0.37651,1.3778,-0.26828,-0.24191,-0.28014,-0.77413
0.16481,0.43076,-0.37098,1.3772,-0.25003,-0.25961,-0.29474,-0.78691
0.19266,0.42267,-0.36475,1.3757,-0.23173,-0.27704,-0.30932,-0.79926
0.22063,0.4143,-0.35784,1.3736,-0.21338,-0.29418,-0.32387,-0.81116
0.24871,0.40566,-0.35023,1.3707,-0.19497,-0.31102,-0.33839,-0.82258
0.27689,0.39677,-0.34195,1.367,-0.17652,-0.32756,-0.35285,-0.83353
0.30517,0.38765,-0.33299,1.3625,-0.15804,-0.34379,-0.36726,-0.84397
0.33354,0.37831,-0.32337,1.3573,-0.13952,-0.35969,-0.3816,-0.85389
0.36201,0.36877,-0.31309,1.3512,-0.12097,-0.37525,-0.39586,-0.8633
0.39057,0.35905,-0.30216,1.3444,-0.1024,-0.39048,-0.41004,-0.87216
0.4192,0.34917,-0.29059,1.3368,-0.083809,-0.40536,-0.42412,-0.88047
0.44791,0.33914,-0.27839,1.3283,-0.065202,-0.41988,-0.4381,-0.88821
0.4767,0.329,-0.26557,1.3191,-0.046583,-0.43403,-0.45197,-0.89539
0.50555,0.31874,-0.25214,1.3091,-0.027957,-0.44782,-0.46572,-0.90198
0.53446,0.30841,-0.23811,1.2982,-0.0093257,-0.46124,-0.47935,-0.90798
0.56343,0.29801,-0.22349,1.2866,0.0093066,-0.47427,-0.49285,-0.91339
0.59244,0.28757,-0.2083,1.2741,0.027937,-0.48692,-0.50621,-0.91819
0.6215,0.27711,-0.19256,1.2608,0.046563,-0.49918,-0.51943,-0.92237
0.65059,0.26666,-0.17626,1.2467,0.065181,-0.51105,-0.53249,-0.92595
0.67972,0.25623,-0.15943,1.2319,0.083789,-0.52252,-0.54541,-0.9289
0.70886,0.24584,-0.14208,1.2162,0.10238,-0.53359,-0.55816,-0.93123
0.73802,0.23553,-0.12423,1.1997,0.12097,-0.54427,-0.57076,-0.93294
0.76718,0.22531,-0.10589,1.1824,0.13953,-0.55455,-0.58318,-0.93402
0.79634,0.2152,-0.087082,1.1644,0.15808,-0.56442,-0.59543,-0.93447
0.82549,0.20523,-0.067816,1.1456,0.1766,-0.57389,-0.60751,-0.9343
0.85462,0.19542,-0.048111,1.126,0.1951,-0.58297,-0.61941,-0.93351
0.88372,0.18579,-0.027985,1.1056,0.21358,-0.59164,-0.63113,-0.93209
0.91279,0.17638,-0.0074564,1.0846,0.23204,-0.59992,-0.64266,-0.93007
0.9418,0.16719,0.013458,1.0628,0.25046,-0.6078,-0.65401,-0.92743
0.97075,0.15825,0.034738,1.0402,0.26886,-0.61528,-0.66517,-0.92418
0.99964,0.1496,0.056366,1.017,0.28723,-0.62238,-0.67615,-0.92034
1.0284,0.14124,0.078322,0.99306,0.30557,-0.62909,-0.68693,-0.91591
1.0571,0.1332,0.10059,0.96847,0.32387,-0.63542,-0.69752,-0.9109
1.0857,0.1255,0.12314,0.94322,0.34215,-0.64138,-0.70792,-0.90532
1.1142,0.11817,0.14596,0.91734,0.36039,-0.64696,-0.71812,-0.89917
1.1426,0.11122,0.16902,0.89083,0.37859,-0.65218,-0.72813,-0.89248
1.1708,0.10468,0.19231,0.86374,0.39675,-0.65703,-0.73795,-0.88526
1.1988,0.098569,0.21581,0.83606,0.41488,-0.66154,-0.74758,-0.87751
1.2267,0.092906,0.23949,0.80784,0.43297,-0.6657,-0.75701,-0.86925
1.2544,0.087711,0.26333,0.77908,0.45101,-0.66952,-0.76625,-0.8605
1.2819,0.083004,0.28731,0.74983,0.46902,-0.67302,-0.7753,-0.85128
1.3092,0.078802,0.3114,0.72009,0.48697,-0.67619,-0.78416,-0.84159
1.3362,0.075124,0.33559,0.6899,0.50489,-0.67905,-0.79282,-0.83147
1.363,0.071988,0.35985,0.65928,0.52275,-0.68161,-0.8013,-0.82092
1.3895,0.069409,0.38416,0.62826,0.54056,-0.68387,-0.80959,-0.80996
1.4157,0.067405,0.40849,0.59688,0.55832,-0.68585,-0.8177,-0.79863
1.4417,0.065989,0.43283,0.56515,0.57603,-0.68755,-0.82562,-0.78692
1.4673,0.065177,0.45714,0.53311,0.59367,-0.689,-0.83335,-0.77487
1.4926,0.064982,0.48141,0.50079,0.61126,-0.69018,-0.8409,-0.76251
1.5175,0.065416,0.50562,0.46822,0.62879,-0.69113,-0.84827,-0.74984
1.542,0.066492,0.52973,0.43544,0.64624,-0.69184,-0.85546,-0.73689
1.5662,0.06822,0.55372,0.40247,0.66363,-0.69234,-0.86247,-0.72369
1.59,0.07061,0.57758,0.36935,0.68094,-0.69262,-0.8693,-0.71026
1.6133,0.073671,0.60127,0.33611,0.69818,-0.69271,-0.87596,-0.69662
1.6361,0.07741,0.62478,0.30278,0.71533,-0.6926,-0.88244,-0.68279
1.6585,0.081836,0.64808,0.2694,0.7324,-0.69233,-0.88875,-0.66881
1.6805,0.086952,0.67115,0.23601,0.74938,-0.69189,-0.89489,-0.65469
1.7019,0.092764,0.69396,0.20264,0.76626,-0.69129,-0.90085,-0.64046
1.7227,0.099276,0.71649,0.16932,0.78303,-0.69056,-0.90665,-0.62614
1.743,0.10649,0.73872,0.13608,0.79971,-0.68969,-0.91227,-0.61176
1.7628,0.11441,0.76062,0.10297,0.81626,-0.68871,-0.91772,-0.59734
1.7819,0.12303,0.78217,0.070023,0.8327,-0.68762,-0.92301,-0.58291
1.8005,0.13235,0.80336,0.037264,0.84902,-0.68644,-0.92812,-0.5685
1.8184,0.14237,0.82414,0.004734,0.8652,-0.68517,-0.93307,-0.55411
1.8356,0.15309,0.84451,-0.027533,0.88124,-0.68382,-0.93784,-0.53979
1.8522,0.1645,0.86444,-0.059503,0.89713,-0.68241,-0.94245,-0.52556
1.8681,0.1766,0.88391,-0.091141,0.91287,-0.68095,-0.94689,-0.51143
1.8833,0.18938,0.9029,-0.12241,0.92845,-0.67945,-0.95116,-0.49743
1.8977,0.20283,0.92138,-0.15328,0.94386,-0.67791,-0.95525,-0.48358
1.9114,0.21694,0.93933,-0.18372,0.95908,-0.67635,-0.95917,-0.46992
1.9243,0.2317,0.95673,-0.2137,0.97412,-0.67478,-0.96292,-0.45645
1.9364,0.2471,0.97357,-0.24317,0.98896,-0.6732,-0.96649,-0.4432
1.9477,0.26313,0.98981,-0.27212,1.0036,-0.67162,-0.96989,-0.43019
1.9581,0.27978,1.0055,-0.3005,1.018,-0.67006,-0.9731,-0.41744
1.9677,0.29702,1.0205,-0.3283,1.0322,-0.66852,-0.97613,-0.40497
1.9764,0.31484,1.0348,-0.35547,1.0462,-0.66701,-0.97897,-0.3928
1.9842,0.33323,1.0485,-0.382,1.0599,-0.66553,-0.98162,-0.38095
1.9912,0.35217,1.0615,-0.40785,1.0733,-0.6641,-0.98408,-0.36943
1.9972,0.37163,1.0738,-0.43299,1.0865,-0.66272,-0.98635,-0.35827
2.0022,0.3916,1.0854,-0.45741,1.0994,-0.66139,-0.98841,-0.34747
2.0063,0.41205,1.0962,-0.48107,1.112,-0.66013,-0.99027,-0.33706
2.0094,0.43297,1.1063,-0.50395,1.1243,-0.65893,-0.99192,-0.32704
2.0115,0.45433,1.1156,-0.52603,1.1363,-0.6578,-0.99335,-0.31744
2.0127,0.4761,1.1241,-0.54729,1.148,-0.65676,-0.99457,-0.30825
2.0128,0.49826,1.1318,-0.5677,1.1594,-0.65579,-0.99556,-0.2995
2.0118,0.52079,1.1386,-0.58725,1.1704,-0.65491,-0.99632,-0.29118
2.0099,0.54366,1.1447,-0.60592,1.181,-0.65411,-0.99684,-0.28333
2.0068,0.56684,1.1498,-0.6237,1.1913,-0.65341,-0.99712,-0.27593
2.0027,0.5903,1.1541,-0.64056,1.2012,-0.6528,-0.99715,-0.26899
1.9975,0.61401,1.1576,-0.65649,1.2106,-0.65228,-0.99693,-0.26253
1.9913,0.63795,1.1601,-0.67148,1.2197,-0.65187,-0.99644,-0.25655
1.9839,0.66209,1.1617,-0.68552,1.2284,-0.65155,-0.99568,-0.25105
1.9755,0.68639,1.1625,-0.6986,1.2366,-0.65133,-0.99465,-0.24603
1.9659,0.71082,1.1622,-0.7107,1.2444,-0.6512,-0.99332,-0.2415
1.9552,0.73536,1.1611,-0.72183,1.2518,-0.65118,-0.99171,-0.23746
1.9434,0.75997,1.159,-0.73198,1.2586,-0.65126,-0.98979,-0.2339
1.9304,0.78462,1.1559,-0.74114,1.2651,-0.65144,-0.98757,-0.23082
1.9164,0.80927,1.1519,-0.74931,1.271,-0.65171,-0.98502,-0.22822
1.9012,0.8339,1.1469,-0.75649,1.2764,-0.65208,-0.98216,-0.2261
1.8849,0.85848,1.1409,-0.76267,1.2813,-0.65255,-0.97895,-0.22445
1.8674,0.88296,1.134,-0.76787,1.2857,-0.6531,-0.9754,-0.22327
1.8488,0.90732,1.126,-0.77208,1.2896,-0.65375,-0.97151,-0.22254
1.8291,0.93152,1.1171,-0.77531,1.2929,-0.65448,-0.96725,-0.22227
1.8083,0.95554,1.1071,-0.77756,1.2957,-0.6553,-0.96262,-0.22244
1.7864,0.97934,1.0962,-0.77885,1.2979,-0.6562,-0.95761,-0.22304
1.7633,1.0029,1.0842,-0.77917,1.2996,-0.65717,-0.95222,-0.22405
1.7391,1.0261,1.0712,-0.77855,1.3007,-0.65822,-0.94643,-0.22548
1.7139,1.0491,1.0572,-0.77698,1.3012,-0.65934,-0.94024,-0.22731
1.6875,1.0717,1.0422,-0.7745,1.3012,-0.66053,-0.93364,-0.22951
1.6601,1.0939,1.0262,-0.7711,1.3005,-0.66177,-0.92661,-0.23208
1.6316,1.1157,1.0092,-0.76681,1.2993,-0.66308,-0.91916,-0.23501
1.602,1.1371,0.99115,-0.76164,1.2974,-0.66444,-0.91127,-0.23827
1.5714,1.158,0.9721,-0.75561,1.2949,-0.66584,-0.90294,-0.24186
1.5397,1.1785,0.95205,-0.74874,1.2918,-0.66729,-0.89415,-0.24575
1.5071,1.1983,0.93101,-0.74105,1.2881,-0.66878,-0.88491,-0.24992
1.4734,1.2177,0.90896,-0.73257,1.2838,-0.6703,-0.8752,-0.25436
1.4388,1.2365,0.88593,-0.7233,1.2788,-0.67185,-0.86502,-0.25904
1.4032,1.2546,0.86191,-0.71329,1.2732,-0.67343,-0.85435,-0.26396
1.3667,1.2722,0.83691,-0.70255,1.267,-0.67502,-0.8432,-0.26909
1.3293,1.2891,0.81095,-0.69111,1.2601,-0.67663,-0.83156,-0.2744
1.2909,1.3053,0.78403,-0.67899,1.2526,-0.67825,-0.81943,-0.27988
1.2517,1.3208,0.75616,-0.66622,1.2445,-0.67987,-0.80679,-0.28551
1.2116,1.3356,0.72735,-0.65284,1.2358,-0.68149,-0.79364,-0.29127
1.1707,1.3496,0.69761,-0.63886,1.2264,-0.6831,-0.77999,-0.29713
1.129,1.363,0.66696,-0.62432,1.2164,-0.6847,-0.76582,-0.30307
1.0866,1.3755,0.63541,-0.60925,1.2057,-0.68629,-0.75114,-0.30908
1.0433,1.3872,0.60297,-0.59368,1.1945,-0.68786,-0.73593,-0.31512
0.99941,1.3982,0.56965,-0.57764,1.1826,-0.68941,-0.72021,-0.32119
0.95479,1.4083,0.53547,-0.56116,1.1701,-0.69093,-0.70396,-0.32725
0.9095,1.4176,0.50046,-0.54428,1.1571,-0.69241,-0.68719,-0.33329
0.86359,1.426,0.46461,-0.52702,1.1434,-0.69386,-0.6699,-0.33928
0.81708,1.4336,0.42796,-0.50942,1.1291,-0.69527,-0.65209,-0.34521
0.77001,1.4403,0.39052,-0.49151,1.1142,-0.69664,-0.63375,-0.35105
0.72241,1.4461,0.35231,-0.47332,1.0988,-0.69796,-0.6149,-0.35678
0.67431,1.4511,0.31335,-0.45488,1.0828,-0.69923,-0.59552,-0.36238
0.62575,1.4552,0.27366,-0.43624,1.0662,-0.70045,-0.57564,-0.36783
0.57675,1.4584,0.23327,-0.41742,1.0491,-0.70161,-0.55524,-0.37311
0.52737,1.4607,0.19219,-0.39845,1.0315,-0.70271,-0.53434,-0.3782
0.47763,1.462,0.15044,-0.37937,1.0133,-0.70376,-0.51294,-0.38309
0.42757,1.4625,0.10806,-0.3602,0.99466,-0.70474,-0.49104,-0.38775
0.37723,1.4621,0.065061,-0.34099,0.9755,-0.70565,-0.46865,-0.39216
0.32664,1.4609,0.021474,-0.32176,0.95586,-0.7065,-0.44579,-0.39632
0.27585,1.4587,-0.022676,-0.30254,0.93575,-0.70728,-0.42245,-0.4002
0.22488,1.4556,-0.067364,-0.28337,0.91518,-0.708,-0.39865,-0.40379
0.17379,1.4517,-0.11256,-0.26427,0.89419,-0.70864,-0.3744,-0.40707
0.1226,1.4468,-0.15824,-0.24527,0.87277,-0.70922,-0.3497,-0.41002
0.071353,1.4412,-0.20438,-0.2264,0.85095,-0.70972,-0.32457,-0.41264
0.020094,1.4346,-0.25094,-0.2077,0.82875,-0.71015,-0.29902,-0.4149
-0.031141,1.4272,-0.2979,-0.18919,0.80618,-0.71052,-0.27307,-0.41681
-0.082313,1.419,-0.34523,-0.17089,0.78326,-0.71081,-0.24672,-0.41834
-0.13338,1.41,-0.3929,-0.15283,0.76001,-0.71103,-0.21999,-0.41948
-0.18431,1.4001,-0.44087,-0.13505,0.73645,-0.71118,-0.19289,-0.42023
-0.23505,1.3895,-0.48912,-0.11755,0.7126,-0.71126,-0.16545,-0.42058
-0.28558,1.3781,-0.53761,-0.10037,0.68848,-0.71128,-0.13767,-0.42051
-0.33585,1.3659,-0.58631,-0.08353,0.66411,-0.71123,-0.10958,-0.42003
-0.38581,1.353,-0.6352,-0.067051,0.63951,-0.71112,-0.081191,-0.41912
-0.43544,1.3394,-0.68423,-0.050953,0.61471,-0.71094,-0.052522,-0.41778
-0.48469,1.325,-0.73337,-0.035258,0.58972,-0.7107,-0.023591,-0.416
-0.53353,1.31,-0.7826,-0.019984,0.56456,-0.71041,0.0055796,-0.41378
-0.58192,1.2943,-0.83187,-0.0051493,0.53926,-0.71005,0.034971,-0.41112
-0.62981,1.278,-0.88116,0.0092295,0.51384,-0.70965,0.064562,-0.40802
-0.67718,1.2611,-0.93042,0.023136,0.48832,-0.70919,0.094331,-0.40447
-0.72398,1.2436,-0.97964,0.036556,0.46273,-0.70868,0.12426,-0.40048
-0.77017,1.2255,-1.0288,0.049476,0.43708,-0.70812,0.15431,-0.39604
-0.81573,1.2068,-1.0778,0.061881,0.4114,-0.70752,0.18448,-0.39117
-0.86061,1.1877,-1.1266,0.073762,0.38572,-0.70688,0.21474,-0.38586
-0.90479,1.168,-1.1752,0.085108,0.36005,-0.70621,0.24505,-0.38011
-0.94821,1.1479,-1.2236,0.095908,0.33442,-0.70549,0.27541,-0.37394
-0.99086,1.1274,-1.2718,0.10615,0.30886,-0.70475,0.30577,-0.36735
-1.0327,1.1064,-1.3196,0.11584,0.28337,-0.70398,0.33612,-0.36034
-1.0737,1.085,-1.3672,0.12496,0.258,-0.70318,0.36643,-0.35292
-1.1138,1.0633,-1.4143,0.13351,0.23275,-0.70236,0.39668,-0.3451
-1.153,1.0413,-1.4611,0.14148,0.20766,-0.70152,0.42684,-0.3369
-1.1912,1.019,-1.5074,0.14887,0.18274,-0.70066,0.45687,-0.32832
-1.2285,0.99634,-1.5532,0.15568,0.15802,-0.6998,0.48676,-0.31937
