0.75863,-0.73942,1.1289,-0.68244,0.53057,0.32278,-0.68782,0.00088199
0.74912,-0.72803,1.1188,-0.68416,0.5234,0.32668,-0.67994,0.0071392
0.73929,-0.71608,1.1086,-0.68562,0.51626,0.33031,-0.67198,0.013526
0.72912,-0.70357,1.0982,-0.68682,0.50912,0.33365,-0.66393,0.020034
0.71858,-0.6905,1.0877,-0.68774,0.502,0.33671,-0.65579,0.026653
0.70766,-0.67687,1.0769,-0.68836,0.49487,0.33949,-0.64756,0.033374
0.69634,-0.66268,1.066,-0.68869,0.48773,0.34196,-0.63922,0.040188
0.68461,-0.64793,1.055,-0.68872,0.48057,0.34414,-0.63079,0.047083
0.67243,-0.63262,1.0437,-0.68842,0.47339,0.34601,-0.62225,0.05405
0.6598,-0.61674,1.0322,-0.6878,0.46618,0.34758,-0.6136,0.061077
0.6467,-0.60031,1.0205,-0.68685,0.45893,0.34883,-0.60484,0.068153
0.63311,-0.58332,1.0085,-0.68554,0.45163,0.34977,-0.59596,0.075267
0.61902,-0.56578,0.99628,-0.68388,0.44427,0.35039,-0.58695,0.082407
0.6044,-0.54768,0.98382,-0.68186,0.43685,0.35069,-0.57781,0.089561
0.58924,-0.52904,0.97109,-0.67945,0.42936,0.35066,-0.56854,0.096718
0.57353,-0.50986,0.95807,-0.67667,0.42178,0.3503,-0.55914,0.10387
0.55726,-0.49014,0.94477,-0.67349,0.41412,0.34962,-0.54959,0.11099
0.5404,-0.46989,0.93116,-0.66991,0.40635,0.3486,-0.53989,0.11808
0.52294,-0.44911,0.91724,-0.66593,0.39849,0.34725,-0.53004,0.12512
0.50488,-0.42781,0.90299,-0.66152,0.3905,0.34557,-0.52003,0.13211
0.48619,-0.406,0.8884,-0.65668,0.38239,0.34355,-0.50986,0.13902
0.46688,-0.38369,0.87347,-0.65141,0.37415,0.34119,-0.49952,0.14585
0.44692,-0.36089,0.85817,-0.6457,0.36577,0.3385,-0.48901,0.15258
0.42632,-0.3376,0.8425,-0.63954,0.35724,0.33547,-0.47832,0.1592
0.40505,-0.31384,0.82645,-0.63293,0.34855,0.33211,-0.46745,0.1657
0.38311,-0.28961,0.81001,-0.62585,0.3397,0.32841,-0.45639,0.17206
0.3605,-0.26493,0.79317,-0.6183,0.33067,0.32438,-0.44514,0.17828
0.33721,-0.23982,0.77591,-0.61028,0.32145,0.32002,-0.43369,0.18434
0.31324,-0.21427,0.75822,-0.60179,0.31205,0.31533,-0.42204,0.19023
0.28858,-0.18832,0.74011,-0.5928,0.30245,0.31031,-0.41018,0.19593
0.26322,-0.16196,0.72155,-0.58333,0.29264,0.30497,-0.39811,0.20145
0.23717,-0.13522,0.70253,-0.57337,0.28262,0.29931,-0.38582,0.20675
0.21043,-0.10812,0.68306,-0.56291,0.27238,0.29333,-0.37331,0.21184
0.18299,-0.080655,0.66311,-0.55195,0.26191,0.28704,-0.36058,0.21671
0.15486,-0.052858,0.64269,-0.54049,0.2512,0.28044,-0.34761,0.22133
0.12604,-0.024742,0.62178,-0.52853,0.24025,0.27353,-0.33442,0.22571
0.096537,0.0036752,0.60038,-0.51606,0.22905,0.26633,-0.32098,0.22983
0.066353,0.032375,0.57847,-0.50309,0.21759,0.25883,-0.30731,0.23368
0.035496,0.061338,0.55607,-0.48961,0.20588,0.25105,-0.29339,0.23726
0.0039726,0.090546,0.53315,-0.47563,0.1939,0.24299,-0.27922,0.24055
-0.028207,0.11998,0.50971,-0.46115,0.18164,0.23465,-0.26481,0.24354
-0.061034,0.14961,0.48575,-0.44616,0.16911,0.22604,-0.25014,0.24624
-0.094495,0.17943,0.46127,-0.43067,0.1563,0.21718,-0.23522,0.24863
-0.12858,0.20941,0.43625,-0.41468,0.14321,0.20806,-0.22004,0.2507
-0.16327,0.23953,0.41071,-0.3982,0.12982,0.1987,-0.2046,0.25244
-0.19855,0.26977,0.38463,-0.38122,0.11615,0.1891,-0.1889,0.25386
-0.23442,0.30009,0.35802,-0.36376,0.10217,0.17928,-0.17294,0.25495
-0.27083,0.33049,0.33087,-0.34582,0.087904,0.16924,-0.15672,0.25569
-0.30779,0.36094,0.30319,-0.3274,0.073336,0.15898,-0.14024,0.25609
-0.34527,0.39141,0.27497,-0.30851,0.058467,0.14853,-0.1235,0.25614
-0.38324,0.42187,0.24622,-0.28916,0.043297,0.13789,-0.1065,0.25584
-0.42168,0.45231,0.21695,-0.26935,0.027825,0.12707,-0.089239,0.25518
-0.46057,0.4827,0.18714,-0.24909,0.012052,0.11608,-0.07172,0.25417
-0.49989,0.51301,0.15682,-0.2284,-0.0040223,0.10494,-0.053945,0.25279
-0.5396,0.54322,0.12597,-0.20728,-0.020395,0.093641,-0.035916,0.25105
-0.57968,0.5733,0.094623,-0.18573,-0.037066,0.082208,-0.017637,0.24896
-0.6201,0.60322,0.062767,-0.16378,-0.054031,0.07065,0.00088986,0.2465
-0.66083,0.63296,0.030416,-0.14143,-0.071288,0.058976,0.01966,0.24367
-0.70184,0.6625,-0.0024222,-0.1187,-0.088833,0.0472,0.038668,0.24049
-0.74309,0.69179,-0.035737,-0.095588,-0.10666,0.035333,0.057911,0.23694
-0.78455,0.72083,-0.069519,-0.07212,-0.12477,0.023385,0.077382,0.23304
-0.82618,0.74958,-0.10375,-0.048304,-0.14315,0.01137,0.097076,0.22878
-0.86796,0.77802,-0.13843,-0.024156,-0.16179,-0.00070075,0.11699,0.22417
-0.90985,0.80611,-0.17354,0.00031025,-0.1807,-0.012815,0.1371,0.21921
-0.9518,0.83383,-0.20906,0.025079,-0.19986,-0.024962,0.15742,0.2139
-0.99377,0.86115,-0.24498,0.050134,-0.21926,-0.037127,0.17794,0.20825
-1.0357,0.88805,-0.28128,0.075459,-0.2389,-0.0493,0.19864,0.20227
-1.0777,0.9145,-0.31795,0.10104,-0.25876,-0.061467,0.21951,0.19596
-1.1195,0.94047,-0.35496,0.12685,-0.27883,-0.073617,0.24055,0.18932
-1.1612,0.96594,-0.3923,0.15288,-0.29912,-0.085737,0.26174,0.18237
-1.2027,0.99087,-0.42995,0.17911,-0.31959,-0.097815,0.28308,0.17511
-1.244,1.0152,-0.46788,0.20552,-0.34024,-0.10984,0.30455,0.16754
-1.2851,1.039,-0.50608,0.23209,-0.36107,-0.12179,0.32614,0.15968
-1.3258,1.0622,-0.54451,0.2588,-0.38205,-0.13367,0.34784,0.15154
-1.3662,1.0847,-0.58316,0.28563,-0.40316,-0.14546,0.36964,0.14312
-1.4063,1.1066,-0.622,0.31256,-0.42441,-0.15714,0.39151,0.13443
-1.4459,1.1278,-0.66101,0.33956,-0.44577,-0.16871,0.41346,0.12549
-1.485,1.1483,-0.70015,0.36662,-0.46722,-0.18015,0.43546,0.11631
-1.5236,1.168,-0.73941,0.39371,-0.48875,-0.19145,0.4575,0.10688
-1.5616,1.1869,-0.77875,0.42082,-0.51035,-0.20259,0.47956,0.097238
-1.5991,1.2051,-0.81814,0.44791,-0.53199,-0.21358,0.50163,0.08738
-1.6359,1.2225,-0.85755,0.47496,-0.55366,-0.22439,0.52369,0.077323
-1.6719,1.239,-0.89696,0.50195,-0.57534,-0.23501,0.54573,0.067078
-1.7073,1.2546,-0.93633,0.52886,-0.59701,-0.24544,0.56772,0.056659
-1.7419,1.2694,-0.97562,0.55566,-0.61866,-0.25566,0.58966,0.046079
-1.7757,1.2832,-1.0148,0.58233,-0.64026,-0.26566,0.61152,0.035351
-1.8086,1.2962,-1.0539,0.60884,-0.6618,-0.27542,0.63328,0.024489
-1.8406,1.3082,-1.0928,0.63517,-0.68325,-0.28495,0.65494,0.013507
-1.8716,1.3192,-1.1314,0.66128,-0.70459,-0.29422,0.67646,0.002419
-1.9017,1.3292,-1.1699,0.68717,-0.72581,-0.30323,0.69784,-0.0087595
-1.9308,1.3382,-1.2081,0.71279,-0.74689,-0.31197,0.71904,-0.020014
-1.9588,1.3462,-1.2459,0.73812,-0.7678,-0.32042,0.74006,-0.031329
-1.9857,1.3531,-1.2834,0.76314,-0.78852,-0.32858,0.76088,-0.04269
-2.0115,1.359,-1.3205,0.78783,-0.80904,-0.33643,0.78147,-0.05408
-2.0361,1.3638,-1.3573,0.81215,-0.82932,-0.34397,0.80182,-0.065485
-2.0595,1.3675,-1.3935,0.83607,-0.84936,-0.35119,0.82191,-0.076887
-2.0817,1.37,-1.4293,0.85958,-0.86913,-0.35807,0.84171,-0.088272
-2.1026,1.3715,-1.4645,0.88264,-0.88861,-0.36461,0.86122,-0.099622
-2.1222,1.3718,-1.4992,0.90523,-0.90777,-0.3708,0.8804,-0.11092
-2.1405,1.3709,-1.5332,0.92733,-0.9266,-0.37663,0.89925,-0.12215
-2.1575,1.3689,-1.5666,0.9489,-0.94508,-0.38209,0.91775,-0.1333
-2.173,1.3657,-1.5994,0.96992,-0.96319,-0.38718,0.93586,-0.14435
-2.1872,1.3614,-1.6314,0.99036,-0.9809,-0.39188,0.95359,-0.15528
-2.2,1.3558,-1.6627,1.0102,-0.9982,-0.39618,0.9709,-0.16607
-2.2113,1.349,-1.6932,1.0294,-1.0151,-0.40008,0.98779,-0.17672
-2.2211,1.341,-1.7229,1.048,-1.0315,-0.40357,1.0042,-0.18719
-2.2295,1.3318,-1.7517,1.0658,-1.0474,-0.40664,1.0202,-0.19748
-2.2364,1.3214,-1.7796,1.083,-1.0629,-0.40929,1.0357,-0.20757
-2.2418,1.3098,-1.8066,1.0994,-1.0778,-0.41151,1.0507,-0.21744
-2.2456,1.2969,-1.8327,1.1151,-1.0923,-0.41328,1.0652,-0.22707
-2.2479,1.2828,-1.8577,1.13,-1.1062,-0.41461,1.0792,-0.23645
-2.2487,1.2675,-1.8818,1.1441,-1.1195,-0.41549,1.0926,-0.24556
-2.248,1.2509,-1.9048,1.1574,-1.1322,-0.41591,1.1055,-0.25439
-2.2456,1.2331,-1.9267,1.1698,-1.1444,-0.41586,1.1178,-0.26291
-2.2418,1.2141,-1.9475,1.1813,-1.156,-0.41534,1.1295,-0.27111
-2.2364,1.1939,-1.9672,1.192,-1.1669,-0.41434,1.1406,-0.27898
-2.2294,1.1725,-1.9857,1.2017,-1.1773,-0.41286,1.1511,-0.2865
-2.2208,1.1498,-2.003,1.2105,-1.187,-0.41089,1.161,-0.29365
-2.2108,1.126,-2.0191,1.2183,-1.196,-0.40843,1.1703,-0.30041
-2.1991,1.1009,-2.0339,1.2251,-1.2044,-0.40547,1.179,-0.30678
-2.186,1.0747,-2.0475,1.231,-1.2121,-0.40201,1.187,-0.31273
-2.1713,1.0473,-2.0598,1.2358,-1.2191,-0.39804,1.1943,-0.31826
-2.1551,1.0188,-2.0708,1.2396,-1.2254,-0.39356,1.201,-0.32334
-2.1375,0.98912,-2.0804,1.2424,-1.231,-0.38858,1.207,-0.32797
-2.1183,0.95832,-2.0888,1.244,-1.236,-0.38307,1.2123,-0.33212
-2.0977,0.92642,-2.0958,1.2446,-1.2402,-0.37705,1.217,-0.33579
-2.0756,0.89343,-2.1014,1.2441,-1.2437,-0.3705,1.221,-0.33895
-2.0521,0.85936,-2.1056,1.2425,-1.2465,-0.36343,1.2243,-0.34161
-2.0272,0.82426,-2.1084,1.2397,-1.2486,-0.35584,1.2269,-0.34374
-2.001,0.78813,-2.1098,1.2358,-1.2499,-0.34772,1.2288,-0.34534
-1.9734,0.75099,-2.1099,1.2308,-1.2505,-0.33907,1.2301,-0.34638
-1.9444,0.71289,-2.1085,1.2246,-1.2504,-0.3299,1.2306,-0.34687
-1.9142,0.67383,-2.1056,1.2172,-1.2496,-0.3202,1.2304,-0.34678
-1.8827,0.63386,-2.1014,1.2087,-1.2481,-0.30997,1.2296,-0.34612
-1.85,0.59299,-2.0957,1.1989,-1.2458,-0.29921,1.2281,-0.34486
-1.816,0.55126,-2.0886,1.188,-1.2429,-0.28794,1.2259,-0.343
-1.7809,0.5087,-2.0801,1.1759,-1.2392,-0.27613,1.223,-0.34054
-1.7447,0.46535,-2.0702,1.1626,-1.2348,-0.26381,1.2195,-0.33746
-1.7073,0.42123,-2.0588,1.1481,-1.2298,-0.25098,1.2153,-0.33375
-1.669,0.37639,-2.046,1.1324,-1.224,-0.23763,1.2104,-0.32941
-1.6295,0.33085,-2.0319,1.1156,-1.2176,-0.22377,1.2049,-0.32444
-1.5891,0.28466,-2.0163,1.0975,-1.2104,-0.2094,1.1987,-0.31882
-1.5478,0.23786,-1.9994,1.0782,-1.2027,-0.19454,1.192,-0.31256
-1.5055,0.19049,-1.9811,1.0577,-1.1942,-0.17918,1.1846,-0.30564
-1.4624,0.14258,-1.9615,1.0361,-1.1852,-0.16334,1.1765,-0.29807
-1.4185,0.094179,-1.9405,1.0133,-1.1755,-0.14701,1.1679,-0.28984
-1.3738,0.045333,-1.9183,0.9893,-1.1651,-0.13022,1.1587,-0.28095
-1.3283,-0.0039166,-1.8947,0.96417,-1.1542,-0.11296,1.1489,-0.27141
-1.2822,-0.053524,-1.8699,0.93789,-1.1427,-0.095243,1.1386,-0.2612
-1.2354,-0.10344,-1.8438,0.91049,-1.1306,-0.077085,1.1277,-0.25034
-1.1879,-0.15363,-1.8166,0.88197,-1.118,-0.058493,1.1162,-0.23882
-1.14,-0.20403,-1.7881,0.85236,-1.1048,-0.039478,1.1043,-0.22665
-1.0914,-0.2546,-1.7585,0.82166,-1.091,-0.020053,1.0918,-0.21382
-1.0425,-0.3053,-1.7277,0.7899,-1.0768,-0.00022883,1.0789,-0.20035
-0.99302,-0.35606,-1.6958,0.7571,-1.0621,0.01998,1.0654,-0.18624
-0.9432,-0.40684,-1.6628,0.72328,-1.0468,0.040559,1.0515,-0.1715
-0.89302,-0.45759,-1.6288,0.68847,-1.0312,0.061495,1.0372,-0.15613
-0.84254,-0.50826,-1.5938,0.65269,-1.015,0.08277,1.0224,-0.14015
-0.79178,-0.55879,-1.5579,0.61596,-0.99846,0.10437,1.0073,-0.12355
-0.7408,-0.60914,-1.5209,0.57831,-0.98148,0.12628,0.99171,-0.10636
-0.68964,-0.65925,-1.4831,0.53978,-0.96411,0.14847,0.97578,-0.088589
-0.63833,-0.70906,-1.4444,0.50039,-0.94637,0.17094,0.95948,-0.070242
-0.58691,-0.75853,-1.4049,0.46018,-0.92826,0.19366,0.94284,-0.051338
-0.53543,-0.80759,-1.3646,0.41917,-0.90981,0.21661,0.92588,-0.03189
-0.48393,-0.85621,-1.3236,0.37741,-0.89104,0.23977,0.90861,-0.011915
-0.43243,-0.90431,-1.2818,0.33493,-0.87196,0.26312,0.89104,0.00857
-0.38099,-0.95186,-1.2394,0.29177,-0.85259,0.28664,0.8732,0.029547
-0.32963,-0.99879,-1.1963,0.24796,-0.83295,0.3103,0.85511,0.050997
-0.27839,-1.0451,-1.1527,0.20354,-0.81305,0.33408,0.83677,0.0729
-0.22731,-1.0906,-1.1085,0.15856,-0.79291,0.35796,0.8182,0.095234
-0.17641,-1.1354,-1.0638,0.11306,-0.77255,0.38191,0.79943,0.11798
-0.12574,-1.1793,-1.0186,0.067087,-0.75199,0.40591,0.78046,0.1411
-0.075322,-1.2224,-0.97307,0.020675,-0.73123,0.42992,0.76131,0.16459
-0.025187,-1.2645,-0.92711,-0.026126,-0.7103,0.45394,0.74199,0.18842
0.024635,-1.3057,-0.88082,-0.073269,-0.6892,0.47791,0.72252,0.21255
0.074115,-1.3458,-0.83423,-0.12071,-0.66796,0.50183,0.70292,0.23697
0.12323,-1.3849,-0.78739,-0.16839,-0.64658,0.52566,0.68319,0.26164
0.17194,-1.4228,-0.74033,-0.21628,-0.62509,0.54937,0.66336,0.28653
0.22024,-1.4596,-0.6931,-0.26431,-0.60349,0.57293,0.64342,0.31162
0.2681,-1.4951,-0.64574,-0.31244,-0.58179,0.59631,0.6234,0.33687
0.31549,-1.5294,-0.59828,-0.36062,-0.56001,0.61949,0.6033,0.36226
0.36239,-1.5623,-0.55078,-0.4088,-0.53816,0.64243,0.58314,0.38774
0.40879,-1.5939,-0.50325,-0.45692,-0.51624,0.6651,0.56292,0.41329
0.45466,-1.6241,-0.45575,-0.50493,-0.49427,0.68747,0.54265,0.43887
0.49999,-1.6529,-0.40832,-0.55278,-0.47226,0.70951,0.52235,0.46445
0.54476,-1.6802,-0.36097,-0.60042,-0.45022,0.73119,0.50202,0.48999
0.58895,-1.706,-0.31376,-0.64779,-0.42815,0.75248,0.48167,0.51546
0.63256,-1.7302,-0.26672,-0.69483,-0.40605,0.77334,0.4613,0.54081
0.67557,-1.7528,-0.21988,-0.74151,-0.38395,0.79374,0.44093,0.56602
0.71797,-1.7738,-0.17328,-0.78775,-0.36184,0.81365,0.42055,0.59104
0.75975,-1.7931,-0.12694,-0.83351,-0.33972,0.83304,0.40017,0.61584
0.80089,-1.8108,-0.080901,-0.87874,-0.31761,0.85188,0.3798,0.64038
0.8414,-1.8267,-0.035189,-0.92337,-0.2955,0.87014,0.35944,0.66463
0.88127,-1.8409,0.010166,-0.96737,-0.2734,0.88778,0.33909,0.68853
0.92048,-1.8533,0.055137,-1.0107,-0.25132,0.90477,0.31875,0.71206
0.95904,-1.8639,0.099697,-1.0532,-0.22924,0.92109,0.29843,0.73517
0.99694,-1.8727,0.14382,-1.095,-0.20718,0.9367,0.27813,0.75783
1.0342,-1.8797,0.18748,-1.1359,-0.18514,0.95156,0.25784,0.77999
1.0708,-1.8848,0.23066,-1.1759,-0.16311,0.96566,0.23756,0.80162
1.1067,-1.8881,0.27334,-1.2149,-0.14109,0.97896,0.2173,0.82268
1.1419,-1.8894,0.31549,-1.253,-0.11909,0.99144,0.19705,0.84313
1.1765,-1.8889,0.3571,-1.29,-0.097098,1.0031,0.1768,0.86294
1.2105,-1.8864,0.39814,-1.3259,-0.075115,1.0138,0.15657,0.88205
1.2438,-1.8821,0.4386,-1.3606,-0.053137,1.0236,0.13633,0.90044
1.2764,-1.8758,0.47848,-1.3942,-0.031162,1.0325,0.1161,0.91808
1.3084,-1.8675,0.51774,-1.4266,-0.0091845,1.0404,0.095857,0.93491
1.3397,-1.8574,0.55639,-1.4576,0.012799,1.0474,0.075602,0.95091
1.3704,-1.8453,0.5944,-1.4874,0.034792,1.0533,0.05533,0.96603
1.4005,-1.8312,0.63178,-1.5158,0.056802,1.0582,0.035035,0.98025
1.43,-1.8152,0.6685,-1.5427,0.078832,1.062,0.014709,0.99354
1.4589,-1.7974,0.70457,-1.5683,0.10089,1.0648,-0.0056549,1.0058
1.4871,-1.7775,0.73997,-1.5924,0.12298,1.0664,-0.026063,1.0171
1.5148,-1.7558,0.77471,-1.615,0.14511,1.067,-0.046524,1.0274
1.5419,-1.7322,0.80878,-1.636,0.16729,1.0664,-0.067045,1.0366
1.5684,-1.7067,0.84218,-1.6555,0.18952,1.0646,-0.087635,1.0447
1.5943,-1.6793,0.8749,-1.6733,0.21181,1.0617,-0.1083,1.0517
1.6197,-1.65,0.90695,-1.6896,0.23416,1.0576,-0.12906,1.0575
1.6446,-1.6189,0.93833,-1.7042,0.25659,1.0523,-0.1499,1.0621
1.6689,-1.586,0.96904,-1.717,0.2791,1.0458,-0.17085,1.0655
1.6927,-1.5513,0.99908,-1.7282,0.30171,1.038,-0.19192,1.0677
1.716,-1.5149,1.0285,-1.7377,0.3244,1.0291,-0.21311,1.0686
1.7388,-1.4767,1.0572,-1.7454,0.3472,1.0189,-0.23442,1.0683
1.7611,-1.4367,1.0853,-1.7514,0.37011,1.0074,-0.25588,1.0667
1.7829,-1.3951,1.1127,-1.7556,0.39314,0.99473,-0.27749,1.0637
1.8043,-1.3518,1.1395,-1.7579,0.4163,0.98078,-0.29926,1.0594
1.8252,-1.3069,1.1657,-1.7585,0.43958,0.96556,-0.32119,1.0537
1.8457,-1.2604,1.1912,-1.7573,0.463,0.94909,-0.3433,1.0467
1.8658,-1.2123,1.2162,-1.7542,0.48657,0.93134,-0.3656,1.0383
1.8855,-1.1627,1.2405,-1.7493,0.51029,0.91234,-0.38809,1.0286
1.9047,-1.1117,1.2643,-1.7426,0.53417,0.89208,-0.41078,1.0174
1.9236,-1.0592,1.2875,-1.734,0.55821,0.87056,-0.43369,1.0048
1.9421,-1.0053,1.3102,-1.7236,0.58241,0.84779,-0.45681,0.99076
1.9602,-0.95,1.3323,-1.7113,0.60679,0.82378,-0.48015,0.97533
1.978,-0.89343,1.3539,-1.6973,0.63135,0.79852,-0.50373,0.95847
1.9954,-0.83559,1.375,-1.6814,0.65609,0.77204,-0.52755,0.94018
2.0125,-0.77653,1.3956,-1.6636,0.68101,0.74434,-0.55161,0.92046
2.0292,-0.71629,1.4157,-1.6441,0.70612,0.71544,-0.57592,0.89932
2.0457,-0.65494,1.4353,-1.6227,0.73143,0.68534,-0.60048,0.87675
2.0618,-0.59251,1.4545,-1.5996,0.75692,0.65406,-0.62531,0.85277
2.0776,-0.52906,1.4733,-1.5747,0.78261,0.62162,-0.65039,0.82737
2.0931,-0.46465,1.4916,-1.548,0.8085,0.58803,-0.67575,0.80057
2.1084,-0.39932,1.5096,-1.5196,0.83458,0.55332,-0.70137,0.77237
2.1234,-0.33312,1.5271,-1.4894,0.86087,0.51749,-0.72727,0.74278
2.1381,-0.26612,1.5444,-1.4575,0.88734,0.48058,-0.75344,0.71183
2.1525,-0.19838,1.5612,-1.424,0.91402,0.44261,-0.77989,0.67951
2.1667,-0.12993,1.5777,-1.3888,0.94089,0.40359,-0.80661,0.64586
2.1807,-0.060853,1.5939,-1.352,0.96795,0.36355,-0.83361,0.61089
2.1944,0.0088042,1.6099,-1.3136,0.9952,0.32252,-0.86088,0.57461
2.2078,0.078982,1.6255,-1.2736,1.0226,0.28053,-0.88842,0.53705
2.2211,0.14962,1.6409,-1.232,1.0502,0.2376,-0.91623,0.49823
2.2341,0.22066,1.656,-1.189,1.078,0.19376,-0.9443,0.45818
2.2468,0.29204,1.6709,-1.1444,1.106,0.14904,-0.97264,0.41691
2.2594,0.3637,1.6855,-1.0984,1.1341,0.10348,-1.0012,0.37447
2.2717,0.43559,1.7,-1.051,1.1624,0.057098,-1.0301,0.33087
2.2838,0.50763,1.7143,-1.0023,1.1909,0.0099362,-1.0592,0.28615
2.2957,0.57977,1.7284,-0.95217,1.2195,-0.037974,-1.0885,0.24033
2.3074,0.65195,1.7423,-0.90078,1.2482,-0.086598,-1.1181,0.19346
2.3188,0.72411,1.7561,-0.84814,1.277,-0.1359,-1.1478,0.14556
2.33,0.79619,1.7697,-0.79429,1.306,-0.18584,-1.1778,0.096671
2.3411,0.86811,1.7832,-0.73926,1.335,-0.23639,-1.208,0.046831
2.3518,0.93984,1.7966,-0.68312,1.3642,-0.2875,-1.2384,-0.0039237
2.3624,1.0113,1.8099,-0.6259,1.3935,-0.33914,-1.269,-0.055554
2.3728,1.0824,1.8232,-0.56765,1.4228,-0.39126,-1.2997,-0.10802
2.3829,1.1532,1.8363,-0.50842,1.4521,-0.44383,-1.3306,-0.16128
2.3928,1.2235,1.8493,-0.44825,1.4816,-0.49681,-1.3616,-0.21529
2.4025,1.2933,1.8623,-0.38719,1.511,-0.55016,-1.3928,-0.27001
2.4119,1.3625,1.8753,-0.3253,1.5405,-0.60383,-1.4241,-0.32539
2.4211,1.4311,1.8881,-0.26263,1.57,-0.65777,-1.4554,-0.38139
2.4301,1.499,1.901,-0.19922,1.5994,-0.71196,-1.4869,-0.43797
2.4388,1.5662,1.9138,-0.13512,1.6288,-0.76634,-1.5184,-0.49507
2.4473,1.6326,1.9265,-0.0704,1.6582,-0.82088,-1.5499,-0.55265
2.4555,1.6981,1.9393,-0.0051013,1.6875,-0.87552,-1.5815,-0.61066
2.4634,1.7628,1.952,0.06072,1.7168,-0.93022,-1.6131,-0.66905
2.4711,1.8265,1.9646,0.12701,1.7459,-0.98495,-1.6446,-0.72777
2.4784,1.8891,1.9773,0.19371,1.7749,-1.0396,-1.6762,-0.78677
2.4855,1.9507,1.9899,0.26077,1.8038,-1.0943,-1.7076,-0.84601
2.4923,2.0112,2.0026,0.32814,1.8325,-1.1488,-1.7391,-0.90543
2.4988,2.0706,2.0151,0.39575,1.8611,-1.2032,-1.7704,-0.96497
2.505,2.1287,2.0277,0.46355,1.8895,-1.2573,-1.8016,-1.0246
2.5108,2.1856,2.0403,0.53149,1.9176,-1.3112,-1.8326,-1.0842
2.5163,2.2411,2.0528,0.59951,1.9455,-1.3648,-1.8635,-1.1439
2.5215,2.2954,2.0653,0.66755,1.9732,-1.4181,-1.8942,-1.2034
2.5263,2.3482,2.0778,0.73556,2.0006,-1.471,-1.9247,-1.2628
2.5307,2.3996,2.0902,0.80348,2.0277,-1.5235,-1.955,-1.3221
2.5348,2.4495,2.1026,0.87125,2.0545,-1.5755,-1.985,-1.3811
2.5385,2.4979,2.1149,0.93883,2.0809,-1.627,-2.0147,-1.4398
2.5418,2.5447,2.1272,1.0061,2.107,-1.6779,-2.0442,-1.4982
2.5447,2.59,2.1394,1.0731,2.1327,-1.7283,-2.0733,-1.5561
2.5471,2.6337,2.1516,1.1398,2.158,-1.778,-2.102,-1.6137
2.5491,2.6756,2.1636,1.206,2.1829,-1.827,-2.1304,-1.6707
2.5507,2.7159,2.1756,1.2717,2.2073,-1.8753,-2.1583,-1.7272
2.5518,2.7545,2.1875,1.3369,2.2313,-1.9229,-2.1859,-1.7832
2.5525,2.7914,2.1993,1.4015,2.2548,-1.9696,-2.2129,-1.8384
2.5527,2.8264,2.211,1.4655,2.2778,-2.0155,-2.2395,-1.893
2.5523,2.8597,2.2226,1.5288,2.3002,-2.0605,-2.2656,-1.9468
2.5515,2.8912,2.234,1.5913,2.3221,-2.1046,-2.2912,-1.9999
2.5501,2.9208,2.2452,1.6531,2.3434,-2.1478,-2.3162,-2.0521
2.5483,2.9486,2.2563,1.714,2.3641,-2.1899,-2.3407,-2.1034
2.5458,2.9745,2.2672,1.774,2.3842,-2.231,-2.3645,-2.1538
2.5428,2.9985,2.278,1.833,2.4037,-2.2711,-2.3877,-2.2032
2.5393,3.0206,2.2885,1.8911,2.4225,-2.3101,-2.4102,-2.2515
2.5351,3.0407,2.2988,1.9481,2.4407,-2.3479,-2.4321,-2.2988
2.5304,3.059,2.3089,2.0041,2.4581,-2.3846,-2.4533,-2.345
2.525,3.0753,2.3187,2.0589,2.4748,-2.4201,-2.4738,-2.3901
2.5191,3.0897,2.3282,2.1126,2.4908,-2.4544,-2.4935,-2.4339
2.5125,3.1021,2.3375,2.165,2.5061,-2.4874,-2.5124,-2.4766
2.5052,3.1126,2.3465,2.2162,2.5205,-2.5192,-2.5306,-2.5179
2.4973,3.1211,2.3552,2.266,2.5342,-2.5496,-2.5479,-2.558
2.4888,3.1277,2.3635,2.3146,2.5471,-2.5787,-2.5644,-2.5967
2.4795,3.1324,2.3715,2.3618,2.5591,-2.6065,-2.5801,-2.634
2.4696,3.1351,2.3791,2.4075,2.5703,-2.6329,-2.5948,-2.6699
2.459,3.1358,2.3863,2.4518,2.5806,-2.6579,-2.6087,-2.7043
2.4477,3.1347,2.3932,2.4947,2.5901,-2.6815,-2.6217,-2.7373
2.4356,3.1316,2.3996,2.536,2.5986,-2.7036,-2.6337,-2.7687
2.4229,3.1266,2.4056,2.5757,2.6063,-2.7243,-2.6448,-2.7987
2.4094,3.1197,2.4111,2.614,2.613,-2.7436,-2.6549,-2.827
2.3951,3.111,2.4162,2.6506,2.6189,-2.7613,-2.6641,-2.8538
2.3802,3.1003,2.4208,2.6855,2.6237,-2.7775,-2.6722,-2.879
2.3644,3.0879,2.4248,2.7188,2.6276,-2.7923,-2.6793,-2.9025
2.3479,3.0736,2.4284,2.7505,2.6305,-2.8055,-2.6854,-2.9243
2.3306,3.0575,2.4314,2.7804,2.6325,-2.8172,-2.6905,-2.9445
2.3126,3.0396,2.4339,2.8087,2.6334,-2.8273,-2.6945,-2.963
2.2937,3.0199,2.4357,2.8352,2.6334,-2.8359,-2.6974,-2.9797
2.2741,2.9986,2.437,2.8599,2.6323,-2.843,-2.6993,-2.9948
2.2537,2.9755,2.4377,2.8829,2.6302,-2.8484,-2.7,-3.0081
2.2325,2.9507,2.4378,2.9041,2.6271,-2.8524,-2.6997,-3.0196
2.2105,2.9243,2.4372,2.9235,2.623,-2.8547,-2.6983,-3.0294
2.1877,2.8963,2.436,2.941,2.6178,-2.8555,-2.6957,-3.0374
2.1641,2.8666,2.4341,2.9568,2.6116,-2.8548,-2.692,-3.0436
2.1397,2.8355,2.4315,2.9708,2.6043,-2.8525,-2.6872,-3.048
2.1145,2.8028,2.4282,2.9829,2.596,-2.8486,-2.6813,-3.0507
2.0885,2.7686,2.4241,2.9932,2.5866,-2.8432,-2.6743,-3.0516
2.0617,2.733,2.4194,3.0017,2.5762,-2.8363,-2.6661,-3.0507
2.0341,2.6959,2.4139,3.0083,2.5647,-2.8278,-2.6568,-3.0479
2.0057,2.6575,2.4077,3.0131,2.5522,-2.8178,-2.6463,-3.0435
1.9765,2.6178,2.4007,3.0161,2.5386,-2.8063,-2.6347,-3.0372
1.9465,2.5768,2.3929,3.0172,2.5239,-2.7933,-2.622,-3.0292
1.9157,2.5345,2.3843,3.0166,2.5082,-2.7788,-2.6081,-3.0194
1.8841,2.491,2.3749,3.0141,2.4914,-2.7629,-2.5931,-3.0078
1.8518,2.4464,2.3647,3.0098,2.4736,-2.7455,-2.577,-2.9945
1.8187,2.4006,2.3537,3.0038,2.4548,-2.7266,-2.5598,-2.9795
1.7848,2.3538,2.3418,2.9959,2.4349,-2.7064,-2.5414,-2.9628
1.7502,2.3059,2.3291,2.9863,2.414,-2.6847,-2.522,-2.9444
1.7148,2.257,2.3155,2.975,2.392,-2.6617,-2.5014,-2.9244
1.6788,2.2073,2.3011,2.9619,2.3691,-2.6373,-2.4798,-2.9026
1.6419,2.1566,2.2859,2.9471,2.3451,-2.6116,-2.4571,-2.8793
1.6044,2.1051,2.2697,2.9307,2.3202,-2.5846,-2.4334,-2.8543
1.5662,2.0528,2.2527,2.9126,2.2943,-2.5564,-2.4085,-2.8278
1.5273,1.9997,2.2349,2.8928,2.2674,-2.5268,-2.3827,-2.7997
1.4877,1.9459,2.2161,2.8714,2.2396,-2.4961,-2.3558,-2.7701
1.4474,1.8915,2.1965,2.8484,2.2108,-2.4641,-2.3279,-2.739
1.4065,1.8365,2.1759,2.8239,2.1811,-2.431,-2.2991,-2.7065
1.365,1.781,2.1545,2.7978,2.1505,-2.3968,-2.2693,-2.6725
1.3229,1.725,2.1322,2.7702,2.1189,-2.3615,-2.2385,-2.6371
1.2802,1.6685,2.1091,2.7412,2.0865,-2.3251,-2.2067,-2.6004
1.2368,1.6116,2.085,2.7107,2.0533,-2.2876,-2.1741,-2.5623
1.193,1.5543,2.0601,2.6787,2.0192,-2.2492,-2.1406,-2.523
1.1486,1.4968,2.0342,2.6455,1.9843,-2.2098,-2.1062,-2.4824
1.1036,1.439,2.0076,2.6108,1.9486,-2.1695,-2.071,-2.4406
1.0582,1.3811,1.98,2.5749,1.9121,-2.1283,-2.0349,-2.3977
1.0123,1.3229,1.9516,2.5377,1.8748,-2.0862,-1.9981,-2.3536
0.96594,1.2647,1.9223,2.4993,1.8368,-2.0434,-1.9604,-2.3085
0.91914,1.2065,1.8922,2.4597,1.7981,-1.9997,-1.9221,-2.2623
0.87192,1.1482,1.8612,2.419,1.7587,-1.9553,-1.883,-2.2152
0.82431,1.09,1.8295,2.3772,1.7187,-1.9103,-1.8432,-2.1672
0.77634,1.0319,1.7968,2.3343,1.678,-1.8646,-1.8028,-2.1182
0.72802,0.97394,1.7634,2.2904,1.6366,-1.8182,-1.7617,-2.0684
0.67939,0.91618,1.7292,2.2455,1.5947,-1.7713,-1.72,-2.0179
0.63046,0.85867,1.6942,2.1997,1.5523,-1.7239,-1.6778,-1.9666
0.58126,0.80145,1.6585,2.153,1.5093,-1.676,-1.635,-1.9146
0.53182,0.74457,1.6219,2.1054,1.4658,-1.6276,-1.5917,-1.862
0.48217,0.68807,1.5847,2.0571,1.4218,-1.5788,-1.5479,-1.8089
0.43232,0.63201,1.5467,2.008,1.3774,-1.5297,-1.5036,-1.7552
0.38231,0.57642,1.508,1.9583,1.3326,-1.4803,-1.459,-1.701
0.33217,0.52136,1.4686,1.9079,1.2873,-1.4306,-1.414,-1.6464
0.28191,0.46685,1.4285,1.8569,1.2417,-1.3806,-1.3686,-1.5915
0.23158,0.41296,1.3878,1.8053,1.1958,-1.3305,-1.3229,-1.5362
0.18119,0.35971,1.3465,1.7532,1.1496,-1.2802,-1.2769,-1.4807
0.13077,0.30714,1.3045,1.7007,1.1031,-1.2299,-1.2307,-1.4251
0.080354,0.25531,1.2619,1.6477,1.0564,-1.1795,-1.1843,-1.3692
0.029966,0.20424,1.2188,1.5944,1.0095,-1.1291,-1.1377,-1.3133
-0.020365,0.15398,1.1751,1.5408,0.9624,-1.0787,-1.0909,-1.2574
-0.070611,0.10456,1.1309,1.487,0.91517,-1.0284,-1.0441,-1.2014
-0.12075,0.056024,1.0863,1.4329,0.86784,-0.97816,-0.99718,-1.1456
-0.17074,0.0083966,1.0411,1.3786,0.82043,-0.92813,-0.95022,-1.0899
-0.22057,-0.038285,0.99547,1.3243,0.77297,-0.8783,-0.90326,-1.0343
-0.2702,-0.083988,0.94943,1.2698,0.72551,-0.82872,-0.85634,-0.97903
-0.31961,-0.12868,0.90299,1.2154,0.67807,-0.77942,-0.80948,-0.92403
-0.36877,-0.17233,0.85619,1.161,0.63068,-0.73044,-0.76273,-0.86938
-0.41765,-0.21492,0.80904,1.1066,0.58338,-0.68184,-0.71611,-0.81513
-0.46624,-0.25641,0.76157,1.0524,0.5362,-0.63364,-0.66967,-0.76133
-0.51449,-0.29678,0.71382,0.99838,0.48917,-0.58588,-0.62344,-0.70802
-0.56239,-0.33601,0.66581,0.94456,0.44232,-0.53861,-0.57745,-0.65527
-0.60991,-0.37407,0.61757,0.89099,0.39568,-0.49186,-0.53174,-0.60312
-0.65702,-0.41093,0.56913,0.83774,0.34929,-0.44567,-0.48633,-0.55161
-0.70371,-0.4466,0.52052,0.78483,0.30318,-0.40007,-0.44126,-0.5008
-0.74994,-0.48103,0.47176,0.73233,0.25737,-0.3551,-0.39657,-0.45073
-0.79569,-0.51422,0.4229,0.68026,0.21191,-0.31079,-0.35229,-0.40145
-0.84095,-0.54615,0.37397,0.62868,0.16681,-0.26718,-0.30844,-0.353
-0.88568,-0.57681,0.32498,0.57763,0.12211,-0.2243,-0.26506,-0.30543
-0.92987,-0.60619,0.27597,0.52713,0.07783,-0.18218,-0.22218,-0.25877
-0.97349,-0.63428,0.22698,0.47725,0.034011,-0.14086,-0.17983,-0.21307
-1.0165,-0.66106,0.17803,0.42801,-0.009325,-0.10036,-0.13804,-0.16836
-1.059,-0.68654,0.12915,0.37946,-0.052149,-0.060702,-0.096841,-0.12469
-1.1008,-0.7107,0.080385,0.33162,-0.094436,-0.021926,-0.056254,-0.082092
-1.142,-0.73355,0.031754,0.28454,-0.13616,0.015946,-0.01631,-0.040597
-1.1825,-0.75508,-0.01671,0.23826,-0.17729,0.05289,0.022965,-0.0002415
-1.2223,-0.7753,-0.064975,0.1928,-0.2178,0.088881,0.061546,0.038944
-1.2615,-0.7942,-0.11301,0.14821,-0.25768,0.1239,0.099407,0.076928
-1.2999,-0.8118,-0.16079,0.1045,-0.29689,0.15792,0.13652,0.11368
-1.3377,-0.82808,-0.20827,0.061723,-0.33542,0.19092,0.17288,0.14918
-1.3747,-0.84308,-0.25544,0.019894,-0.37324,0.22289,0.20844,0.1834
-1.4109,-0.85678,-0.30225,-0.020954,-0.41033,0.25381,0.2432,0.21631
-1.4464,-0.86921,-0.34869,-0.060794,-0.44668,0.28365,0.27712,0.2479
-1.4812,-0.88038,-0.39471,-0.099601,-0.48225,0.31242,0.3102,0.27814
-1.5151,-0.8903,-0.4403,-0.13735,-0.51704,0.34009,0.34241,0.30702
-1.5483,-0.89899,-0.48543,-0.17402,-0.55103,0.36666,0.37374,0.33451
-1.5808,-0.90646,-0.53006,-0.20958,-0.5842,0.39211,0.40417,0.36062
-1.6124,-0.91274,-0.57417,-0.24403,-0.61653,0.41643,0.43369,0.38532
-1.6432,-0.91784,-0.61773,-0.27733,-0.64801,0.43962,0.46228,0.4086
-1.6732,-0.92179,-0.66073,-0.30948,-0.67864,0.46168,0.48994,0.43046
-1.7024,-0.92462,-0.70312,-0.34045,-0.70839,0.48259,0.51664,0.45089
-1.7309,-0.92634,-0.74489,-0.37024,-0.73725,0.50236,0.54239,0.46989
-1.7585,-0.92699,-0.78601,-0.39882,-0.76522,0.52098,0.56717,0.48745
-1.7853,-0.9266,-0.82646,-0.42619,-0.79229,0.53846,0.59098,0.50358
-1.8113,-0.92519,-0.86622,-0.45235,-0.81845,0.5548,0.6138,0.51827
-1.8365,-0.9228,-0.90527,-0.47727,-0.84369,0.57,0.63564,0.53154
-1.8609,-0.91945,-0.94357,-0.50096,-0.86801,0.58407,0.6565,0.54338
-1.8845,-0.91519,-0.98113,-0.52341,-0.89141,0.59701,0.67636,0.5538
-1.9073,-0.91005,-1.0179,-0.54462,-0.91388,0.60883,0.69523,0.56282
-1.9293,-0.90406,-1.0539,-0.56458,-0.93542,0.61955,0.71311,0.57045
-1.9505,-0.89726,-1.0891,-0.5833,-0.95603,0.62917,0.73001,0.5767
-1.971,-0.88969,-1.1234,-0.60078,-0.97571,0.6377,0.74592,0.58158
-1.9907,-0.88139,-1.1569,-0.61702,-0.99446,0.64517,0.76085,0.58512
-2.0097,-0.8724,-1.1896,-0.63202,-1.0123,0.65158,0.77481,0.58734
-2.0279,-0.86276,-1.2213,-0.6458,-1.0292,0.65696,0.7878,0.58825
-2.0453,-0.8525,-1.2522,-0.65835,-1.0452,0.66132,0.79983,0.58788
-2.062,-0.84169,-1.2822,-0.6697,-1.0603,0.66468,0.81092,0.58626
-2.0781,-0.83034,-1.3113,-0.67985,-1.0745,0.66707,0.82106,0.58341
-2.0934,-0.81852,-1.3395,-0.68881,-1.0878,0.6685,0.83029,0.57936
-2.108,-0.80625,-1.3668,-0.69659,-1.1002,0.669,0.8386,0.57414
-2.122,-0.7936,-1.3931,-0.70322,-1.1118,0.6686,0.84602,0.56778
-2.1353,-0.78059,-1.4185,-0.70871,-1.1225,0.66733,0.85255,0.56033
-2.1479,-0.76728,-1.443,-0.71308,-1.1324,0.6652,0.85823,0.5518
-2.1599,-0.75371,-1.4665,-0.71634,-1.1414,0.66225,0.86306,0.54224
-2.1713,-0.73993,-1.4891,-0.71853,-1.1496,0.65851,0.86706,0.53169
-2.1821,-0.72597,-1.5107,-0.71965,-1.157,0.65401,0.87027,0.52019
-2.1923,-0.71189,-1.5314,-0.71974,-1.1637,0.64878,0.87269,0.50777
-2.2019,-0.69773,-1.5511,-0.71882,-1.1696,0.64285,0.87435,0.49448
-2.211,-0.68353,-1.5699,-0.71691,-1.1747,0.63626,0.87527,0.48037
-2.2195,-0.66934,-1.5878,-0.71405,-1.1792,0.62904,0.87548,0.46547
-2.2275,-0.6552,-1.6047,-0.71026,-1.1829,0.62123,0.87501,0.44983
-2.235,-0.64115,-1.6207,-0.70557,-1.1859,0.61287,0.87388,0.43349
-2.242,-0.62724,-1.6358,-0.70001,-1.1883,0.60398,0.87212,0.41651
-2.2486,-0.61351,-1.6499,-0.69361,-1.1901,0.59461,0.86975,0.39894
-2.2546,-0.59999,-1.6632,-0.68641,-1.1912,0.58479,0.86681,0.38081
-2.2603,-0.58674,-1.6755,-0.67844,-1.1918,0.57457,0.86332,0.36218
-2.2655,-0.57378,-1.687,-0.66973,-1.1918,0.56397,0.85931,0.34309
-2.2703,-0.56117,-1.6976,-0.66031,-1.1913,0.55305,0.85482,0.32361
-2.2748,-0.54893,-1.7073,-0.65023,-1.1903,0.54183,0.84988,0.30377
-2.2788,-0.53711,-1.7162,-0.63952,-1.1887,0.53036,0.84451,0.28364
-2.2825,-0.52574,-1.7242,-0.62822,-1.1868,0.51868,0.83875,0.26325
-2.2859,-0.51485,-1.7314,-0.61636,-1.1844,0.50683,0.83264,0.24266
-2.2889,-0.50448,-1.7378,-0.60398,-1.1816,0.49484,0.82619,0.22193
-2.2917,-0.49466,-1.7434,-0.59113,-1.1784,0.48276,0.81946,0.2011
-2.2941,-0.48543,-1.7482,-0.57783,-1.1749,0.47062,0.81246,0.18023
-2.2963,-0.47681,-1.7523,-0.56413,-1.171,0.45847,0.80524,0.15936
-2.2982,-0.46883,-1.7557,-0.55007,-1.1669,0.44633,0.79783,0.13855
-2.2998,-0.46153,-1.7583,-0.53568,-1.1625,0.43426,0.79026,0.11784
-2.3013,-0.45492,-1.7602,-0.52101,-1.1579,0.42229,0.78256,0.097298
-2.3025,-0.44903,-1.7615,-0.5061,-1.153,0.41045,0.77476,0.076959
-2.3034,-0.44389,-1.762,-0.49099,-1.148,0.39879,0.76691,0.056876
-2.3042,-0.43951,-1.762,-0.47571,-1.1429,0.38733,0.75903,0.037098
-2.3048,-0.43593,-1.7613,-0.4603,-1.1376,0.37612,0.75116,0.017673
-2.3052,-0.43315,-1.7601,-0.44481,-1.1322,0.36519,0.74332,-0.0013527
-2.3055,-0.4312,-1.7583,-0.42928,-1.1267,0.35458,0.73556,-0.019932
-2.3056,-0.43008,-1.7559,-0.41373,-1.1212,0.34432,0.7279,-0.038019
-2.3056,-0.42983,-1.753,-0.39822,-1.1157,0.33443,0.72037,-0.055571
-2.3054,-0.43044,-1.7496,-0.38278,-1.1102,0.32496,0.713,-0.072542
-2.3051,-0.43194,-1.7457,-0.36744,-1.1047,0.31593,0.70583,-0.088891
-2.3047,-0.43432,-1.7414,-0.35225,-1.0993,0.30738,0.69888,-0.10458
-2.3042,-0.43761,-1.7366,-0.33724,-1.094,0.29933,0.69219,-0.11956
-2.3035,-0.44181,-1.7315,-0.32244,-1.0887,0.2918,0.68578,-0.1338
-2.3028,-0.44692,-1.7259,-0.3079,-1.0836,0.28484,0.67967,-0.14725
-2.302,-0.45295,-1.72,-0.29364,-1.0787,0.27846,0.6739,-0.1599
-2.3011,-0.45989,-1.7137,-0.27971,-1.0739,0.27268,0.66849,-0.17168
-2.3001,-0.46777,-1.7072,-0.26612,-1.0693,0.26753,0.66347,-0.18259
-2.299,-0.47656,-1.7003,-0.25292,-1.065,0.26304,0.65885,-0.19257
-2.2979,-0.48627,-1.6932,-0.24014,-1.0608,0.25922,0.65467,-0.20161
-2.2967,-0.49691,-1.6858,-0.22781,-1.057,0.25608,0.65095,-0.20966
-2.2954,-0.50845,-1.6782,-0.21595,-1.0533,0.25366,0.6477,-0.21672
-2.2941,-0.52091,-1.6704,-0.20459,-1.05,0.25197,0.64495,-0.22274
-2.2927,-0.53427,-1.6625,-0.19377,-1.047,0.25102,0.64272,-0.2277
-2.2912,-0.54852,-1.6543,-0.18351,-1.0443,0.25082,0.64102,-0.23158
-2.2896,-0.56365,-1.6461,-0.17383,-1.0419,0.25139,0.63988,-0.23437
-2.288,-0.57966,-1.6377,-0.16475,-1.0399,0.25274,0.6393,-0.23603
-2.2864,-0.59653,-1.6292,-0.15631,-1.0382,0.25488,0.63931,-0.23656
-2.2846,-0.61424,-1.6207,-0.14853,-1.0369,0.25782,0.63992,-0.23593
-2.2828,-0.6328,-1.6121,-0.14142,-1.036,0.26157,0.64113,-0.23413
-2.281,-0.65217,-1.6035,-0.135,-1.0355,0.26613,0.64297,-0.23115
-2.279,-0.67234,-1.5948,-0.12929,-1.0354,0.2715,0.64544,-0.22698
-2.277,-0.6933,-1.5862,-0.12432,-1.0356,0.2777,0.64855,-0.22161
-2.2749,-0.71502,-1.5775,-0.12009,-1.0363,0.28472,0.65231,-0.21502
-2.2727,-0.73749,-1.5689,-0.11662,-1.0375,0.29256,0.65672,-0.20723
-2.2705,-0.76069,-1.5604,-0.11393,-1.039,0.30122,0.6618,-0.19821
-2.2681,-0.78459,-1.5519,-0.11203,-1.041,0.3107,0.66755,-0.18797
-2.2657,-0.80918,-1.5435,-0.11093,-1.0434,0.321,0.67396,-0.17651
-2.2632,-0.83442,-1.5352,-0.11063,-1.0462,0.33211,0.68105,-0.16383
-2.2605,-0.86031,-1.527,-0.11116,-1.0495,0.34402,0.68881,-0.14993
-2.2578,-0.8868,-1.519,-0.11252,-1.0533,0.35674,0.69725,-0.13481
-2.2549,-0.91388,-1.511,-0.11471,-1.0574,0.37024,0.70636,-0.11849
-2.2519,-0.94152,-1.5033,-0.11773,-1.062,0.38453,0.71614,-0.10096
-2.2489,-0.96969,-1.4957,-0.12161,-1.067,0.39959,0.72659,-0.082246
-2.2456,-0.99838,-1.4882,-0.12633,-1.0725,0.41541,0.7377,-0.062348
-2.2423,-1.0275,-1.4809,-0.1319,-1.0784,0.43197,0.74947,-0.041282
-2.2388,-1.0571,-1.4739,-0.13833,-1.0847,0.44927,0.76189,-0.019061
-2.2351,-1.0872,-1.467,-0.14561,-1.0914,0.46729,0.77496,0.0042994
-2.2313,-1.1176,-1.4604,-0.15373,-1.0986,0.48601,0.78866,0.028782
-2.2274,-1.1484,-1.4539,-0.16271,-1.1061,0.50542,0.80298,0.054369
-2.2232,-1.1795,-1.4477,-0.17253,-1.1141,0.52549,0.81792,0.081041
-2.2189,-1.211,-1.4417,-0.18319,-1.1224,0.54622,0.83347,0.10878
-2.2145,-1.2426,-1.436,-0.19469,-1.1312,0.56757,0.84961,0.13755
-2.2098,-1.2746,-1.4305,-0.20702,-1.1402,0.58954,0.86633,0.16735
-2.2049,-1.3067,-1.4252,-0.22017,-1.1497,0.61209,0.88361,0.19813
-2.1999,-1.3391,-1.4202,-0.23414,-1.1595,0.63521,0.90145,0.22988
-2.1946,-1.3715,-1.4154,-0.24891,-1.1696,0.65888,0.91982,0.26257
-2.1891,-1.4041,-1.4109,-0.26448,-1.1801,0.68307,0.93871,0.29618
-2.1834,-1.4368,-1.4067,-0.28083,-1.1909,0.70776,0.9581,0.33066
-2.1775,-1.4695,-1.4027,-0.29796,-1.202,0.73292,0.97797,0.36599
-2.1713,-1.5023,-1.399,-0.31584,-1.2133,0.75854,0.99832,0.40215
-2.165,-1.535,-1.3955,-0.33448,-1.225,0.78458,1.0191,0.43908
-2.1583,-1.5677,-1.3924,-0.35384,-1.2369,0.81101,1.0403,0.47678
-2.1514,-1.6003,-1.3895,-0.37393,-1.249,0.83783,1.062,0.51519
-2.1443,-1.6328,-1.3868,-0.39471,-1.2614,0.86498,1.084,0.55428
-2.1369,-1.6652,-1.3844,-0.41619,-1.274,0.89246,1.1064,0.59402
-2.1292,-1.6974,-1.3823,-0.43833,-1.2868,0.92023,1.1291,0.63437
-2.1212,-1.7294,-1.3804,-0.46112,-1.2998,0.94826,1.1521,0.6753
-2.113,-1.7611,-1.3788,-0.48455,-1.3129,0.97653,1.1755,0.71676
-2.1045,-1.7926,-1.3775,-0.50859,-1.3262,1.005,1.1991,0.75872
-2.0956,-1.8238,-1.3764,-0.53322,-1.3396,1.0337,1.223,0.80114
-2.0865,-1.8547,-1.3755,-0.55843,-1.3531,1.0625,1.2471,0.84398
-2.0771,-1.8852,-1.3749,-0.58419,-1.3668,1.0914,1.2715,0.88719
-2.0674,-1.9153,-1.3746,-0.61048,-1.3805,1.1205,1.296,0.93075
-2.0573,-1.945,-1.3745,-0.63729,-1.3942,1.1496,1.3207,0.9746
-2.047,-1.9742,-1.3746,-0.66457,-1.4081,1.1787,1.3455,1.0187
-2.0363,-2.003,-1.3749,-0.69233,-1.4219,1.2079,1.3704,1.063
-2.0253,-2.0312,-1.3755,-0.72052,-1.4358,1.237,1.3955,1.1075
-2.0139,-2.0589,-1.3763,-0.74914,-1.4496,1.2662,1.4206,1.1522
-2.0023,-2.086,-1.3773,-0.77815,-1.4634,1.2952,1.4457,1.1969
-1.9902,-2.1125,-1.3785,-0.80752,-1.4772,1.3241,1.4709,1.2417
-1.9779,-2.1384,-1.3799,-0.83724,-1.491,1.3529,1.496,1.2865
-1.9652,-2.1637,-1.3815,-0.86729,-1.5046,1.3816,1.5211,1.3312
-1.9521,-2.1882,-1.3833,-0.89762,-1.5181,1.4101,1.5462,1.3759
-1.9387,-2.2121,-1.3853,-0.92823,-1.5316,1.4383,1.5712,1.4205
-1.9249,-2.2352,-1.3874,-0.95908,-1.5449,1.4664,1.5961,1.4649
-1.9107,-2.2576,-1.3897,-0.99014,-1.5581,1.4942,1.6208,1.5091
-1.8962,-2.2791,-1.3922,-1.0214,-1.5711,1.5217,1.6455,1.5531
-1.8813,-2.2999,-1.3948,-1.0528,-1.5839,1.5489,1.6699,1.5968
-1.866,-2.3198,-1.3975,-1.0844,-1.5965,1.5757,1.6941,1.6402
-1.8504,-2.3388,-1.4004,-1.116,-1.6089,1.6022,1.7181,1.6832
-1.8344,-2.357,-1.4034,-1.1478,-1.6211,1.6283,1.7419,1.7258
-1.8179,-2.3742,-1.4065,-1.1796,-1.6331,1.654,1.7654,1.768
-1.8011,-2.3905,-1.4098,-1.2114,-1.6448,1.6793,1.7887,1.8097
-1.784,-2.4059,-1.4131,-1.2433,-1.6562,1.7041,1.8116,1.8509
-1.7664,-2.4203,-1.4165,-1.2751,-1.6673,1.7285,1.8342,1.8916
-1.7484,-2.4337,-1.42,-1.3069,-1.6781,1.7524,1.8564,1.9317
-1.73,-2.446,-1.4236,-1.3386,-1.6886,1.7757,1.8783,1.9711
-1.7112,-2.4573,-1.4272,-1.3701,-1.6988,1.7985,1.8997,2.01
-1.6921,-2.4676,-1.4309,-1.4016,-1.7086,1.8208,1.9208,2.0481
-1.6725,-2.4768,-1.4346,-1.4329,-1.7181,1.8425,1.9414,2.0855
-1.6525,-2.4849,-1.4384,-1.464,-1.7272,1.8636,1.9616,2.1221
-1.6321,-2.4919,-1.4422,-1.4948,-1.7359,1.8841,1.9813,2.158
-1.6113,-2.4977,-1.446,-1.5255,-1.7442,1.9039,2.0005,2.193
-1.59,-2.5024,-1.4498,-1.5558,-1.7521,1.9231,2.0191,2.2272
-1.5684,-2.506,-1.4535,-1.5859,-1.7596,1.9417,2.0373,2.2605
-1.5463,-2.5084,-1.4573,-1.6157,-1.7667,1.9595,2.0549,2.2929
-1.5238,-2.5096,-1.461,-1.6451,-1.7733,1.9767,2.072,2.3244
-1.5009,-2.5096,-1.4647,-1.6741,-1.7794,1.9932,2.0884,2.3549
-1.4776,-2.5083,-1.4684,-1.7027,-1.7851,2.0089,2.1043,2.3844
-1.4538,-2.5059,-1.472,-1.7309,-1.7903,2.0239,2.1195,2.4129
-1.4296,-2.5022,-1.4755,-1.7586,-1.7951,2.0382,2.1342,2.4404
-1.405,-2.4973,-1.4789,-1.7859,-1.7993,2.0517,2.1481,2.4668
-1.3799,-2.4912,-1.4822,-1.8127,-1.8031,2.0644,2.1614,2.4921
-1.3544,-2.4837,-1.4854,-1.8389,-1.8063,2.0763,2.1741,2.5163
-1.3285,-2.4751,-1.4885,-1.8646,-1.809,2.0875,2.186,2.5394
-1.3021,-2.4651,-1.4915,-1.8897,-1.8112,2.0978,2.1973,2.5614
-1.2753,-2.4539,-1.4943,-1.9142,-1.8128,2.1073,2.2078,2.5822
-1.2481,-2.4414,-1.497,-1.9381,-1.8139,2.116,2.2176,2.6018
-1.2204,-2.4276,-1.4994,-1.9613,-1.8145,2.1239,2.2267,2.6202
-1.1923,-2.4125,-1.5018,-1.9839,-1.8144,2.131,2.235,2.6375
-1.1637,-2.3962,-1.5039,-2.0058,-1.8139,2.1371,2.2426,2.6535
-1.1347,-2.3785,-1.5058,-2.027,-1.8127,2.1425,2.2493,2.6682
-1.1053,-2.3596,-1.5075,-2.0474,-1.811,2.147,2.2553,2.6817
-1.0754,-2.3394,-1.5089,-2.0671,-1.8086,2.1506,2.2605,2.694
-1.0451,-2.3179,-1.5101,-2.0861,-1.8057,2.1533,2.2649,2.705
-1.0143,-2.2952,-1.5111,-2.1042,-1.8022,2.1552,2.2685,2.7147
-0.98305,-2.2712,-1.5118,-2.1215,-1.7981,2.1562,2.2712,2.7232
-0.95138,-2.2459,-1.5122,-2.138,-1.7934,2.1563,2.2732,2.7303
-0.91926,-2.2194,-1.5123,-2.1537,-1.788,2.1556,2.2743,2.7362
-0.8867,-2.1917,-1.5121,-2.1685,-1.7821,2.1539,2.2745,2.7408
-0.8537,-2.1627,-1.5115,-2.1824,-1.7755,2.1514,2.2739,2.744
-0.82026,-2.1325,-1.5107,-2.1954,-1.7683,2.148,2.2724,2.746
-0.78638,-2.1011,-1.5094,-2.2076,-1.7604,2.1437,2.2701,2.7467
-0.75206,-2.0685,-1.5079,-2.2188,-1.7519,2.1385,2.2668,2.746
-0.7173,-2.0347,-1.5059,-2.229,-1.7428,2.1324,2.2627,2.7441
-0.68211,-1.9998,-1.5035,-2.2383,-1.733,2.1254,2.2578,2.7408
-0.64649,-1.9637,-1.5008,-2.2467,-1.7226,2.1176,2.2519,2.7363
-0.61044,-1.9265,-1.4976,-2.2541,-1.7116,2.1089,2.2452,2.7304
-0.57397,-1.8881,-1.494,-2.2605,-1.6999,2.0992,2.2375,2.7233
-0.53708,-1.8487,-1.49,-2.2659,-1.6875,2.0887,2.229,2.7149
-0.49977,-1.8083,-1.4855,-2.2703,-1.6745,2.0774,2.2195,2.7052
-0.46205,-1.7668,-1.4805,-2.2737,-1.6608,2.0651,2.2092,2.6943
-0.42392,-1.7242,-1.475,-2.2761,-1.6464,2.052,2.1979,2.682
-0.38539,-1.6807,-1.4691,-2.2774,-1.6314,2.0381,2.1857,2.6686
-0.34647,-1.6362,-1.4626,-2.2778,-1.6157,2.0232,2.1727,2.6538
-0.30717,-1.5908,-1.4556,-2.2771,-1.5994,2.0076,2.1587,2.6379
-0.26748,-1.5445,-1.4481,-2.2754,-1.5823,1.991,2.1438,2.6208
-0.22742,-1.4973,-1.44,-2.2726,-1.5647,1.9737,2.128,2.6024
-0.187,-1.4492,-1.4314,-2.2688,-1.5463,1.9555,2.1113,2.5828
-0.14622,-1.4003,-1.4222,-2.264,-1.5273,1.9365,2.0937,2.5621
-0.10509,-1.3507,-1.4124,-2.2581,-1.5076,1.9167,2.0752,2.5402
-0.063635,-1.3002,-1.4021,-2.2512,-1.4873,1.8961,2.0559,2.5172
-0.021851,-1.2491,-1.3911,-2.2432,-1.4662,1.8747,2.0356,2.4931
0.020246,-1.1973,-1.3795,-2.2342,-1.4446,1.8525,2.0144,2.4678
0.062644,-1.1448,-1.3673,-2.2242,-1.4222,1.8295,1.9923,2.4415
0.10533,-1.0917,-1.3544,-2.2131,-1.3992,1.8058,1.9694,2.414
0.14829,-1.038,-1.3409,-2.2011,-1.3756,1.7813,1.9456,2.3856
0.19151,-0.98384,-1.3268,-2.188,-1.3513,1.7561,1.9209,2.3561
0.23498,-0.92913,-1.312,-2.1739,-1.3263,1.7301,1.8953,2.3256
0.27868,-0.87397,-1.2965,-2.1588,-1.3007,1.7035,1.8689,2.2941
0.3226,-0.81838,-1.2803,-2.1427,-1.2745,1.6761,1.8417,2.2617
0.36671,-0.76241,-1.2635,-2.1256,-1.2476,1.6481,1.8136,2.2283
0.41101,-0.70611,-1.2459,-2.1076,-1.2201,1.6194,1.7847,2.1941
0.45546,-0.6495,-1.2277,-2.0886,-1.192,1.59,1.7549,2.1589
0.50006,-0.59264,-1.2088,-2.0687,-1.1633,1.56,1.7244,2.1229
0.54478,-0.53555,-1.1891,-2.0479,-1.1339,1.5294,1.6931,2.086
0.58961,-0.4783,-1.1688,-2.0261,-1.104,1.4982,1.6609,2.0484
0.63452,-0.42091,-1.1477,-2.0034,-1.0734,1.4664,1.628,2.0099
0.67949,-0.36344,-1.1259,-1.9799,-1.0423,1.434,1.5944,1.9708
0.7245,-0.30592,-1.1034,-1.9554,-1.0106,1.4011,1.56,1.9309
0.76952,-0.2484,-1.0801,-1.9302,-0.97837,1.3676,1.5248,1.8903
0.81454,-0.19091,-1.0562,-1.9041,-0.94557,1.3336,1.489,1.849
0.85953,-0.13351,-1.0315,-1.8771,-0.91222,1.2991,1.4524,1.8071
0.90445,-0.076232,-1.0061,-1.8494,-0.87834,1.2642,1.4152,1.7646
0.9493,-0.019124,-0.97993,-1.821,-0.84395,1.2288,1.3773,1.7216
0.99403,0.037774,-0.95309,-1.7917,-0.80905,1.1929,1.3387,1.678
1.0386,0.094419,-0.92553,-1.7618,-0.77367,1.1567,1.2996,1.6338
1.0831,0.15077,-0.89727,-1.7311,-0.73781,1.12,1.2598,1.5893
1.1273,0.20678,-0.8683,-1.6997,-0.70149,1.083,1.2194,1.5442
1.1713,0.26242,-0.83863,-1.6677,-0.66473,1.0457,1.1784,1.4988
1.2151,0.31763,-0.80828,-1.6351,-0.62755,1.008,1.1369,1.453
1.2586,0.37238,-0.77725,-1.6018,-0.58996,0.96998,1.0949,1.4068
1.3018,0.42664,-0.74555,-1.568,-0.55198,0.9317,1.0524,1.3603
1.3447,0.48035,-0.71318,-1.5336,-0.51362,0.89318,1.0093,1.3136
1.3872,0.53349,-0.68017,-1.4986,-0.47492,0.85442,0.96585,1.2666
1.4293,0.586,-0.64652,-1.4632,-0.43588,0.81545,0.92193,1.2194
1.471,0.63787,-0.61224,-1.4272,-0.39654,0.7763,0.87761,1.172
1.5122,0.68904,-0.57736,-1.3908,-0.3569,0.73698,0.8329,1.1244
1.5529,0.73948,-0.54188,-1.354,-0.317,0.69754,0.78783,1.0768
1.5931,0.78916,-0.50583,-1.3168,-0.27685,0.65798,0.74242,1.0291
1.6328,0.83803,-0.46921,-1.2792,-0.23647,0.61833,0.69672,0.98132
1.6718,0.88608,-0.43206,-1.2412,-0.19591,0.57863,0.65073,0.93356
1.7103,0.93326,-0.39438,-1.2029,-0.15516,0.53888,0.6045,0.88582
1.7481,0.97955,-0.3562,-1.1644,-0.11427,0.49913,0.55804,0.83814
1.7852,1.0249,-0.31753,-1.1255,-0.073258,0.45939,0.5114,0.79055
1.8216,1.0693,-0.27841,-1.0865,-0.032147,0.41969,0.46459,0.74309
1.8573,1.1127,-0.23886,-1.0472,0.0090344,0.38005,0.41765,0.69579
1.8922,1.1551,-0.19889,-1.0078,0.050259,0.3405,0.37061,0.64869
1.9263,1.1965,-0.15854,-0.96816,0.091499,0.30107,0.3235,0.60181
1.9596,1.2368,-0.11783,-0.92844,0.13273,0.26177,0.27635,0.55519
1.992,1.2759,-0.076788,-0.88863,0.17391,0.22264,0.2292,0.50887
2.0235,1.314,-0.03544,-0.84875,0.21503,0.1837,0.18206,0.46286
2.0541,1.351,0.0061837,-0.80884,0.25605,0.14497,0.13499,0.41722
2.0837,1.3868,0.048054,-0.76892,0.29695,0.10648,0.087997,0.37196
2.1124,1.4214,0.09014,-0.72901,0.33768,0.068248,0.041131,0.32712
2.14,1.4548,0.13241,-0.68915,0.37823,0.030304,-0.0055818,0.28273
2.1666,1.487,0.17483,-0.64936,0.41856,-0.0073296,-0.052107,0.23882
2.1922,1.518,0.21738,-0.60968,0.45865,-0.04463,-0.098413,0.19541
2.2167,1.5477,0.26001,-0.57012,0.49845,-0.081574,-0.14447,0.15254
2.24,1.5762,0.3027,-0.53071,0.53795,-0.11814,-0.19023,0.11024
2.2623,1.6034,0.3454,-0.49149,0.57711,-0.1543,-0.23568,0.068531
2.2833,1.6293,0.38809,-0.45246,0.6159,-0.19004,-0.28077,0.027443
2.3032,1.654,0.43073,-0.41367,0.65429,-0.22533,-0.32548,-0.012998
2.3219,1.6773,0.47329,-0.37514,0.69225,-0.26015,-0.36977,-0.052767
2.3394,1.6993,0.51572,-0.33688,0.72975,-0.29448,-0.41361,-0.091837
2.3557,1.7201,0.55799,-0.29893,0.76675,-0.32831,-0.45696,-0.13018
2.3707,1.7395,0.60006,-0.26131,0.80324,-0.3616,-0.4998,-0.16778
2.3844,1.7576,0.6419,-0.22403,0.83917,-0.39434,-0.54208,-0.20462
2.3968,1.7744,0.68347,-0.18714,0.87453,-0.42652,-0.58379,-0.24066
2.4079,1.7899,0.72473,-0.15064,0.90927,-0.4581,-0.62488,-0.27588
2.4177,1.804,0.76564,-0.11455,0.94338,-0.48908,-0.66533,-0.31028
2.4262,1.8169,0.80617,-0.078909,0.97682,-0.51943,-0.70511,-0.34382
2.4333,1.8284,0.84628,-0.043726,1.0096,-0.54914,-0.74418,-0.37649
2.4391,1.8387,0.88592,-0.0090226,1.0416,-0.5782,-0.78251,-0.40827
2.4435,1.8476,0.92507,0.025181,1.0728,-0.60658,-0.82008,-0.43915
2.4466,1.8553,0.96368,0.058865,1.1033,-0.63427,-0.85686,-0.4691
2.4482,1.8616,1.0017,0.092012,1.133,-0.66125,-0.89282,-0.49812
2.4486,1.8667,1.0391,0.1246,1.1619,-0.68752,-0.92792,-0.52619
2.4475,1.8706,1.0759,0.15662,1.1899,-0.71305,-0.96215,-0.55329
2.445,1.8732,1.112,0.18805,1.217,-0.73784,-0.99548,-0.57942
2.4412,1.8745,1.1474,0.21888,1.2432,-0.76187,-1.0279,-0.60456
2.4359,1.8747,1.182,0.24909,1.2685,-0.78513,-1.0593,-0.62871
2.4293,1.8736,1.2159,0.27866,1.2929,-0.80761,-1.0898,-0.65185
2.4214,1.8713,1.2489,0.30758,1.3163,-0.82931,-1.1193,-0.67398
2.412,1.8679,1.281,0.33584,1.3387,-0.8502,-1.1477,-0.6951
2.4013,1.8633,1.3122,0.36343,1.3601,-0.87028,-1.1751,-0.71518
2.3892,1.8576,1.3426,0.39033,1.3805,-0.88955,-1.2015,-0.73424
2.3758,1.8508,1.3719,0.41653,1.3998,-0.90799,-1.2267,-0.75227
2.361,1.8429,1.4003,0.44203,1.418,-0.9256,-1.2509,-0.76926
2.3449,1.8339,1.4277,0.4668,1.4352,-0.94238,-1.2739,-0.78521
2.3275,1.8238,1.454,0.49085,1.4513,-0.95831,-1.2958,-0.80013
2.3088,1.8128,1.4792,0.51417,1.4663,-0.9734,-1.3165,-0.81401
2.2888,1.8007,1.5033,0.53674,1.4802,-0.98764,-1.3361,-0.82687
2.2676,1.7877,1.5263,0.55856,1.493,-1.001,-1.3545,-0.83869
2.2451,1.7737,1.5481,0.57962,1.5046,-1.0136,-1.3717,-0.84948
2.2213,1.7588,1.5688,0.59993,1.5151,-1.0252,-1.3877,-0.85925
2.1964,1.743,1.5882,0.61946,1.5244,-1.0361,-1.4025,-0.86801
2.1703,1.7264,1.6064,0.63822,1.5326,-1.046,-1.4161,-0.87576
2.143,1.7089,1.6234,0.65621,1.5396,-1.0551,-1.4284,-0.88252
2.1145,1.6906,1.6391,0.67343,1.5454,-1.0634,-1.4395,-0.88828
2.085,1.6715,1.6535,0.68986,1.5501,-1.0708,-1.4494,-0.89306
2.0544,1.6517,1.6666,0.70551,1.5535,-1.0773,-1.458,-0.89687
2.0227,1.6311,1.6784,0.72038,1.5558,-1.083,-1.4654,-0.89973
1.9899,1.6098,1.6888,0.73447,1.5569,-1.0879,-1.4715,-0.90164
1.9562,1.5879,1.6979,0.74778,1.5569,-1.0919,-1.4763,-0.90262
1.9215,1.5654,1.7057,0.76031,1.5556,-1.0951,-1.48,-0.90269
1.8859,1.5422,1.712,0.77206,1.5532,-1.0975,-1.4823,-0.90186
1.8493,1.5185,1.717,0.78304,1.5497,-1.0991,-1.4835,-0.90014
1.8119,1.4943,1.7206,0.79325,1.5449,-1.0998,-1.4833,-0.89756
1.7736,1.4695,1.7228,0.80269,1.5391,-1.0998,-1.482,-0.89414
1.7346,1.4443,1.7236,0.81138,1.532,-1.0989,-1.4794,-0.88988
1.6947,1.4186,1.723,0.8193,1.5239,-1.0973,-1.4756,-0.88482
1.6541,1.3925,1.721,0.82648,1.5146,-1.0949,-1.4706,-0.87897
1.6128,1.366,1.7176,0.83291,1.5042,-1.0918,-1.4644,-0.87235
1.5709,1.3392,1.7128,0.83861,1.4927,-1.0879,-1.457,-0.86498
1.5283,1.312,1.7066,0.84358,1.4801,-1.0833,-1.4484,-0.85689
1.4851,1.2846,1.699,0.84783,1.4665,-1.0779,-1.4386,-0.8481
1.4414,1.2569,1.69,0.85138,1.4518,-1.0718,-1.4277,-0.83864
1.3972,1.229,1.6796,0.85422,1.436,-1.0651,-1.4157,-0.82852
1.3525,1.2008,1.6679,0.85638,1.4193,-1.0576,-1.4026,-0.81777
1.3074,1.1725,1.6548,0.85785,1.4015,-1.0495,-1.3883,-0.80642
1.2619,1.1441,1.6403,0.85867,1.3828,-1.0407,-1.373,-0.79449
1.216,1.1155,1.6245,0.85882,1.3631,-1.0313,-1.3566,-0.782
1.1698,1.0869,1.6073,0.85834,1.3425,-1.0213,-1.3392,-0.76899
1.1234,1.0582,1.5888,0.85722,1.3209,-1.0106,-1.3208,-0.75548
1.0767,1.0295,1.5691,0.8555,1.2985,-0.9994,-1.3014,-0.7415
1.0298,1.0008,1.548,0.85317,1.2752,-0.98759,-1.281,-0.72707
0.98281,0.97206,1.5257,0.85025,1.251,-0.97523,-1.2596,-0.71222
0.93568,0.94341,1.5022,0.84676,1.226,-0.96233,-1.2374,-0.69697
0.88849,0.91483,1.4774,0.84272,1.2003,-0.94891,-1.2143,-0.68136
0.84126,0.88636,1.4515,0.83814,1.1738,-0.93499,-1.1903,-0.66542
0.79405,0.858,1.4244,0.83303,1.1465,-0.92058,-1.1654,-0.64916
0.74689,0.8298,1.3961,0.82741,1.1186,-0.90571,-1.1398,-0.63262
0.69982,0.80177,1.3667,0.82131,1.0899,-0.89039,-1.1134,-0.61582
0.65288,0.77393,1.3363,0.81472,1.0607,-0.87464,-1.0862,-0.5988
0.60611,0.7463,1.3047,0.80769,1.0308,-0.85849,-1.0583,-0.58157
0.55955,0.7189,1.2722,0.80021,1.0003,-0.84194,-1.0298,-0.56417
0.51323,0.69176,1.2386,0.79231,0.96925,-0.82502,-1.0006,-0.54663
0.4672,0.66489,1.2041,0.78401,0.93769,-0.80776,-0.97074,-0.52896
0.42148,0.63832,1.1687,0.77532,0.90564,-0.79016,-0.94033,-0.51121
0.37612,0.61205,1.1323,0.76627,0.87313,-0.77225,-0.90937,-0.49338
0.33115,0.58611,1.0951,0.75687,0.84019,-0.75404,-0.8779,-0.47552
0.28661,0.56051,1.0571,0.74714,0.80685,-0.73556,-0.84594,-0.45763
0.24253,0.53526,1.0183,0.7371,0.77315,-0.71683,-0.81353,-0.43976
0.19894,0.51039,0.97874,0.72677,0.73913,-0.69786,-0.78072,-0.42193
0.15588,0.48589,0.93847,0.71616,0.7048,-0.67868,-0.74752,-0.40415
0.11337,0.4618,0.89753,0.70531,0.67021,-0.6593,-0.71399,-0.38646
0.071458,0.43811,0.85595,0.69421,0.6354,-0.63975,-0.68015,-0.36888
0.030164,0.41485,0.81379,0.68291,0.60038,-0.62003,-0.64604,-0.35142
-0.01048,0.39201,0.77108,0.6714,0.5652,-0.60018,-0.6117,-0.33412
-0.050447,0.36961,0.72786,0.65972,0.52989,-0.58021,-0.57716,-0.31699
-0.089707,0.34766,0.68418,0.64788,0.49449,-0.56014,-0.54246,-0.30006
-0.12824,0.32616,0.64008,0.6359,0.45902,-0.53998,-0.50763,-0.28334
-0.16601,0.30512,0.59561,0.62379,0.42351,-0.51976,-0.47271,-0.26686
-0.203,0.28455,0.5508,0.61159,0.38801,-0.49948,-0.43774,-0.25064
-0.23918,0.26446,0.5057,0.59929,0.35254,-0.47918,-0.40275,-0.23469
-0.27454,0.24484,0.46036,0.58693,0.31714,-0.45887,-0.36778,-0.21904
-0.30904,0.22569,0.41483,0.57452,0.28183,-0.43856,-0.33286,-0.20369
-0.34268,0.20704,0.36914,0.56207,0.24665,-0.41827,-0.29803,-0.18867
-0.37543,0.18886,0.32334,0.54961,0.21162,-0.39802,-0.26332,-0.174
-0.40727,0.17117,0.27748,0.53715,0.17679,-0.37782,-0.22877,-0.15968
-0.43818,0.15397,0.23161,0.52471,0.14218,-0.35769,-0.19441,-0.14574
-0.46816,0.13726,0.18576,0.5123,0.10781,-0.33764,-0.16027,-0.13218
-0.49719,0.12102,0.13999,0.49994,0.073727,-0.31769,-0.12639,-0.11902
-0.52524,0.10527,0.094335,0.48764,0.039948,-0.29786,-0.092803,-0.10627
-0.55232,0.090005,0.048847,0.47542,0.0065046,-0.27815,-0.059533,-0.093945
-0.57841,0.075213,0.0035696,0.46329,-0.026577,-0.25858,-0.026617,-0.082051
-0.60349,0.060893,-0.041453,0.45127,-0.059268,-0.23917,0.005916,-0.070598
-0.62757,0.047042,-0.086176,0.43937,-0.091544,-0.21993,0.038035,-0.059597
-0.65063,0.033653,-0.13056,0.4276,-0.12338,-0.20086,0.06971,-0.049054
-0.67267,0.020723,-0.17455,0.41598,-0.15475,-0.18198,0.10091,-0.038977
-0.69368,0.0082428,-0.21811,0.40452,-0.18563,-0.16331,0.13162,-0.029373
-0.71366,-0.003793,-0.2612,0.39322,-0.21599,-0.14485,0.16179,-0.020246
-0.73261,-0.015392,-0.30377,0.38211,-0.24582,-0.12662,0.19141,-0.011601
-0.75052,-0.026563,-0.34578,0.37118,-0.27509,-0.10862,0.22045,-0.0034424
-0.76739,-0.037313,-0.3872,0.36045,-0.30377,-0.090858,0.24889,0.0042271
-0.78323,-0.047653,-0.42798,0.34994,-0.33186,-0.073354,0.27669,0.011405
-0.79803,-0.05759,-0.46807,0.33964,-0.35933,-0.05611,0.30385,0.018091
-0.8118,-0.067136,-0.50745,0.32956,-0.38616,-0.039137,0.33033,0.024283
-0.82455,-0.0763,-0.54608,0.31972,-0.41234,-0.02244,0.35611,0.029982
-0.83628,-0.085092,-0.58391,0.31012,-0.43784,-0.0060284,0.38118,0.03519
-0.84699,-0.093525,-0.62091,0.30076,-0.46265,0.010092,0.40551,0.039907
-0.85669,-0.10161,-0.65705,0.29165,-0.48676,0.025916,0.42909,0.044137
-0.8654,-0.10935,-0.69228,0.2828,-0.51014,0.041436,0.4519,0.047883
-0.87311,-0.11678,-0.72658,0.27421,-0.5328,0.056647,0.47392,0.051148
-0.87985,-0.12388,-0.75992,0.26588,-0.55471,0.071546,0.49513,0.053939
-0.88562,-0.13069,-0.79226,0.25782,-0.57586,0.086126,0.51553,0.05626
-0.89043,-0.13721,-0.82357,0.25003,-0.59624,0.10038,0.5351,0.058118
-0.89431,-0.14345,-0.85383,0.24251,-0.61585,0.11432,0.55382,0.05952
-0.89725,-0.14942,-0.883,0.23527,-0.63467,0.12792,0.5717,0.060474
-0.89928,-0.15515,-0.91106,0.22829,-0.6527,0.1412,0.5887,0.060988
-0.90042,-0.16064,-0.93798,0.22159,-0.66993,0.15414,0.60484,0.061071
-0.90067,-0.16591,-0.96375,0.21516,-0.68634,0.16674,0.62009,0.060734
-0.90007,-0.17096,-0.98833,0.209,-0.70195,0.17901,0.63446,0.059986
-0.89861,-0.17581,-1.0117,0.20312,-0.71674,0.19094,0.64793,0.058839
-0.89634,-0.18048,-1.0338,0.1975,-0.73071,0.20253,0.66051,0.057304
-0.89325,-0.18498,-1.0548,0.19214,-0.74385,0.21379,0.67219,0.055393
-0.88939,-0.18932,-1.0744,0.18705,-0.75617,0.22471,0.68296,0.05312
-0.88475,-0.19351,-1.0928,0.18221,-0.76767,0.23528,0.69283,0.050498
-0.87938,-0.19757,-1.1098,0.17763,-0.77834,0.24553,0.70179,0.04754
-0.87328,-0.20151,-1.1256,0.1733,-0.78819,0.25543,0.70985,0.044261
-0.86648,-0.20534,-1.14,0.16921,-0.79722,0.265,0.717,0.040676
-0.85901,-0.20907,-1.1532,0.16536,-0.80542,0.27424,0.72326,0.0368
-0.85089,-0.21272,-1.1649,0.16175,-0.81281,0.28315,0.72862,0.032649
-0.84213,-0.2163,-1.1754,0.15836,-0.81939,0.29174,0.7331,0.028239
-0.83278,-0.21982,-1.1844,0.15519,-0.82517,0.29999,0.73669,0.023587
-0.82284,-0.22329,-1.1922,0.15223,-0.83014,0.30793,0.7394,0.018709
-0.81234,-0.22672,-1.1985,0.14947,-0.83432,0.31554,0.74124,0.013623
-0.80132,-0.23013,-1.2036,0.14692,-0.83772,0.32285,0.74223,0.0083472
-0.78979,-0.23352,-1.2072,0.14455,-0.84033,0.32983,0.74236,0.0028985
-0.77778,-0.23691,-1.2095,0.14236,-0.84218,0.33652,0.74166,-0.0027048
-0.76531,-0.2403,-1.2104,0.14034,-0.84327,0.3429,0.74013,-0.0084441
-0.75242,-0.24371,-1.21,0.13849,-0.84362,0.34897,0.73778,-0.014301
-0.73912,-0.24714,-1.2082,0.13679,-0.84322,0.35476,0.73463,-0.020256
-0.72544,-0.2506,-1.2051,0.13524,-0.8421,0.36025,0.7307,-0.026292
-0.71141,-0.25411,-1.2007,0.13381,-0.84027,0.36546,0.72599,-0.032388
-0.69705,-0.25767,-1.1949,0.13252,-0.83774,0.37039,0.72053,-0.038526
-0.6824,-0.26129,-1.1879,0.13134,-0.83452,0.37505,0.71433,-0.044686
-0.66746,-0.26497,-1.1795,0.13027,-0.83063,0.37944,0.70741,-0.05085
-0.65228,-0.26873,-1.1699,0.12929,-0.82609,0.38356,0.69978,-0.056998
-0.63687,-0.27257,-1.1589,0.1284,-0.82089,0.38742,0.69147,-0.063111
-0.62126,-0.2765,-1.1468,0.12759,-0.81508,0.39103,0.68249,-0.069169
-0.60547,-0.28052,-1.1334,0.12684,-0.80865,0.39439,0.67286,-0.075154
-0.58953,-0.28464,-1.1188,0.12615,-0.80163,0.39751,0.66261,-0.081047
-0.57346,-0.28886,-1.103,0.1255,-0.79403,0.4004,0.65176,-0.086829
-0.55729,-0.29319,-1.086,0.1249,-0.78587,0.40305,0.64032,-0.092482
-0.54104,-0.29763,-1.0679,0.12431,-0.77717,0.40548,0.62831,-0.097987
-0.52473,-0.30219,-1.0486,0.12375,-0.76795,0.40769,0.61577,-0.10333
-0.50839,-0.30687,-1.0282,0.12319,-0.75822,0.40969,0.60272,-0.10848
-0.49204,-0.31167,-1.0068,0.12263,-0.748,0.41148,0.58916,-0.11343
-0.47569,-0.3166,-0.98434,0.12206,-0.73732,0.41307,0.57514,-0.11817
-0.45938,-0.32166,-0.96084,0.12147,-0.72618,0.41446,0.56067,-0.12267
-0.44312,-0.32684,-0.93635,0.12085,-0.71462,0.41567,0.54578,-0.12691
-0.42693,-0.33216,-0.91089,0.12019,-0.70265,0.41669,0.53049,-0.13089
-0.41084,-0.33761,-0.88451,0.11949,-0.69029,0.41754,0.51482,-0.13458
-0.39486,-0.34318,-0.85722,0.11872,-0.67755,0.41821,0.49881,-0.13798
-0.37901,-0.34889,-0.82907,0.1179,-0.66447,0.41872,0.48247,-0.14106
-0.36331,-0.35473,-0.80008,0.117,-0.65106,0.41906,0.46583,-0.14381
-0.34778,-0.3607,-0.77029,0.11603,-0.63734,0.41925,0.44891,-0.14622
-0.33243,-0.3668,-0.73973,0.11497,-0.62333,0.41929,0.43174,-0.14828
-0.31728,-0.37302,-0.70843,0.11381,-0.60905,0.41919,0.41435,-0.14996
-0.30236,-0.37936,-0.67644,0.11256,-0.59452,0.41895,0.39676,-0.15127
-0.28766,-0.38583,-0.64378,0.1112,-0.57977,0.41858,0.37899,-0.15219
-0.27322,-0.39241,-0.6105,0.10973,-0.5648,0.41808,0.36106,-0.1527
-0.25903,-0.39911,-0.57662,0.10814,-0.54965,0.41745,0.34301,-0.15281
-0.24513,-0.40591,-0.5422,0.10643,-0.53432,0.41671,0.32486,-0.15249
-0.23151,-0.41282,-0.50725,0.10459,-0.51885,0.41586,0.30663,-0.15174
-0.21819,-0.41983,-0.47183,0.10262,-0.50325,0.4149,0.28835,-0.15056
-0.20519,-0.42694,-0.43596,0.10051,-0.48754,0.41383,0.27003,-0.14893
-0.1925,-0.43413,-0.39969,0.098266,-0.47175,0.41267,0.25171,-0.14685
-0.18016,-0.44141,-0.36306,0.095875,-0.45588,0.41142,0.2334,-0.14431
-0.16816,-0.44876,-0.32609,0.093339,-0.43995,0.41007,0.21514,-0.14132
-0.15651,-0.45618,-0.28884,0.090654,-0.424,0.40864,0.19693,-0.13785
-0.14522,-0.46367,-0.25133,0.087818,-0.40803,0.40714,0.17881,-0.13392
-0.1343,-0.47121,-0.21361,0.084831,-0.39206,0.40555,0.1608,-0.12951
-0.12375,-0.4788,-0.17571,0.08169,-0.37612,0.4039,0.14291,-0.12464
-0.11359,-0.48644,-0.13768,0.078396,-0.36021,0.40218,0.12517,-0.11929
-0.10382,-0.4941,-0.09954,0.074947,-0.34436,0.40039,0.10761,-0.11346
-0.094434,-0.50178,-0.061338,0.071344,-0.32858,0.39854,0.090228,-0.10716
-0.085449,-0.50949,-0.023109,0.067588,-0.31289,0.39664,0.073058,-0.10039
-0.076865,-0.51719,0.015111,0.06368,-0.29731,0.39469,0.056117,-0.093156
-0.068685,-0.5249,0.053285,0.059621,-0.28184,0.39268,0.039423,-0.085453
-0.060911,-0.53259,0.091377,0.055414,-0.26651,0.39063,0.022994,-0.077288
-0.053545,-0.54026,0.12935,0.05106,-0.25134,0.38854,0.0068484,-0.068667
-0.046588,-0.5479,0.16718,0.046564,-0.23632,0.38641,-0.008998,-0.059596
-0.040041,-0.55549,0.20481,0.041927,-0.22149,0.38424,-0.024528,-0.050081
-0.033904,-0.56304,0.24223,0.037154,-0.20685,0.38204,-0.039727,-0.04013
-0.028176,-0.57053,0.27939,0.032249,-0.19241,0.37981,-0.054578,-0.029752
-0.022856,-0.57794,0.31627,0.027217,-0.1782,0.37755,-0.069068,-0.018954
-0.017942,-0.58528,0.35282,0.022063,-0.16421,0.37526,-0.083182,-0.0077482
-0.013433,-0.59252,0.38903,0.016792,-0.15046,0.37295,-0.096908,0.003856
-0.0093236,-0.59966,0.42486,0.01141,-0.13697,0.37062,-0.11023,0.015847
-0.0056122,-0.60669,0.46027,0.0059232,-0.12374,0.36827,-0.12314,0.028212
-0.0022945,-0.6136,0.49524,0.00033867,-0.11079,0.3659,-0.13563,0.040939
0.00063395,-0.62039,0.52975,-0.0053368,-0.098114,0.36352,-0.14768,0.054015
0.0031781,-0.62703,0.56376,-0.011096,-0.085733,0.36113,-0.15929,0.067423
0.0053433,-0.63352,0.59725,-0.016931,-0.073653,0.35873,-0.17044,0.081151
0.0071355,-0.63985,0.63018,-0.022833,-0.061881,0.35631,-0.18113,0.095182
0.0085608,-0.64601,0.66254,-0.028795,-0.050426,0.35389,-0.19134,0.1095
0.0096261,-0.65199,0.69431,-0.034808,-0.039293,0.35146,-0.20108,0.12409
0.010338,-0.65778,0.72545,-0.040862,-0.028491,0.34902,-0.21034,0.13893
0.010705,-0.66338,0.75595,-0.046948,-0.018023,0.34659,-0.21911,0.15401
0.010734,-0.66877,0.78579,-0.053057,-0.0078971,0.34414,-0.22738,0.1693
0.010434,-0.67395,0.81493,-0.05918,0.0018834,0.3417,-0.23515,0.1848
0.0098136,-0.67891,0.84338,-0.065305,0.011314,0.33926,-0.24242,0.20047
0.008881,-0.68364,0.8711,-0.071423,0.02039,0.33681,-0.24918,0.2163
0.0076457,-0.68812,0.89808,-0.077523,0.029109,0.33437,-0.25543,0.23227
0.0061173,-0.69237,0.9243,-0.083595,0.037467,0.33193,-0.26118,0.24836
0.0043055,-0.69636,0.94975,-0.089627,0.045463,0.32949,-0.26641,0.26455
0.0022203,-0.7001,0.97442,-0.09561,0.053095,0.32705,-0.27113,0.28081
-0.00012803,-0.70356,0.99828,-0.10153,0.060361,0.32462,-0.27534,0.29713
-0.002729,-0.70676,1.0213,-0.10738,0.06726,0.32219,-0.27904,0.31349
-0.0055721,-0.70969,1.0436,-0.11315,0.073791,0.31977,-0.28223,0.32986
-0.0086464,-0.71233,1.065,-0.11882,0.079956,0.31735,-0.28492,0.34623
-0.011941,-0.71468,1.0855,-0.12439,0.085754,0.31494,-0.2871,0.36256
-0.015445,-0.71675,1.1052,-0.12984,0.091186,0.31253,-0.28879,0.37884
-0.019146,-0.71852,1.1241,-0.13516,0.096254,0.31013,-0.28997,0.39505
-0.023034,-0.71999,1.1421,-0.14034,0.10096,0.30773,-0.29067,0.41116
-0.027097,-0.72117,1.1592,-0.14537,0.1053,0.30535,-0.29089,0.42716
-0.031323,-0.72204,1.1754,-0.15024,0.10929,0.30297,-0.29062,0.44302
-0.035702,-0.72261,1.1908,-0.15494,0.11292,0.30059,-0.28988,0.45872
-0.04022,-0.72287,1.2053,-0.15945,0.11621,0.29823,-0.28868,0.47424
-0.044867,-0.72283,1.2189,-0.16377,0.11914,0.29587,-0.28701,0.48955
-0.049631,-0.72248,1.2316,-0.16789,0.12173,0.29352,-0.2849,0.50465
-0.0545,-0.72182,1.2435,-0.17179,0.12398,0.29119,-0.28234,0.5195
-0.059463,-0.72086,1.2545,-0.17546,0.1259,0.28886,-0.27935,0.53408
-0.064507,-0.7196,1.2646,-0.1789,0.12748,0.28654,-0.27594,0.54839
-0.069622,-0.71803,1.2738,-0.18209,0.12875,0.28423,-0.27211,0.56239
-0.074795,-0.71616,1.2822,-0.18503,0.12969,0.28193,-0.26787,0.57606
-0.080015,-0.71399,1.2897,-0.18771,0.13032,0.27964,-0.26325,0.5894
-0.08527,-0.71152,1.2963,-0.19011,0.13064,0.27736,-0.25824,0.60238
-0.09055,-0.70877,1.3021,-0.19223,0.13067,0.2751,-0.25286,0.61498
-0.095843,-0.70573,1.3071,-0.19406,0.1304,0.27285,-0.24712,0.62718
-0.10114,-0.70241,1.3113,-0.1956,0.12984,0.27062,-0.24103,0.63898
-0.10642,-0.69881,1.3146,-0.19683,0.129,0.2684,-0.2346,0.65035
-0.11169,-0.69494,1.3171,-0.19775,0.12789,0.2662,-0.22786,0.66128
-0.11692,-0.6908,1.3188,-0.19835,0.12651,0.26401,-0.2208,0.67175
-0.12212,-0.68641,1.3197,-0.19863,0.12487,0.26184,-0.21344,0.68176
-0.12726,-0.68177,1.3198,-0.19858,0.12298,0.2597,-0.2058,0.69128
-0.13234,-0.67688,1.3192,-0.1982,0.12085,0.25757,-0.19788,0.7003
-0.13735,-0.67176,1.3178,-0.19747,0.11848,0.25547,-0.18971,0.70882
-0.14227,-0.66641,1.3157,-0.19641,0.11588,0.25339,-0.18129,0.71682
-0.14711,-0.66084,1.3128,-0.19499,0.11306,0.25134,-0.17264,0.72429
-0.15184,-0.65506,1.3092,-0.19323,0.11002,0.24932,-0.16377,0.73122
-0.15647,-0.64908,1.3049,-0.19112,0.10678,0.24733,-0.15469,0.73761
-0.16097,-0.64291,1.3,-0.18865,0.10334,0.24536,-0.14543,0.74344
-0.16535,-0.63656,1.2943,-0.18582,0.099709,0.24344,-0.13599,0.74871
-0.1696,-0.63004,1.2881,-0.18265,0.095894,0.24155,-0.12638,0.75342
-0.17369,-0.62336,1.2811,-0.17911,0.091905,0.2397,-0.11663,0.75755
-0.17764,-0.61653,1.2736,-0.17522,0.087748,0.23789,-0.10673,0.76111
-0.18143,-0.60957,1.2654,-0.17098,0.08343,0.23613,-0.096717,0.76409
-0.18505,-0.60247,1.2567,-0.16638,0.07896,0.23441,-0.086592,0.7665
-0.1885,-0.59527,1.2474,-0.16144,0.074344,0.23274,-0.076371,0.76831
-0.19177,-0.58795,1.2375,-0.15614,0.06959,0.23113,-0.066066,0.76955
-0.19485,-0.58055,1.2271,-0.15051,0.064705,0.22957,-0.05569,0.7702
-0.19775,-0.57307,1.2162,-0.14454,0.059697,0.22807,-0.045257,0.77027
-0.20044,-0.56551,1.2048,-0.13823,0.054572,0.22664,-0.034779,0.76977
-0.20293,-0.5579,1.1929,-0.1316,0.049337,0.22527,-0.024269,0.76868
-0.20521,-0.55025,1.1805,-0.12464,0.043999,0.22397,-0.013737,0.76703
-0.20728,-0.54256,1.1677,-0.11737,0.038564,0.22274,-0.0031976,0.76481
-0.20913,-0.53485,1.1545,-0.10979,0.03304,0.22159,0.0073392,0.76203
-0.21076,-0.52713,1.1408,-0.10192,0.027432,0.22052,0.017862,0.75869
-0.21216,-0.51941,1.1267,-0.093753,0.021747,0.21954,0.028359,0.7548
-0.21334,-0.5117,1.1123,-0.085308,0.01599,0.21864,0.03882,0.75038
-0.21428,-0.50402,1.0975,-0.076592,0.010168,0.21784,0.049234,0.74543
-0.21499,-0.49637,1.0824,-0.067617,0.0042856,0.21714,0.059592,0.73995
-0.21547,-0.48876,1.0669,-0.058394,-0.0016509,0.21653,0.069883,0.73397
-0.21571,-0.48122,1.0511,-0.048934,-0.0076364,0.21603,0.080098,0.72749
-0.21571,-0.47373,1.0351,-0.039249,-0.013666,0.21564,0.090229,0.72052
-0.21546,-0.46633,1.0187,-0.029354,-0.019734,0.21536,0.10027,0.71308
-0.21498,-0.459,1.0021,-0.01926,-0.025836,0.2152,0.1102,0.70518
-0.21426,-0.45178,0.98529,-0.0089818,-0.031968,0.21516,0.12003,0.69684
-0.2133,-0.44465,0.96822,0.0014662,-0.038124,0.21524,0.12973,0.68806
-0.21209,-0.43764,0.95095,0.012069,-0.044301,0.21545,0.13932,0.67887
-0.21065,-0.43074,0.93348,0.022813,-0.050495,0.2158,0.14877,0.66928
-0.20896,-0.42397,0.91583,0.03368,-0.056702,0.21629,0.15808,0.6593
-0.20704,-0.41733,0.89802,0.044656,-0.062917,0.21692,0.16725,0.64896
-0.20489,-0.41084,0.88005,0.055724,-0.069139,0.21769,0.17627,0.63827
-0.2025,-0.40449,0.86196,0.066867,-0.075362,0.21861,0.18514,0.62725
-0.19988,-0.39829,0.84374,0.078069,-0.081584,0.21968,0.19385,0.61592
-0.19703,-0.39224,0.82542,0.089313,-0.087802,0.22091,0.20239,0.60429
-0.19396,-0.38636,0.807,0.10058,-0.094014,0.2223,0.21077,0.59238
-0.19066,-0.38064,0.78851,0.11185,-0.10022,0.22385,0.21897,0.58023
-0.18715,-0.37508,0.76994,0.12312,-0.10641,0.22557,0.22701,0.56783
-0.18342,-0.3697,0.75133,0.13435,-0.11258,0.22746,0.23486,0.55522
-0.17949,-0.36448,0.73267,0.14554,-0.11874,0.22952,0.24254,0.54241
-0.17535,-0.35944,0.71398,0.15666,-0.12488,0.23175,0.25004,0.52943
-0.17102,-0.35456,0.69527,0.16769,-0.131,0.23416,0.25735,0.51629
-0.16649,-0.34986,0.67655,0.17863,-0.1371,0.23674,0.26448,0.50302
-0.16177,-0.34533,0.65784,0.18944,-0.14318,0.23951,0.27143,0.48963
-0.15687,-0.34098,0.63914,0.20012,-0.14923,0.24245,0.27819,0.47615
-0.15179,-0.33678,0.62046,0.21065,-0.15525,0.24558,0.28477,0.46259
-0.14654,-0.33276,0.60182,0.221,-0.16125,0.24889,0.29116,0.44899
-0.14113,-0.32889,0.58322,0.23116,-0.16721,0.25238,0.29737,0.43535
-0.13557,-0.32519,0.56467,0.24112,-0.17315,0.25606,0.3034,0.4217
-0.12986,-0.32163,0.54618,0.25085,-0.17906,0.25992,0.30925,0.40806
-0.124,-0.31822,0.52776,0.26034,-0.18493,0.26397,0.31491,0.39445
-0.11801,-0.31496,0.50941,0.26957,-0.19078,0.26819,0.3204,0.38088
-0.1119,-0.31183,0.49115,0.27853,-0.19659,0.2726,0.32571,0.36739
-0.10567,-0.30882,0.47298,0.2872,-0.20236,0.27719,0.33084,0.35399
-0.099322,-0.30594,0.4549,0.29557,-0.20811,0.28195,0.33581,0.34069
-0.092877,-0.30317,0.43694,0.30362,-0.21382,0.28689,0.3406,0.32752
-0.086339,-0.3005,0.41908,0.31134,-0.21949,0.29201,0.34523,0.3145
-0.079716,-0.29793,0.40134,0.31872,-0.22513,0.29729,0.3497,0.30163
-0.073016,-0.29543,0.38372,0.32574,-0.23073,0.30273,0.35401,0.28896
-0.066249,-0.29302,0.36623,0.33239,-0.2363,0.30834,0.35817,0.27648
-0.059423,-0.29066,0.34887,0.33866,-0.24183,0.31411,0.36217,0.26421
-0.052548,-0.28836,0.33165,0.34454,-0.24733,0.32002,0.36602,0.25218
-0.045632,-0.2861,0.31457,0.35002,-0.25279,0.32609,0.36973,0.2404
-0.038685,-0.28386,0.29764,0.35508,-0.25821,0.33229,0.3733,0.22888
-0.031715,-0.28164,0.28086,0.35973,-0.26359,0.33863,0.37674,0.21764
-0.024732,-0.27942,0.26424,0.36395,-0.26894,0.3451,0.38004,0.20669
-0.017745,-0.27719,0.24777,0.36773,-0.27425,0.35169,0.38322,0.19606
-0.010763,-0.27494,0.23147,0.37108,-0.27952,0.35839,0.38627,0.18574
-0.0037954,-0.27266,0.21533,0.37398,-0.28475,0.3652,0.38921,0.17575
0.0031488,-0.27032,0.19936,0.37643,-0.28994,0.37211,0.39203,0.16611
0.01006,-0.26792,0.18356,0.37843,-0.29509,0.3791,0.39474,0.15683
0.01693,-0.26543,0.16794,0.37997,-0.3002,0.38618,0.39734,0.14791
0.023749,-0.26286,0.15249,0.38105,-0.30527,0.39332,0.39985,0.13937
0.030509,-0.26018,0.13722,0.38168,-0.31029,0.40053,0.40225,0.13121
0.0372,-0.25738,0.12213,0.38185,-0.31528,0.40778,0.40457,0.12345
0.043814,-0.25445,0.10723,0.38155,-0.32022,0.41508,0.40679,0.1161
0.050341,-0.25136,0.092506,0.38081,-0.32512,0.4224,0.40894,0.10915
0.056775,-0.24812,0.077973,0.3796,-0.32997,0.42975,0.411,0.10261
0.063105,-0.2447,0.063628,0.37795,-0.33477,0.4371,0.41298,0.0965
0.069324,-0.24109,0.049474,0.37586,-0.33953,0.44444,0.41489,0.090812
0.075425,-0.23727,0.035512,0.37332,-0.34423,0.45177,0.41673,0.085554
0.081398,-0.23324,0.021742,0.37035,-0.34889,0.45907,0.4185,0.080729
0.087236,-0.22898,0.0081666,0.36695,-0.3535,0.46632,0.42021,0.076338
0.092932,-0.22447,-0.0052135,0.36314,-0.35805,0.47352,0.42186,0.072384
0.098479,-0.21971,-0.018397,0.35891,-0.36255,0.48065,0.42345,0.068868
0.10387,-0.21469,-0.031384,0.35428,-0.36699,0.48771,0.42498,0.065789
0.1091,-0.20939,-0.044172,0.34927,-0.37138,0.49466,0.42647,0.063147
0.11415,-0.20379,-0.056761,0.34387,-0.37571,0.50152,0.4279,0.060941
0.11903,-0.1979,-0.06915,0.33811,-0.37997,0.50825,0.42928,0.059167
0.12373,-0.1917,-0.081338,0.33199,-0.38418,0.51484,0.43062,0.057824
0.12824,-0.18517,-0.093325,0.32554,-0.38832,0.52129,0.43191,0.056907
0.13256,-0.17832,-0.10511,0.31875,-0.39239,0.52758,0.43316,0.056411
0.13668,-0.17113,-0.11669,0.31166,-0.3964,0.53369,0.43436,0.056332
0.14059,-0.1636,-0.12807,0.30427,-0.40033,0.53961,0.43553,0.056664
0.1443,-0.15571,-0.13925,0.29659,-0.4042,0.54534,0.43665,0.0574
0.14779,-0.14746,-0.15022,0.28866,-0.40798,0.55084,0.43773,0.058532
0.15107,-0.13885,-0.16099,0.28047,-0.4117,0.55612,0.43877,0.060053
0.15413,-0.12986,-0.17156,0.27206,-0.41533,0.56116,0.43977,0.061953
0.15696,-0.1205,-0.18192,0.26343,-0.41889,0.56594,0.44073,0.064223
0.15957,-0.11077,-0.19207,0.25461,-0.42236,0.57045,0.44164,0.066854
0.16196,-0.10064,-0.20202,0.24562,-0.42574,0.57468,0.44252,0.069834
0.16411,-0.090137,-0.21176,0.23646,-0.42904,0.57862,0.44335,0.073153
0.16603,-0.079244,-0.2213,0.22718,-0.43225,0.58225,0.44413,0.076798
0.16771,-0.067964,-0.23063,0.21777,-0.43537,0.58557,0.44487,0.080757
0.16916,-0.056296,-0.23975,0.20827,-0.4384,0.58856,0.44556,0.085017
0.17038,-0.044241,-0.24867,0.19869,-0.44133,0.59121,0.4462,0.089565
0.17136,-0.0318,-0.25738,0.18905,-0.44416,0.59351,0.44679,0.094387
0.17211,-0.018977,-0.26589,0.17937,-0.44689,0.59544,0.44733,0.099468
0.17263,-0.0057736,-0.27419,0.16968,-0.44952,0.59701,0.44781,0.10479
0.17291,0.0078057,-0.28228,0.15998,-0.45204,0.59819,0.44823,0.11035
0.17295,0.021756,-0.29016,0.15031,-0.45446,0.59898,0.44859,0.11612
0.17277,0.036073,-0.29784,0.14068,-0.45677,0.59938,0.44888,0.12209
0.17236,0.050749,-0.30531,0.13112,-0.45897,0.59937,0.44911,0.12823
0.17173,0.065777,-0.31257,0.12163,-0.46105,0.59894,0.44927,0.13455
0.17087,0.08115,-0.31962,0.11224,-0.46303,0.59809,0.44935,0.14101
0.1698,0.096859,-0.32647,0.10298,-0.46488,0.59681,0.44935,0.1476
0.16851,0.11289,-0.33311,0.093849,-0.46662,0.5951,0.44927,0.15431
0.16701,0.12924,-0.33954,0.084876,-0.46824,0.59295,0.4491,0.16111
0.1653,0.1459,-0.34577,0.076077,-0.46973,0.59035,0.44885,0.16799
0.1634,0.16285,-0.35179,0.06747,-0.47111,0.5873,0.4485,0.17494
0.16129,0.18008,-0.3576,0.05907,-0.47235,0.5838,0.44806,0.18192
0.159,0.19758,-0.3632,0.050896,-0.47348,0.57984,0.44751,0.18893
0.15653,0.21534,-0.3686,0.042963,-0.47447,0.57543,0.44686,0.19595
0.15387,0.23333,-0.37379,0.035285,-0.47534,0.57055,0.4461,0.20295
0.15105,0.25155,-0.37877,0.027879,-0.47607,0.56521,0.44522,0.20993
0.14806,0.26998,-0.38355,0.020757,-0.47667,0.55942,0.44423,0.21686
0.14492,0.2886,-0.38812,0.013934,-0.47715,0.55316,0.44311,0.22373
0.14163,0.3074,-0.39249,0.0074218,-0.47748,0.54644,0.44187,0.23051
0.1382,0.32635,-0.39665,0.0012327,-0.47768,0.53926,0.4405,0.2372
0.13464,0.34545,-0.4006,-0.0046221,-0.47775,0.53163,0.43899,0.24376
0.13096,0.36467,-0.40436,-0.010132,-0.47768,0.52354,0.43734,0.2502
0.12716,0.38399,-0.4079,-0.015288,-0.47748,0.51501,0.43555,0.25648
0.12327,0.4034,-0.41125,-0.02008,-0.47713,0.50603,0.43362,0.2626
0.11928,0.42287,-0.41439,-0.024501,-0.47665,0.49662,0.43153,0.26853
0.1152,0.44239,-0.41733,-0.028543,-0.47603,0.48677,0.42928,0.27426
0.11105,0.46193,-0.42007,-0.032201,-0.47527,0.47649,0.42688,0.27978
0.10684,0.48148,-0.42261,-0.035468,-0.47437,0.46579,0.42432,0.28506
0.10258,0.501,-0.42495,-0.03834,-0.47333,0.45469,0.42158,0.29011
0.098282,0.52049,-0.42709,-0.040814,-0.47216,0.44318,0.41868,0.29489
0.093951,0.53992,-0.42903,-0.042886,-0.47084,0.43128,0.4156,0.29939
0.089602,0.55926,-0.43078,-0.044555,-0.46939,0.41899,0.41235,0.30361
0.085246,0.5785,-0.43233,-0.045819,-0.46779,0.40633,0.40892,0.30754
0.080896,0.59761,-0.43368,-0.04668,-0.46606,0.39331,0.4053,0.31114
0.076563,0.61657,-0.43485,-0.047136,-0.46419,0.37994,0.4015,0.31443
0.072259,0.63537,-0.43581,-0.047191,-0.46218,0.36623,0.39751,0.31737
0.067997,0.65396,-0.43659,-0.046847,-0.46004,0.3522,0.39333,0.31997
0.063788,0.67235,-0.43718,-0.046108,-0.45776,0.33786,0.38896,0.32222
0.059644,0.69049,-0.43758,-0.044977,-0.45534,0.32322,0.38439,0.32409
0.055579,0.70838,-0.43779,-0.04346,-0.45279,0.3083,0.37962,0.32559
0.051604,0.72599,-0.43782,-0.041564,-0.45011,0.29311,0.37465,0.32671
0.047731,0.74329,-0.43766,-0.039295,-0.44729,0.27766,0.36948,0.32743
0.043974,0.76026,-0.43732,-0.036661,-0.44434,0.26199,0.36411,0.32776
0.040344,0.77689,-0.4368,-0.033671,-0.44126,0.24609,0.35853,0.32768
0.036853,0.79316,-0.4361,-0.030334,-0.43805,0.22999,0.35275,0.32719
0.033514,0.80903,-0.43522,-0.026661,-0.43471,0.21371,0.34676,0.32629
0.030339,0.82449,-0.43416,-0.022662,-0.43124,0.19725,0.34056,0.32496
0.02734,0.83953,-0.43293,-0.01835,-0.42765,0.18065,0.33416,0.32322
0.024529,0.85412,-0.43153,-0.013736,-0.42393,0.16392,0.32755,0.32104
0.021918,0.86823,-0.42996,-0.0088341,-0.42009,0.14707,0.32074,0.31844
0.019517,0.88186,-0.42822,-0.0036581,-0.41613,0.13013,0.31371,0.31541
0.01734,0.89499,-0.42631,0.0017778,-0.41205,0.11311,0.30648,0.31194
0.015396,0.90759,-0.42424,0.0074584,-0.40786,0.096036,0.29904,0.30805
0.013697,0.91965,-0.422,0.013368,-0.40354,0.078927,0.2914,0.30372
0.012254,0.93115,-0.4196,0.019491,-0.39911,0.0618,0.28355,0.29897
0.011077,0.94208,-0.41705,0.02581,-0.39457,0.044677,0.2755,0.29379
0.010177,0.95242,-0.41434,0.032308,-0.38991,0.027576,0.26724,0.28819
0.0095627,0.96216,-0.41147,0.038968,-0.38515,0.010517,0.25879,0.28216
0.0092448,0.97127,-0.40846,0.045771,-0.38028,-0.0064796,0.25014,0.27572
0.0092324,0.97976,-0.40529,0.0527,-0.3753,-0.023394,0.24129,0.26887
0.0095345,0.9876,-0.40197,0.059735,-0.37022,-0.040206,0.23225,0.26161
0.01016,0.99478,-0.39851,0.066858,-0.36503,-0.056896,0.22301,0.25396
0.011116,1.0013,-0.39491,0.074049,-0.35975,-0.073445,0.21359,0.24591
0.012412,1.0071,-0.39117,0.08129,-0.35437,-0.089832,0.20398,0.23747
0.014054,1.0123,-0.38729,0.088559,-0.34889,-0.10604,0.19419,0.22866
0.016051,1.0167,-0.38327,0.095839,-0.34331,-0.12204,0.18422,0.21947
0.018407,1.0205,-0.37913,0.10311,-0.33765,-0.13783,0.17407,0.20993
0.02113,1.0235,-0.37485,0.11035,-0.33189,-0.15338,0.16376,0.20003
0.024225,1.0258,-0.37044,0.11754,-0.32605,-0.16867,0.15327,0.1898
0.027698,1.0274,-0.36591,0.12466,-0.32011,-0.18369,0.14262,0.17923
0.031552,1.0283,-0.36126,0.13169,-0.3141,-0.19841,0.1318,0.16835
0.035793,1.0285,-0.35649,0.13861,-0.308,-0.21283,0.12084,0.15715
0.040423,1.0279,-0.3516,0.1454,-0.30182,-0.22691,0.10972,0.14566
0.045447,1.0265,-0.3466,0.15204,-0.29556,-0.24065,0.098452,0.13389
0.050866,1.0245,-0.34149,0.15852,-0.28923,-0.25403,0.087044,0.12184
0.056683,1.0217,-0.33627,0.16481,-0.28282,-0.26703,0.075498,0.10953
0.0629,1.0182,-0.33095,0.1709,-0.27634,-0.27964,0.063821,0.096983
0.069517,1.0139,-0.32552,0.17676,-0.26979,-0.29185,0.052017,0.084199
0.076534,1.0089,-0.32,0.18238,-0.26317,-0.30362,0.040092,0.071198
0.083952,1.0032,-0.31438,0.18775,-0.25648,-0.31497,0.02805,0.057991
0.09177,0.99676,-0.30866,0.19284,-0.24974,-0.32586,0.015898,0.044595
0.099986,0.98962,-0.30286,0.19764,-0.24292,-0.33629,0.0036418,0.031021
0.1086,0.98177,-0.29697,0.20213,-0.23605,-0.34625,-0.0087139,0.017287
0.11761,0.97323,-0.291,0.20631,-0.22912,-0.35572,-0.021163,0.0034043
0.12701,0.96399,-0.28494,0.21014,-0.22214,-0.36469,-0.033699,-0.010611
0.13679,0.95408,-0.27881,0.21362,-0.2151,-0.37316,-0.046316,-0.024744
0.14696,0.9435,-0.27261,0.21674,-0.20801,-0.38111,-0.059008,-0.038981
0.15751,0.93226,-0.26634,0.21948,-0.20087,-0.38853,-0.071769,-0.053306
0.16843,0.92038,-0.25999,0.22183,-0.19368,-0.39542,-0.084592,-0.067706
0.17972,0.90786,-0.25359,0.22378,-0.18645,-0.40177,-0.097472,-0.082165
0.19137,0.89473,-0.24712,0.22532,-0.17917,-0.40757,-0.1104,-0.09667
0.20337,0.881,-0.2406,0.22644,-0.17186,-0.41282,-0.12337,-0.11121
0.21572,0.86668,-0.23402,0.22712,-0.1645,-0.41751,-0.13638,-0.12576
0.22841,0.85179,-0.22739,0.22737,-0.15711,-0.42164,-0.14943,-0.14031
0.24143,0.83634,-0.22071,0.22717,-0.14968,-0.4252,-0.16249,-0.15486
0.25477,0.82036,-0.21399,0.22652,-0.14222,-0.42819,-0.17557,-0.16937
0.26842,0.80386,-0.20723,0.22541,-0.13473,-0.43061,-0.18866,-0.18385
0.28237,0.78687,-0.20042,0.22384,-0.12721,-0.43246,-0.20176,-0.19828
0.29661,0.7694,-0.19359,0.2218,-0.11966,-0.43374,-0.21485,-0.21265
0.31113,0.75147,-0.18672,0.21928,-0.11209,-0.43444,-0.22794,-0.22693
0.32592,0.7331,-0.17983,0.2163,-0.1045,-0.43457,-0.24101,-0.24113
0.34096,0.71432,-0.17291,0.21284,-0.096882,-0.43413,-0.25406,-0.25522
0.35625,0.69514,-0.16597,0.20891,-0.08925,-0.43313,-0.26708,-0.2692
0.37176,0.6756,-0.15901,0.2045,-0.081602,-0.43156,-0.28006,-0.28306
0.3875,0.65571,-0.15204,0.19962,-0.07394,-0.42943,-0.29301,-0.29678
0.40343,0.6355,-0.14505,0.19428,-0.066266,-0.42675,-0.3059,-0.31035
0.41956,0.61498,-0.13806,0.18846,-0.058581,-0.42352,-0.31874,-0.32377
0.43586,0.59419,-0.13106,0.18218,-0.050888,-0.41975,-0.33152,-0.33702
0.45232,0.57315,-0.12406,0.17544,-0.043189,-0.41544,-0.34424,-0.35009
0.46893,0.55188,-0.11706,0.16825,-0.035485,-0.41061,-0.35688,-0.36297
0.48566,0.53041,-0.11007,0.16062,-0.027779,-0.40526,-0.36944,-0.37567
0.50251,0.50877,-0.10308,0.15254,-0.020073,-0.3994,-0.38192,-0.38815
0.51946,0.48697,-0.096102,0.14404,-0.012367,-0.39304,-0.39431,-0.40043
0.53649,0.46505,-0.089137,0.13511,-0.0046649,-0.3862,-0.4066,-0.41249
0.55358,0.44303,-0.082188,0.12578,0.0030324,-0.37888,-0.41879,-0.42433
0.57072,0.42093,-0.075258,0.11604,0.010723,-0.3711,-0.43087,-0.43593
0.58789,0.39879,-0.06835,0.10592,0.018405,-0.36287,-0.44283,-0.44729
0.60507,0.37662,-0.061467,0.095416,0.026077,-0.3542,-0.45468,-0.45841
0.62226,0.35445,-0.054612,0.084549,0.033737,-0.3451,-0.46641,-0.46928
0.63942,0.33232,-0.047786,0.073333,0.041384,-0.3356,-0.478,-0.4799
0.65654,0.31023,-0.040994,0.061779,0.049015,-0.3257,-0.48946,-0.49026
0.67361,0.28822,-0.034237,0.049904,0.056629,-0.31543,-0.50078,-0.50035
0.6906,0.26631,-0.027518,0.037723,0.064224,-0.30479,-0.51196,-0.51018
0.7075,0.24453,-0.02084,0.02525,0.0718,-0.29381,-0.52299,-0.51973
0.72429,0.22291,-0.014206,0.012504,0.079353,-0.2825,-0.53387,-0.52902
0.74095,0.20145,-0.0076174,-0.00049971,0.086883,-0.27088,-0.54459,-0.53802
0.75747,0.1802,-0.0010771,-0.013743,0.094388,-0.25897,-0.55515,-0.54675
0.77382,0.15917,0.0054125,-0.027209,0.10187,-0.24678,-0.56554,-0.5552
0.78999,0.13838,0.011849,-0.040879,0.10932,-0.23434,-0.57576,-0.56337
0.80596,0.11786,0.01823,-0.054735,0.11674,-0.22166,-0.58581,-0.57125
0.82171,0.097621,0.024553,-0.068757,0.12413,-0.20876,-0.59569,-0.57885
0.83722,0.077697,0.030817,-0.082927,0.13149,-0.19566,-0.60538,-0.58616
0.85248,0.058102,0.037018,-0.097225,0.13881,-0.18238,-0.61489,-0.59319
0.86747,0.038858,0.043154,-0.11163,0.1461,-0.16895,-0.62421,-0.59993
0.88217,0.019982,0.049224,-0.12613,0.15335,-0.15537,-0.63334,-0.60638
0.89656,0.0014956,0.055225,-0.14069,0.16056,-0.14168,-0.64227,-0.61255
0.91063,-0.016585,0.061156,-0.1553,0.16773,-0.12789,-0.65101,-0.61844
0.92436,-0.034242,0.067012,-0.16994,0.17486,-0.11402,-0.65955,-0.62404
0.93773,-0.051458,0.072794,-0.18459,0.18194,-0.10009,-0.66789,-0.62936
0.95073,-0.068219,0.078499,-0.19923,0.18898,-0.086126,-0.67603,-0.6344
0.96334,-0.084507,0.084123,-0.21384,0.19598,-0.072145,-0.68396,-0.63916
0.97554,-0.10031,0.089667,-0.22839,0.20293,-0.058168,-0.69167,-0.64363
0.98731,-0.11561,0.095127,-0.24288,0.20982,-0.044215,-0.69918,-0.64784
0.99865,-0.1304,0.1005,-0.25727,0.21667,-0.030306,-0.70648,-0.65176
1.0095,-0.14467,0.10579,-0.27155,0.22346,-0.016462,-0.71355,-0.65542
1.02,-0.1584,0.11098,-0.2857,0.2302,-0.0027016,-0.72042,-0.6588
1.0299,-0.17159,0.11609,-0.2997,0.23688,0.010955,-0.72706,-0.66192
1.0393,-0.18422,0.1211,-0.31354,0.2435,0.024487,-0.73348,-0.66476
1.0483,-0.19628,0.12601,-0.32718,0.25006,0.037877,-0.73968,-0.66735
1.0567,-0.20777,0.13083,-0.34062,0.25657,0.051105,-0.74565,-0.66967
1.0645,-0.21869,0.13554,-0.35384,0.263,0.064153,-0.7514,-0.67173
1.0718,-0.22902,0.14015,-0.36682,0.26938,0.077002,-0.75693,-0.67354
1.0786,-0.23876,0.14466,-0.37954,0.27568,0.089635,-0.76222,-0.6751
1.0848,-0.24791,0.14906,-0.39198,0.28192,0.10203,-0.76729,-0.6764
1.0904,-0.25646,0.15335,-0.40414,0.28809,0.11418,-0.77212,-0.67746
1.0954,-0.26441,0.15753,-0.41599,0.29418,0.12606,-0.77673,-0.67827
1.0998,-0.27176,0.16159,-0.42752,0.3002,0.13765,-0.7811,-0.67884
1.1035,-0.27851,0.16553,-0.43871,0.30614,0.14895,-0.78524,-0.67916
1.1067,-0.28466,0.16936,-0.44956,0.312,0.15992,-0.78914,-0.67926
1.1092,-0.2902,0.17307,-0.46004,0.31778,0.17057,-0.79281,-0.67912
1.1111,-0.29515,0.17665,-0.47015,0.32348,0.18088,-0.79625,-0.67874
1.1123,-0.2995,0.1801,-0.47987,0.32909,0.19082,-0.79944,-0.67814
1.1129,-0.30326,0.18343,-0.48919,0.33461,0.20039,-0.8024,-0.67732
1.1128,-0.30643,0.18662,-0.49811,0.34004,0.20958,-0.80512,-0.67627
1.1121,-0.30902,0.18967,-0.50661,0.34538,0.21838,-0.80761,-0.67501
1.1106,-0.31103,0.19259,-0.51467,0.35063,0.22676,-0.80985,-0.67353
1.1085,-0.31246,0.19537,-0.5223,0.35578,0.23473,-0.81186,-0.67183
1.1057,-0.31334,0.19801,-0.52949,0.36083,0.24227,-0.81362,-0.66992
1.1023,-0.31366,0.2005,-0.53622,0.36578,0.24937,-0.81514,-0.66781
1.0981,-0.31343,0.20283,-0.5425,0.37062,0.25603,-0.81643,-0.66549
1.0932,-0.31267,0.20502,-0.54831,0.37536,0.26223,-0.81747,-0.66297
1.0877,-0.31138,0.20705,-0.55366,0.37998,0.26797,-0.81827,-0.66026
1.0814,-0.30957,0.20892,-0.55853,0.3845,0.27324,-0.81883,-0.65734
1.0745,-0.30726,0.21063,-0.56292,0.3889,0.27804,-0.81914,-0.65423
1.0668,-0.30445,0.21218,-0.56684,0.39318,0.28236,-0.81921,-0.65094
1.0585,-0.30116,0.21355,-0.57027,0.39735,0.28619,-0.81904,-0.64745
1.0495,-0.29741,0.21476,-0.57323,0.40139,0.28953,-0.81863,-0.64378
1.0397,-0.2932,0.21579,-0.5757,0.40531,0.29238,-0.81797,-0.63994
1.0293,-0.28855,0.21664,-0.57768,0.4091,0.29473,-0.81707,-0.63591
1.0182,-0.28347,0.2173,-0.57919,0.41276,0.29659,-0.81593,-0.6317
1.0064,-0.27797,0.21779,-0.58021,0.41628,0.29794,-0.81454,-0.62733
0.99395,-0.27208,0.21808,-0.58076,0.41967,0.2988,-0.81291,-0.62278
0.98081,-0.26581,0.21818,-0.58084,0.42293,0.29916,-0.81104,-0.61807
0.967,-0.25917,0.21809,-0.58044,0.42604,0.29902,-0.80892,-0.6132
0.95252,-0.25218,0.2178,-0.57958,0.42901,0.29838,-0.80656,-0.60816
0.93739,-0.24486,0.2173,-0.57826,0.43184,0.29724,-0.80395,-0.60297
0.9216,-0.23722,0.2166,-0.57648,0.43452,0.29561,-0.8011,-0.59763
0.90517,-0.22927,0.21569,-0.57425,0.43705,0.29349,-0.79801,-0.59213
0.88811,-0.22104,0.21456,-0.57158,0.43942,0.29088,-0.79467,-0.58649
0.87042,-0.21254,0.21322,-0.56847,0.44164,0.28779,-0.7911,-0.58071
0.85211,-0.20378,0.21166,-0.56494,0.4437,0.28422,-0.78727,-0.57478
0.83319,-0.19479,0.20988,-0.561,0.44561,0.28018,-0.78321,-0.56872
0.81367,-0.18558,0.20787,-0.55664,0.44735,0.27566,-0.77891,-0.56253
0.79356,-0.17617,0.20563,-0.55188,0.44893,0.27069,-0.77436,-0.55621
0.77288,-0.16657,0.20316,-0.54674,0.45035,0.26526,-0.76957,-0.54976
0.75163,-0.15681,0.20045,-0.54121,0.45159,0.25938,-0.76455,-0.54319
0.72983,-0.14689,0.19751,-0.53532,0.45267,0.25306,-0.75928,-0.5365
0.70748,-0.13683,0.19432,-0.52907,0.45358,0.24631,-0.75377,-0.5297
0.6846,-0.12665,0.1909,-0.52248,0.45431,0.23914,-0.74803,-0.52279
0.66121,-0.11637,0.18722,-0.51555,0.45488,0.23155,-0.74205,-0.51577
0.63731,-0.106,0.1833,-0.50831,0.45526,0.22356,-0.73584,-0.50866
0.61292,-0.095555,0.17912,-0.50076,0.45547,0.21517,-0.72939,-0.50145
0.58805,-0.085053,0.17469,-0.49291,0.45551,0.2064,-0.72271,-0.49414
0.56273,-0.074506,0.17001,-0.48478,0.45536,0.19725,-0.71579,-0.48675
0.53695,-0.063931,0.16506,-0.47638,0.45504,0.18774,-0.70865,-0.47928
0.51074,-0.053341,0.15986,-0.46773,0.45454,0.17787,-0.70128,-0.47172
0.48412,-0.04275,0.1544,-0.45884,0.45385,0.16766,-0.69368,-0.4641
0.45709,-0.032172,0.14867,-0.44972,0.45299,0.15712,-0.68586,-0.45641
0.42967,-0.021618,0.14268,-0.44039,0.45195,0.14626,-0.67781,-0.44866
0.40189,-0.011103,0.13643,-0.43086,0.45072,0.1351,-0.66955,-0.44085
0.37375,-0.00063848,0.12991,-0.42115,0.44931,0.12364,-0.66106,-0.43298
0.34527,0.0097644,0.12312,-0.41126,0.44773,0.11189,-0.65237,-0.42508
0.31647,0.020094,0.11606,-0.40122,0.44596,0.09988,-0.64345,-0.41713
0.28737,0.03034,0.10874,-0.39103,0.44401,0.087608,-0.63433,-0.40914
0.25797,0.040491,0.10115,-0.38071,0.44188,0.075092,-0.62501,-0.40113
0.22831,0.050539,0.093294,-0.37028,0.43958,0.062343,-0.61547,-0.3931
0.19839,0.060473,0.085168,-0.35975,0.43709,0.049375,-0.60574,-0.38505
0.16823,0.070284,0.076776,-0.34913,0.43443,0.0362,-0.59582,-0.37699
0.13785,0.079966,0.068117,-0.33843,0.4316,0.022832,-0.58569,-0.36893
0.10727,0.089509,0.059192,-0.32767,0.42859,0.009283,-0.57538,-0.36087
0.076506,0.098907,0.050003,-0.31686,0.4254,-0.0044338,-0.56489,-0.35281
0.045571,0.10815,0.040551,-0.30602,0.42205,-0.018305,-0.55421,-0.34478
0.014484,0.11724,0.030838,-0.29515,0.41852,-0.032319,-0.54336,-0.33676
-0.016737,0.12617,0.020865,-0.28427,0.41483,-0.046462,-0.53234,-0.32878
-0.048074,0.13492,0.010634,-0.27339,0.41097,-0.060721,-0.52115,-0.32083
-0.079511,0.1435,0.00014749,-0.26252,0.40695,-0.075084,-0.5098,-0.31293
-0.11103,0.15191,-0.010592,-0.25167,0.40277,-0.089538,-0.49829,-0.30507
-0.14261,0.16013,-0.021581,-0.24086,0.39842,-0.10407,-0.48663,-0.29727
-0.17424,0.16817,-0.032817,-0.23009,0.39392,-0.11867,-0.47482,-0.28954
-0.20591,0.17602,-0.044298,-0.21937,0.38927,-0.13332,-0.46288,-0.28188
-0.23758,0.18368,-0.056019,-0.20872,0.38447,-0.14802,-0.4508,-0.27429
-0.26925,0.19116,-0.067976,-0.19814,0.37951,-0.16274,-0.43859,-0.26679
-0.30091,0.19844,-0.080167,-0.18763,0.37441,-0.17749,-0.42625,-0.25939
-0.33252,0.20552,-0.092586,-0.17722,0.36917,-0.19224,-0.4138,-0.25208
-0.36408,0.21242,-0.10523,-0.16691,0.36379,-0.20698,-0.40124,-0.24488
-0.39558,0.21912,-0.11809,-0.15669,0.35827,-0.22172,-0.38858,-0.2378
-0.42698,0.22563,-0.13117,-0.14659,0.35262,-0.23642,-0.37582,-0.23084
-0.45829,0.23195,-0.14446,-0.13661,0.34684,-0.25109,-0.36297,-0.224
-0.48947,0.23808,-0.15795,-0.12675,0.34093,-0.26571,-0.35003,-0.2173
-0.52053,0.24402,-0.17165,-0.11702,0.3349,-0.28027,-0.33702,-0.21074
-0.55143,0.24978,-0.18553,-0.10742,0.32875,-0.29477,-0.32394,-0.20434
-0.58217,0.25535,-0.19961,-0.097961,0.32248,-0.30918,-0.3108,-0.19808
-0.61273,0.26074,-0.21386,-0.088643,0.3161,-0.32351,-0.2976,-0.19199
-0.6431,0.26595,-0.22829,-0.079472,0.30961,-0.33775,-0.28435,-0.18607
-0.67326,0.27098,-0.24289,-0.07045,0.30301,-0.35187,-0.27106,-0.18033
-0.70319,0.27585,-0.25765,-0.061578,0.29632,-0.36589,-0.25774,-0.17477
-0.73289,0.28054,-0.27257,-0.052861,0.28953,-0.37978,-0.24439,-0.16939
-0.76233,0.28507,-0.28763,-0.044298,0.28264,-0.39354,-0.23102,-0.16421
-0.7915,0.28944,-0.30283,-0.035892,0.27566,-0.40716,-0.21764,-0.15923
-0.8204,0.29365,-0.31817,-0.027644,0.2686,-0.42063,-0.20425,-0.15446
-0.84901,0.29771,-0.33364,-0.019552,0.26146,-0.43395,-0.19087,-0.1499
-0.8773,0.30161,-0.34922,-0.011619,0.25424,-0.44711,-0.1775,-0.14556
-0.90528,0.30538,-0.36491,-0.0038416,0.24694,-0.4601,-0.16414,-0.14144
-0.93292,0.309,-0.3807,0.0037793,0.23958,-0.47291,-0.15081,-0.13755
-0.96022,0.31249,-0.39659,0.011245,0.23215,-0.48555,-0.13752,-0.13389
-0.98717,0.31585,-0.41256,0.018559,0.22466,-0.49799,-0.12426,-0.13046
-1.0137,0.31908,-0.42861,0.025721,0.21711,-0.51024,-0.11105,-0.12728
-1.0399,0.32219,-0.44473,0.032734,0.2095,-0.52229,-0.097891,-0.12435
-1.0657,0.32518,-0.46091,0.039601,0.20185,-0.53414,-0.084794,-0.12167
-1.0911,0.32806,-0.47714,0.046326,0.19415,-0.54577,-0.071765,-0.11924
