1.0186,-3.8137,-1.5469,-4.0617,-2.3586,3.5107,2.4983,3.6276
0.85862,-3.8586,-1.7052,-4.0698,-2.4753,3.5618,2.6178,3.681
0.6969,-3.9017,-1.8627,-4.0757,-2.5908,3.611,2.7359,3.7326
0.53357,-3.9428,-2.0192,-4.0796,-2.705,3.6584,2.8525,3.7821
0.3688,-3.982,-2.1747,-4.0813,-2.8177,3.704,2.9675,3.8296
0.20272,-4.0191,-2.3289,-4.0809,-2.9289,3.7475,3.0808,3.8751
0.035499,-4.0543,-2.4817,-4.0784,-3.0383,3.789,3.1921,3.9183
-0.13272,-4.0874,-2.633,-4.0737,-3.1459,3.8284,3.3015,3.9593
-0.30179,-4.1185,-2.7825,-4.0668,-3.2516,3.8657,3.4087,3.9979
-0.47153,-4.1474,-2.9302,-4.0577,-3.3553,3.9008,3.5137,4.0343
-0.6418,-4.1742,-3.0758,-4.0465,-3.4568,3.9336,3.6164,4.0681
-0.81244,-4.1989,-3.2193,-4.033,-3.5561,3.9641,3.7166,4.0995
-0.98327,-4.2214,-3.3605,-4.0172,-3.653,3.9922,3.8142,4.1283
-1.1541,-4.2416,-3.4993,-3.9993,-3.7474,4.018,3.9092,4.1546
-1.3249,-4.2596,-3.6355,-3.9791,-3.8393,4.0413,4.0014,4.1781
-1.4953,-4.2754,-3.7689,-3.9566,-3.9285,4.062,4.0907,4.1989
-1.6653,-4.2889,-3.8995,-3.9318,-4.0148,4.0802,4.177,4.217
-1.8347,-4.3,-4.0271,-3.9048,-4.0984,4.0958,4.2602,4.2322
-2.0033,-4.3088,-4.1515,-3.8755,-4.1789,4.1088,4.3403,4.2445
-2.1709,-4.3152,-4.2727,-3.8439,-4.2564,4.119,4.417,4.2539
-2.3374,-4.3193,-4.3906,-3.81,-4.3307,4.1266,4.4904,4.2604
-2.5026,-4.3209,-4.5049,-3.7738,-4.4018,4.1313,4.5604,4.2638
-2.6663,-4.3201,-4.6156,-3.7354,-4.4695,4.1333,4.6268,4.2641
-2.8285,-4.3169,-4.7226,-3.6946,-4.5338,4.1324,4.6896,4.2614
-2.9888,-4.3112,-4.8258,-3.6515,-4.5947,4.1286,4.7487,4.2555
-3.1472,-4.3029,-4.925,-3.6061,-4.652,4.1219,4.804,4.2465
-3.3035,-4.2922,-5.0202,-3.5584,-4.7056,4.1122,4.8556,4.2343
-3.4575,-4.279,-5.1113,-3.5085,-4.7556,4.0997,4.9032,4.2188
-3.6091,-4.2632,-5.1981,-3.4563,-4.8018,4.0841,4.9468,4.2001
-3.7582,-4.2449,-5.2806,-3.4017,-4.8442,4.0655,4.9865,4.1782
-3.9045,-4.2239,-5.3588,-3.345,-4.8827,4.0439,5.022,4.153
-4.0479,-4.2005,-5.4325,-3.286,-4.9173,4.0192,5.0535,4.1244
-4.1883,-4.1744,-5.5016,-3.2247,-4.9479,3.9915,5.0808,4.0926
-4.3256,-4.1457,-5.5662,-3.1612,-4.9745,3.9608,5.104,4.0574
-4.4595,-4.1144,-5.626,-3.0955,-4.9971,3.9269,5.1228,4.0189
-4.59,-4.0806,-5.6812,-3.0277,-5.0156,3.89,5.1375,3.9771
-4.7169,-4.044,-5.7316,-2.9576,-5.0299,3.8501,5.1479,3.932
-4.8401,-4.0049,-5.7772,-2.8854,-5.0402,3.807,5.1539,3.8835
-4.9595,-3.9632,-5.818,-2.8111,-5.0463,3.7609,5.1557,3.8318
-5.075,-3.9188,-5.8539,-2.7348,-5.0482,3.7118,5.1531,3.7767
-5.1863,-3.8719,-5.8848,-2.6563,-5.0459,3.6596,5.1463,3.7184
-5.2935,-3.8223,-5.9109,-2.5758,-5.0395,3.6043,5.135,3.6568
-5.3964,-3.7701,-5.932,-2.4933,-5.0289,3.5461,5.1195,3.592
-5.4949,-3.7153,-5.9482,-2.4088,-5.0141,3.4849,5.0997,3.524
-5.5889,-3.658,-5.9594,-2.3224,-4.9952,3.4207,5.0756,3.4528
-5.6784,-3.5981,-5.9657,-2.2341,-4.9721,3.3536,5.0472,3.3785
-5.7631,-3.5356,-5.967,-2.1439,-4.9448,3.2836,5.0145,3.301
-5.8432,-3.4706,-5.9634,-2.0519,-4.9135,3.2107,4.9777,3.2206
-5.9183,-3.403,-5.955,-1.9582,-4.8781,3.135,4.9366,3.1371
-5.9886,-3.333,-5.9416,-1.8627,-4.8386,3.0566,4.8915,3.0506
-6.054,-3.2605,-5.9234,-1.7655,-4.7951,2.9753,4.8422,2.9613
-6.1143,-3.1855,-5.9004,-1.6667,-4.7477,2.8914,4.7889,2.8691
-6.1696,-3.1081,-5.8726,-1.5663,-4.6963,2.8049,4.7316,2.7741
-6.2197,-3.0283,-5.8401,-1.4644,-4.6411,2.7157,4.6703,2.6763
-6.2647,-2.9462,-5.803,-1.3609,-4.5821,2.6241,4.6052,2.576
-6.3045,-2.8617,-5.7612,-1.2561,-4.5193,2.5299,4.5363,2.473
-6.339,-2.775,-5.7149,-1.1499,-4.4528,2.4334,4.4636,2.3675
-6.3683,-2.686,-5.6642,-1.0424,-4.3827,2.3345,4.3873,2.2596
-6.3924,-2.5947,-5.609,-0.93358,-4.3091,2.2334,4.3074,2.1493
-6.4112,-2.5014,-5.5496,-0.82362,-4.232,2.13,4.224,2.0368
-6.4247,-2.4059,-5.4859,-0.71253,-4.1516,2.0245,4.1372,1.9221
-6.433,-2.3083,-5.418,-0.60038,-4.0678,1.917,4.0471,1.8052
-6.436,-2.2087,-5.3461,-0.48724,-3.9808,1.8075,3.9538,1.6864
-6.4337,-2.1072,-5.2703,-0.37317,-3.8907,1.6962,3.8574,1.5656
-6.4262,-2.0037,-5.1906,-0.25824,-3.7976,1.583,3.7579,1.4431
-6.4136,-1.8984,-5.1072,-0.14252,-3.7015,1.4681,3.6556,1.3188
-6.3957,-1.7913,-5.0201,-0.026081,-3.6026,1.3516,3.5504,1.1929
-6.3728,-1.6824,-4.9295,0.091004,-3.501,1.2335,3.4425,1.0655
-6.3448,-1.5719,-4.8355,0.20866,-3.3968,1.1141,3.3321,0.93668
-6.3117,-1.4598,-4.7382,0.32682,-3.2901,0.99323,3.2192,0.80657
-6.2737,-1.3461,-4.6378,0.4454,-3.181,0.87115,3.104,0.67527
-6.2308,-1.231,-4.5343,0.56433,-3.0696,0.74793,2.9865,0.5429
-6.183,-1.1144,-4.4279,0.68353,-2.9561,0.62366,2.867,0.40955
-6.1305,-0.99656,-4.3187,0.80292,-2.8405,0.49843,2.7455,0.27536
-6.0733,-0.87743,-4.2069,0.92243,-2.723,0.37237,2.6221,0.14043
-6.0115,-0.75713,-4.0926,1.042,-2.6038,0.24556,2.497,0.0048843
-5.9452,-0.63573,-3.976,1.1615,-2.4828,0.11812,2.3704,-0.13116
-5.8745,-0.5133,-3.8571,1.2809,-2.3603,-0.0098436,2.2423,-0.2676
-5.7995,-0.38993,-3.7361,1.4001,-2.2364,-0.13823,2.1129,-0.40429
-5.7202,-0.2657,-3.6132,1.519,-2.1113,-0.26694,1.9823,-0.54113
-5.6369,-0.1407,-3.4884,1.6375,-1.9849,-0.39584,1.8507,-0.678
-5.5495,-0.014993,-3.3621,1.7556,-1.8576,-0.52484,1.7181,-0.81477
-5.4583,0.11132,-3.2342,1.8732,-1.7293,-0.65383,1.5848,-0.95132
-5.3634,0.23816,-3.1049,1.9901,-1.6003,-0.78269,1.4509,-1.0875
-5.2648,0.36543,-2.9745,2.1064,-1.4707,-0.91132,1.3164,-1.2233
-5.1627,0.49305,-2.843,2.2219,-1.3405,-1.0396,1.1816,-1.3585
-5.0572,0.62093,-2.7105,2.3366,-1.21,-1.1674,1.0466,-1.493
-4.9486,0.74899,-2.5773,2.4504,-1.0793,-1.2947,0.91143,-1.6266
-4.8368,0.87712,-2.4435,2.5631,-0.94842,-1.4213,0.77635,-1.7594
-4.722,1.0053,-2.3092,2.6748,-0.8176,-1.5471,0.64145,-1.891
-4.6044,1.1333,-2.1745,2.7853,-0.68693,-1.672,0.50686,-2.0215
-4.4842,1.2611,-2.0397,2.8945,-0.55655,-1.796,0.37272,-2.1508
-4.3614,1.3887,-1.9048,3.0025,-0.42658,-1.9188,0.23915,-2.2786
-4.2363,1.5159,-1.77,3.109,-0.29714,-2.0404,0.10629,-2.4049
-4.1089,1.6426,-1.6354,3.2141,-0.16837,-2.1607,-0.025738,-2.5296
-3.9795,1.7687,-1.5012,3.3176,-0.040386,-2.2795,-0.1568,-2.6526
-3.8481,1.8942,-1.3675,3.4196,0.086692,-2.3969,-0.28679,-2.7737
-3.715,2.019,-1.2344,3.5198,0.21274,-2.5126,-0.41556,-2.8928
-3.5802,2.1429,-1.1021,3.6183,0.33765,-2.6266,-0.54301,-3.01
-3.444,2.266,-0.97065,3.7149,0.46129,-2.7388,-0.66902,-3.1249
-3.3065,2.388,-0.84025,3.8096,0.58357,-2.8491,-0.79346,-3.2376
-3.1679,2.5089,-0.71098,3.9024,0.70436,-2.9574,-0.91624,-3.348
-3.0282,2.6286,-0.58298,3.9931,0.82355,-3.0636,-1.0372,-3.4559
-2.8877,2.747,-0.45634,4.0817,0.94105,-3.1676,-1.1563,-3.5613
-2.7466,2.8641,-0.3312,4.1682,1.0568,-3.2693,-1.2735,-3.6641
-2.6049,2.9797,-0.20766,4.2524,1.1706,-3.3686,-1.3885,-3.7642
-2.4628,3.0938,-0.085811,4.3344,1.2824,-3.4655,-1.5013,-3.8614
-2.3205,3.2063,0.034229,4.414,1.3921,-3.5599,-1.6119,-3.9558
-2.1781,3.317,0.15237,4.4912,1.4996,-3.6517,-1.7201,-4.0472
-2.0358,3.426,0.26851,4.5659,1.6049,-3.7408,-1.8258,-4.1357
-1.8937,3.5331,0.38257,4.6382,1.7078,-3.8272,-1.929,-4.221
-1.752,3.6383,0.49446,4.7078,1.8083,-3.9107,-2.0295,-4.3031
-1.6108,3.7414,0.60409,4.7749,1.9063,-3.9914,-2.1274,-4.382
-1.4702,3.8424,0.7114,4.8393,2.0017,-4.0691,-2.2225,-4.4577
-1.3305,3.9413,0.8163,4.901,2.0944,-4.1438,-2.3148,-4.5299
-1.1916,4.0379,0.91873,4.96,2.1845,-4.2155,-2.4042,-4.5988
-1.0538,4.1322,1.0186,5.0161,2.2717,-4.284,-2.4906,-4.6643
-0.91721,4.2241,1.1159,5.0695,2.3562,-4.3494,-2.574,-4.7262
-0.7819,4.3135,1.2106,5.12,2.4377,-4.4115,-2.6544,-4.7846
-0.64801,4.4004,1.3026,5.1676,2.5164,-4.4704,-2.7317,-4.8394
-0.51568,4.4847,1.3918,5.2123,2.592,-4.526,-2.8058,-4.8906
-0.38501,4.5664,1.4783,5.254,2.6647,-4.5783,-2.8767,-4.9382
-0.25612,4.6454,1.5619,5.2927,2.7343,-4.6271,-2.9444,-4.9821
-0.12911,4.7216,1.6427,5.3284,2.8008,-4.6726,-3.0089,-5.0223
-0.0040821,4.795,1.7207,5.3612,2.8642,-4.7147,-3.0701,-5.0587
0.11886,4.8655,1.7957,5.3908,2.9245,-4.7533,-3.128,-5.0915
0.23962,4.9331,1.8679,5.4174,2.9816,-4.7884,-3.1826,-5.1205
0.35812,4.9977,1.9371,5.4409,3.0355,-4.8201,-3.2339,-5.1458
0.47426,5.0593,2.0034,5.4614,3.0863,-4.8483,-3.2819,-5.1673
0.58796,5.1179,2.0668,5.4787,3.1339,-4.8729,-3.3266,-5.185
0.69915,5.1734,2.1273,5.4929,3.1783,-4.8941,-3.3679,-5.199
0.80776,5.2257,2.1849,5.5041,3.2195,-4.9117,-3.4059,-5.2093
0.91372,5.2749,2.2395,5.5121,3.2576,-4.9259,-3.4407,-5.2159
1.017,5.3208,2.2913,5.517,3.2925,-4.9365,-3.4721,-5.2187
1.1174,5.3636,2.3403,5.5188,3.3242,-4.9437,-3.5003,-5.2178
1.2151,5.4031,2.3864,5.5175,3.3528,-4.9474,-3.5252,-5.2133
1.3099,5.4393,2.4297,5.5131,3.3783,-4.9476,-3.5469,-5.2052
1.4018,5.4723,2.4703,5.5057,3.4007,-4.9444,-3.5655,-5.1934
1.4907,5.5019,2.5082,5.4952,3.42,-4.9378,-3.5808,-5.178
1.5766,5.5282,2.5433,5.4817,3.4363,-4.9278,-3.5931,-5.1592
1.6596,5.5512,2.5759,5.4651,3.4496,-4.9145,-3.6023,-5.1368
1.7395,5.5708,2.6058,5.4456,3.46,-4.8978,-3.6085,-5.111
1.8164,5.5871,2.6332,5.423,3.4675,-4.8779,-3.6117,-5.0817
1.8902,5.6,2.6582,5.3976,3.4722,-4.8547,-3.6121,-5.0492
1.9609,5.6095,2.6808,5.3692,3.474,-4.8284,-3.6095,-5.0133
2.0286,5.6158,2.701,5.3379,3.4731,-4.7989,-3.6042,-4.9742
2.0933,5.6186,2.7189,5.3038,3.4696,-4.7663,-3.5961,-4.932
2.1549,5.6182,2.7346,5.2669,3.4634,-4.7307,-3.5853,-4.8866
2.2134,5.6144,2.7483,5.2273,3.4546,-4.6921,-3.572,-4.8382
2.2689,5.6073,2.7598,5.1849,3.4434,-4.6506,-3.5561,-4.7868
2.3215,5.597,2.7694,5.1398,3.4297,-4.6062,-3.5378,-4.7325
2.371,5.5833,2.7771,5.0921,3.4137,-4.5591,-3.517,-4.6754
2.4177,5.5665,2.783,5.0418,3.3954,-4.5093,-3.494,-4.6156
2.4614,5.5464,2.7871,4.989,3.3749,-4.4568,-3.4688,-4.5531
2.5023,5.5231,2.7896,4.9338,3.3524,-4.4017,-3.4415,-4.488
2.5403,5.4967,2.7906,4.8761,3.3277,-4.3442,-3.4121,-4.4204
2.5756,5.4672,2.7901,4.816,3.3012,-4.2842,-3.3808,-4.3505
2.6082,5.4346,2.7883,4.7537,3.2727,-4.2219,-3.3476,-4.2782
2.6381,5.399,2.7851,4.6891,3.2425,-4.1573,-3.3126,-4.2037
2.6654,5.3604,2.7808,4.6223,3.2106,-4.0906,-3.2759,-4.1271
2.6902,5.3188,2.7754,4.5534,3.1771,-4.0219,-3.2377,-4.0484
2.7126,5.2744,2.769,4.4825,3.1421,-3.9511,-3.198,-3.9678
2.7325,5.2271,2.7618,4.4097,3.1057,-3.8784,-3.1568,-3.8853
2.7501,5.177,2.7537,4.3349,3.0679,-3.8039,-3.1144,-3.8012
2.7655,5.1242,2.7449,4.2583,3.029,-3.7278,-3.0707,-3.7153
2.7787,5.0688,2.7355,4.1799,2.9889,-3.65,-3.026,-3.6279
2.7899,5.0107,2.7256,4.0998,2.9478,-3.5707,-2.9802,-3.5391
2.799,4.9501,2.7153,4.0182,2.9057,-3.4899,-2.9335,-3.449
2.8063,4.8871,2.7046,3.935,2.8628,-3.4079,-2.8861,-3.3576
2.8117,4.8216,2.6937,3.8503,2.8192,-3.3246,-2.8379,-3.265
2.8154,4.7538,2.6827,3.7643,2.7749,-3.2402,-2.789,-3.1715
2.8175,4.6838,2.6716,3.6769,2.7301,-3.1548,-2.7397,-3.077
2.8181,4.6115,2.6605,3.5884,2.6848,-3.0684,-2.6899,-2.9817
2.8172,4.5372,2.6496,3.4987,2.6391,-2.9812,-2.6398,-2.8857
2.815,4.4608,2.6389,3.4079,2.5932,-2.8933,-2.5895,-2.789
2.8115,4.3825,2.6285,3.3162,2.5471,-2.8048,-2.539,-2.6919
2.8069,4.3023,2.6184,3.2236,2.501,-2.7158,-2.4885,-2.5943
2.8013,4.2203,2.6088,3.1301,2.4548,-2.6264,-2.438,-2.4964
2.7947,4.1366,2.5997,3.036,2.4088,-2.5366,-2.3876,-2.3983
2.7873,4.0513,2.5913,2.9411,2.3629,-2.4466,-2.3375,-2.3001
2.7792,3.9645,2.5835,2.8457,2.3174,-2.3566,-2.2876,-2.2019
2.7704,3.8763,2.5764,2.7499,2.2722,-2.2664,-2.2382,-2.1037
2.7611,3.7867,2.5702,2.6536,2.2274,-2.1764,-2.1892,-2.0058
2.7514,3.6958,2.5648,2.5569,2.1832,-2.0866,-2.1407,-1.9081
2.7413,3.6038,2.5604,2.4601,2.1397,-1.997,-2.0929,-1.8108
2.731,3.5107,2.557,2.363,2.0968,-1.9078,-2.0458,-1.7139
2.7206,3.4166,2.5546,2.2659,2.0546,-1.8191,-1.9995,-1.6176
2.7102,3.3216,2.5533,2.1688,2.0134,-1.7309,-1.954,-1.522
2.6998,3.2258,2.5531,2.0717,1.973,-1.6433,-1.9094,-1.427
2.6895,3.1293,2.5541,1.9748,1.9336,-1.5565,-1.8658,-1.3329
2.6796,3.0323,2.5564,1.8781,1.8953,-1.4705,-1.8232,-1.2396
2.6699,2.9346,2.5598,1.7817,1.8581,-1.3855,-1.7818,-1.1473
2.6607,2.8366,2.5646,1.6856,1.8221,-1.3014,-1.7414,-1.0561
2.652,2.7382,2.5707,1.59,1.7873,-1.2183,-1.7023,-0.96599
2.6439,2.6396,2.578,1.4949,1.7537,-1.1365,-1.6644,-0.87706
2.6365,2.5409,2.5868,1.4004,1.7216,-1.0558,-1.6279,-0.7894
2.6298,2.4421,2.5969,1.3065,1.6908,-0.97645,-1.5926,-0.70307
2.624,2.3433,2.6083,1.2133,1.6614,-0.89846,-1.5588,-0.61813
2.6191,2.2446,2.6212,1.1209,1.6335,-0.8219,-1.5264,-0.53465
2.6152,2.1462,2.6354,1.0294,1.6072,-0.74685,-1.4954,-0.45269
2.6123,2.0481,2.651,0.93872,1.5823,-0.67337,-1.4659,-0.3723
2.6106,1.9504,2.6679,0.84902,1.5591,-0.60151,-1.4379,-0.29354
2.61,1.8531,2.6862,0.76034,1.5375,-0.53134,-1.4114,-0.21645
2.6106,1.7564,2.7059,0.67274,1.5174,-0.46291,-1.3865,-0.14109
2.6125,1.6604,2.7268,0.58625,1.4991,-0.39627,-1.3631,-0.067497
2.6158,1.5651,2.749,0.50095,1.4824,-0.33147,-1.3413,0.0042832
2.6204,1.4706,2.7725,0.41687,1.4674,-0.26856,-1.3211,0.074214
2.6265,1.377,2.7973,0.33406,1.4541,-0.20758,-1.3024,0.14226
2.634,1.2843,2.8232,0.25256,1.4424,-0.14856,-1.2853,0.20839
2.643,1.1927,2.8502,0.17243,1.4325,-0.09155,-1.2698,0.27257
2.6535,1.1023,2.8784,0.093701,1.4243,-0.036575,-1.2559,0.33477
2.6655,1.013,2.9076,0.016409,1.4178,0.016334,-1.2435,0.39498
2.6791,0.92496,2.9378,-0.059409,1.4129,0.067149,-1.2327,0.45317
2.6943,0.83827,2.969,-0.13372,1.4097,0.11585,-1.2234,0.50933
2.7111,0.75296,3.001,-0.20649,1.4082,0.16241,-1.2156,0.56344
2.7295,0.66912,3.0339,-0.27769,1.4084,0.20683,-1.2092,0.61549
2.7495,0.58679,3.0675,-0.3473,1.4101,0.24908,-1.2044,0.66548
2.771,0.50605,3.1018,-0.41529,1.4134,0.28915,-1.2009,0.71339
2.7942,0.42693,3.1367,-0.48163,1.4183,0.32704,-1.1988,0.75923
2.819,0.3495,3.1721,-0.54632,1.4248,0.36275,-1.1981,0.803
2.8453,0.27381,3.208,-0.60933,1.4327,0.39628,-1.1987,0.8447
2.8732,0.1999,3.2442,-0.67065,1.4421,0.42762,-1.2005,0.88434
2.9026,0.12783,3.2807,-0.73026,1.4529,0.45679,-1.2036,0.92193
2.9335,0.057636,3.3174,-0.78816,1.465,0.4838,-1.2078,0.95749
2.9659,-0.010644,3.3543,-0.84433,1.4785,0.50865,-1.2131,0.99102
2.9997,-0.076969,3.3911,-0.89878,1.4933,0.53138,-1.2195,1.0225
3.0349,-0.14131,3.4278,-0.95149,1.5093,0.55198,-1.2269,1.0521
3.0714,-0.20362,3.4644,-1.0025,1.5264,0.57049,-1.2352,1.0797
3.1092,-0.26388,3.5007,-1.0517,1.5446,0.58693,-1.2444,1.1053
3.1483,-0.32207,3.5366,-1.0993,1.5639,0.60134,-1.2545,1.1291
3.1886,-0.37815,3.5721,-1.145,1.5841,0.61373,-1.2652,1.1509
3.23,-0.43211,3.607,-1.1891,1.6053,0.62414,-1.2767,1.171
3.2725,-0.48393,3.6412,-1.2315,1.6273,0.63261,-1.2888,1.1892
3.3159,-0.5336,3.6746,-1.2722,1.6501,0.63918,-1.3014,1.2056
3.3603,-0.5811,3.7071,-1.3112,1.6736,0.64389,-1.3145,1.2203
3.4055,-0.62642,3.7386,-1.3485,1.6977,0.64677,-1.3279,1.2334
3.4516,-0.66955,3.7691,-1.3842,1.7223,0.64789,-1.3417,1.2448
3.4983,-0.7105,3.7984,-1.4183,1.7475,0.64728,-1.3558,1.2545
3.5456,-0.74926,3.8263,-1.4507,1.773,0.64499,-1.37,1.2628
3.5934,-0.78583,3.8529,-1.4815,1.7988,0.64108,-1.3843,1.2695
3.6417,-0.82022,3.878,-1.5108,1.8249,0.6356,-1.3986,1.2748
3.6903,-0.85243,3.9014,-1.5386,1.8512,0.62861,-1.4128,1.2786
3.7392,-0.88248,3.9232,-1.5648,1.8775,0.62015,-1.4269,1.2811
3.7882,-0.91037,3.9431,-1.5895,1.9039,0.6103,-1.4407,1.2823
3.8373,-0.93613,3.9612,-1.6128,1.9301,0.59911,-1.4542,1.2823
3.8863,-0.95976,3.9773,-1.6346,1.9562,0.58665,-1.4674,1.2811
3.9352,-0.98129,3.9913,-1.6551,1.982,0.57297,-1.48,1.2788
3.9839,-1.0007,4.0031,-1.6741,2.0075,0.55814,-1.4921,1.2753
4.0322,-1.0181,4.0126,-1.6919,2.0326,0.54222,-1.5036,1.2709
4.08,-1.0335,4.0198,-1.7083,2.0572,0.52529,-1.5144,1.2655
4.1273,-1.0469,4.0245,-1.7234,2.0812,0.5074,-1.5244,1.2592
4.174,-1.0583,4.0268,-1.7374,2.1045,0.48862,-1.5335,1.2521
4.2198,-1.0678,4.0264,-1.7501,2.1271,0.46903,-1.5417,1.2442
4.2648,-1.0753,4.0233,-1.7617,2.1489,0.44868,-1.5489,1.2356
4.3088,-1.0811,4.0175,-1.7721,2.1697,0.42765,-1.5549,1.2263
4.3517,-1.0849,4.0089,-1.7815,2.1896,0.40601,-1.5599,1.2164
4.3934,-1.0871,3.9974,-1.7898,2.2084,0.38382,-1.5635,1.206
4.4338,-1.0874,3.983,-1.7971,2.2261,0.36115,-1.5659,1.1951
4.4728,-1.0861,3.9655,-1.8034,2.2426,0.33808,-1.567,1.1838
4.5103,-1.0831,3.945,-1.8088,2.2578,0.31466,-1.5665,1.1722
4.5461,-1.0785,3.9213,-1.8132,2.2716,0.29097,-1.5646,1.1602
4.5802,-1.0724,3.8946,-1.8169,2.284,0.26707,-1.5612,1.1481
4.6125,-1.0648,3.8645,-1.8197,2.295,0.24304,-1.5561,1.1357
4.6429,-1.0557,3.8313,-1.8217,2.3044,0.21892,-1.5494,1.1232
4.6713,-1.0452,3.7948,-1.8229,2.3121,0.1948,-1.5409,1.1107
4.6975,-1.0333,3.7549,-1.8235,2.3182,0.17073,-1.5306,1.0981
4.7216,-1.0202,3.7118,-1.8234,2.3226,0.14678,-1.5185,1.0856
4.7433,-1.0058,3.6652,-1.8227,2.3252,0.12301,-1.5046,1.0732
4.7627,-0.99021,3.6153,-1.8213,2.3259,0.099482,-1.4887,1.0609
4.7795,-0.97348,3.562,-1.8194,2.3247,0.07625,-1.4709,1.0488
4.7938,-0.95568,3.5053,-1.817,2.3216,0.053377,-1.4511,1.037
4.8055,-0.93686,3.4452,-1.8141,2.3165,0.030918,-1.4292,1.0255
4.8144,-0.91706,3.3816,-1.8107,2.3094,0.0089285,-1.4053,1.0144
4.8206,-0.89636,3.3147,-1.8069,2.3002,-0.012537,-1.3792,1.0036
4.8239,-0.87479,3.2444,-1.8027,2.2889,-0.033427,-1.3511,0.99325
4.8242,-0.85243,3.1707,-1.7981,2.2754,-0.053692,-1.3208,0.9834
4.8216,-0.82932,3.0936,-1.7933,2.2598,-0.073282,-1.2883,0.97407
4.8158,-0.80552,3.0132,-1.7881,2.242,-0.09215,-1.2537,0.96531
4.807,-0.78109,2.9295,-1.7827,2.2219,-0.11025,-1.2169,0.95714
4.795,-0.75608,2.8425,-1.777,2.1996,-0.12755,-1.1779,0.94962
4.7798,-0.73055,2.7522,-1.7712,2.175,-0.14399,-1.1366,0.94276
4.7612,-0.70455,2.6587,-1.7651,2.1482,-0.15954,-1.0932,0.93661
4.7394,-0.67813,2.5621,-1.759,2.1191,-0.17417,-1.0475,0.93119
4.7143,-0.65136,2.4624,-1.7526,2.0876,-0.18783,-0.99961,0.92653
4.6857,-0.62427,2.3596,-1.7462,2.0539,-0.20051,-0.94953,0.92266
4.6537,-0.59693,2.2538,-1.7398,2.0178,-0.21215,-0.89725,0.91961
4.6183,-0.56939,2.145,-1.7332,1.9795,-0.22274,-0.8428,0.91739
4.5794,-0.54169,2.0334,-1.7267,1.9388,-0.23226,-0.78618,0.91604
4.5371,-0.51388,1.919,-1.7201,1.8959,-0.24066,-0.72742,0.91556
4.4912,-0.48602,1.8018,-1.7136,1.8506,-0.24794,-0.66655,0.91597
4.4419,-0.45814,1.682,-1.707,1.8031,-0.25408,-0.60358,0.9173
4.389,-0.4303,1.5595,-1.7006,1.7533,-0.25905,-0.53855,0.91954
4.3327,-0.40254,1.4346,-1.6942,1.7013,-0.26284,-0.47149,0.92272
4.2728,-0.37491,1.3073,-1.6879,1.6471,-0.26543,-0.40245,0.92685
4.2095,-0.34745,1.1776,-1.6817,1.5907,-0.26682,-0.33145,0.93192
4.1426,-0.3202,1.0458,-1.6756,1.5321,-0.267,-0.25854,0.93795
4.0723,-0.2932,0.91176,-1.6697,1.4714,-0.26596,-0.18377,0.94493
3.9986,-0.26649,0.77572,-1.6638,1.4087,-0.26368,-0.10719,0.95287
3.9214,-0.24011,0.63775,-1.6582,1.3438,-0.26018,-0.028854,0.96177
3.8409,-0.21409,0.49796,-1.6527,1.277,-0.25545,0.051192,0.97163
3.757,-0.18848,0.35645,-1.6474,1.2082,-0.24949,0.13288,0.98244
3.6698,-0.1633,0.21333,-1.6423,1.1375,-0.24231,0.21616,0.99419
3.5793,-0.13859,0.068724,-1.6374,1.0649,-0.2339,0.30096,1.0069
3.4856,-0.11439,-0.077267,-1.6326,0.9905,-0.22428,0.38722,1.0205
3.3887,-0.09071,-0.22452,-1.6281,0.91433,-0.21346,0.47487,1.035
3.2887,-0.067593,-0.37292,-1.6238,0.83645,-0.20144,0.56383,1.0504
3.1856,-0.045065,-0.52234,-1.6198,0.75693,-0.18823,0.65404,1.0667
3.0795,-0.023151,-0.67267,-1.6159,0.67581,-0.17386,0.74541,1.0839
2.9705,-0.0018774,-0.82377,-1.6123,0.59317,-0.15834,0.83788,1.1019
2.8586,0.018733,-0.97553,-1.6089,0.50907,-0.14168,0.93135,1.1208
2.7439,0.038657,-1.1278,-1.6057,0.42358,-0.12391,1.0258,1.1404
2.6265,0.057873,-1.2805,-1.6028,0.33676,-0.10504,1.121,1.1609
2.5064,0.076361,-1.4335,-1.6001,0.24869,-0.085096,1.217,1.1821
2.3838,0.094102,-1.5866,-1.5976,0.15944,-0.064102,1.3137,1.204
2.2587,0.11108,-1.7397,-1.5954,0.069077,-0.042082,1.4109,1.2266
2.1312,0.12728,-1.8927,-1.5934,-0.022314,-0.01906,1.5087,1.2499
2.0013,0.14267,-2.0455,-1.5916,-0.11466,0.0049347,1.6069,1.2739
1.8693,0.15726,-2.1979,-1.5901,-0.20789,0.029876,1.7053,1.2985
1.7351,0.17103,-2.3497,-1.5888,-0.30191,0.055733,1.804,1.3236
1.599,0.18396,-2.501,-1.5877,-0.39665,0.082478,1.9028,1.3493
1.4609,0.19604,-2.6515,-1.5868,-0.49204,0.11008,2.0016,1.3755
1.3209,0.20727,-2.8011,-1.5862,-0.58797,0.1385,2.1004,1.4022
1.1793,0.21763,-2.9496,-1.5857,-0.68439,0.16772,2.1989,1.4294
1.036,0.22712,-3.0971,-1.5854,-0.78119,0.1977,2.2973,1.4569
0.89128,0.23573,-3.2432,-1.5854,-0.8783,0.2284,2.3952,1.4849
0.74513,0.24345,-3.3879,-1.5855,-0.97564,0.25979,2.4927,1.5131
0.59769,0.25028,-3.5311,-1.5858,-1.0731,0.29184,2.5896,1.5417
0.44908,0.25621,-3.6726,-1.5863,-1.1707,0.32451,2.6859,1.5705
0.29941,0.26125,-3.8124,-1.587,-1.2682,0.35776,2.7814,1.5995
0.1488,0.26538,-3.9503,-1.5878,-1.3656,0.39156,2.8761,1.6287
-0.0026502,0.26861,-4.0861,-1.5888,-1.4628,0.42588,2.9698,1.658
-0.15481,0.27094,-4.2198,-1.5899,-1.5597,0.46068,3.0624,1.6874
-0.30757,0.27235,-4.3513,-1.5911,-1.6563,0.49592,3.1539,1.7169
-0.46081,0.27287,-4.4803,-1.5925,-1.7524,0.53156,3.2442,1.7464
-0.61442,0.27247,-4.6069,-1.594,-1.848,0.56757,3.3332,1.7759
-0.76827,0.27117,-4.7309,-1.5956,-1.943,0.60392,3.4207,1.8052
-0.92224,0.26897,-4.8522,-1.5973,-2.0373,0.64057,3.5067,1.8345
-1.0762,0.26587,-4.9707,-1.5991,-2.1308,0.67748,3.5911,1.8636
-1.2301,0.26188,-5.0863,-1.601,-2.2235,0.71461,3.6738,1.8925
-1.3838,0.25698,-5.1989,-1.6029,-2.3153,0.75194,3.7547,1.9212
-1.5371,0.2512,-5.3084,-1.6049,-2.4061,0.78943,3.8337,1.9496
-1.6899,0.24453,-5.4146,-1.607,-2.4958,0.82704,3.9108,1.9777
-1.8422,0.23698,-5.5176,-1.6091,-2.5844,0.86474,3.9858,2.0054
-1.9937,0.22856,-5.6172,-1.6112,-2.6717,0.9025,4.0587,2.0327
-2.1445,0.21926,-5.7134,-1.6133,-2.7578,0.94028,4.1294,2.0595
-2.2944,0.20909,-5.806,-1.6155,-2.8425,0.97806,4.1979,2.0859
-2.4432,0.19806,-5.8949,-1.6176,-2.9258,1.0158,4.264,2.1118
-2.5908,0.18618,-5.9802,-1.6197,-3.0076,1.0535,4.3276,2.1371
-2.7372,0.17345,-6.0616,-1.6218,-3.0879,1.0911,4.3888,2.1618
-2.8823,0.15988,-6.1393,-1.6239,-3.1666,1.1285,4.4474,2.1858
-3.0258,0.14547,-6.213,-1.6259,-3.2436,1.1658,4.5034,2.2092
-3.1678,0.13023,-6.2828,-1.6279,-3.3188,1.2029,4.5567,2.2319
-3.3081,0.11417,-6.3485,-1.6297,-3.3923,1.2398,4.6073,2.2538
-3.4466,0.097298,-6.4101,-1.6315,-3.464,1.2765,4.655,2.275
-3.5833,0.079617,-6.4676,-1.6332,-3.5337,1.3129,4.6999,2.2954
-3.7179,0.061136,-6.5209,-1.6348,-3.6016,1.3491,4.7419,2.3149
-3.8505,0.041863,-6.57,-1.6363,-3.6675,1.3849,4.7809,2.3335
-3.9809,0.021806,-6.6148,-1.6376,-3.7313,1.4204,4.817,2.3512
-4.109,0.00097316,-6.6554,-1.6388,-3.7931,1.4556,4.8499,2.368
-4.2348,-0.020628,-6.6916,-1.6399,-3.8528,1.4904,4.8799,2.3838
-4.3581,-0.04299,-6.7234,-1.6407,-3.9103,1.5248,4.9067,2.3986
-4.4789,-0.066103,-6.7509,-1.6414,-3.9657,1.5588,4.9303,2.4124
-4.5971,-0.089959,-6.7739,-1.6419,-4.0189,1.5923,4.9508,2.4252
-4.7126,-0.11455,-6.7926,-1.6422,-4.0698,1.6255,4.9681,2.4369
-4.8254,-0.13987,-6.8068,-1.6423,-4.1185,1.6582,4.9821,2.4475
-4.9353,-0.1659,-6.8166,-1.6421,-4.1649,1.6904,4.9929,2.457
-5.0423,-0.19264,-6.8219,-1.6417,-4.209,1.7221,5.0005,2.4653
-5.1464,-0.22008,-6.8228,-1.641,-4.2508,1.7534,5.0048,2.4725
-5.2474,-0.24821,-6.8193,-1.6401,-4.2903,1.7841,5.0058,2.4784
-5.3453,-0.27702,-6.8113,-1.6388,-4.3274,1.8144,5.0035,2.4832
-5.44,-0.3065,-6.799,-1.6373,-4.3621,1.8441,4.998,2.4868
-5.5315,-0.33664,-6.7822,-1.6355,-4.3945,1.8733,4.9892,2.4892
-5.6198,-0.36742,-6.7611,-1.6333,-4.4245,1.9019,4.9771,2.4903
-5.7047,-0.39885,-6.7357,-1.6308,-4.4521,1.93,4.9617,2.4901
-5.7863,-0.4309,-6.7059,-1.6279,-4.4774,1.9575,4.9431,2.4887
-5.8645,-0.46358,-6.6718,-1.6247,-4.5003,1.9844,4.9212,2.486
-5.9393,-0.49686,-6.6335,-1.621,-4.5208,2.0108,4.8961,2.4821
-6.0105,-0.53073,-6.591,-1.617,-4.5389,2.0367,4.8678,2.4768
-6.0783,-0.56518,-6.5443,-1.6126,-4.5547,2.0619,4.8364,2.4702
-6.1425,-0.60021,-6.4935,-1.6078,-4.5681,2.0866,4.8018,2.4623
-6.2031,-0.6358,-6.4387,-1.6025,-4.5792,2.1107,4.764,2.4531
-6.2602,-0.67193,-6.3798,-1.5968,-4.588,2.1342,4.7232,2.4426
-6.3137,-0.70859,-6.317,-1.5906,-4.5944,2.1571,4.6794,2.4308
-6.3635,-0.74577,-6.2503,-1.584,-4.5986,2.1795,4.6325,2.4177
-6.4097,-0.78346,-6.1798,-1.5768,-4.6006,2.2012,4.5827,2.4032
-6.4523,-0.82164,-6.1055,-1.5692,-4.6003,2.2224,4.53,2.3875
-6.4912,-0.8603,-6.0275,-1.561,-4.5978,2.243,4.4744,2.3704
-6.5265,-0.89941,-5.946,-1.5524,-4.5932,2.2631,4.4161,2.352
-6.5581,-0.93897,-5.8609,-1.5432,-4.5863,2.2825,4.3549,2.3323
-6.5861,-0.97897,-5.7723,-1.5334,-4.5774,2.3014,4.2911,2.3114
-6.6105,-1.0194,-5.6804,-1.5231,-4.5664,2.3198,4.2246,2.2891
-6.6312,-1.0602,-5.5853,-1.5122,-4.5534,2.3375,4.1556,2.2656
-6.6484,-1.1014,-5.4869,-1.5008,-4.5383,2.3547,4.084,2.2409
-6.6619,-1.1429,-5.3854,-1.4887,-4.5213,2.3714,4.01,2.2149
-6.6719,-1.1848,-5.281,-1.4761,-4.5023,2.3875,3.9337,2.1876
-6.6784,-1.227,-5.1736,-1.4629,-4.4815,2.4031,3.855,2.1592
-6.6813,-1.2695,-5.0635,-1.449,-4.4588,2.4181,3.7741,2.1295
-6.6807,-1.3123,-4.9506,-1.4345,-4.4343,2.4326,3.6911,2.0987
-6.6767,-1.3554,-4.8352,-1.4194,-4.4081,2.4466,3.606,2.0666
-6.6693,-1.3988,-4.7172,-1.4037,-4.3802,2.46,3.5189,2.0335
-6.6586,-1.4423,-4.5969,-1.3873,-4.3506,2.473,3.4299,1.9992
-6.6445,-1.4861,-4.4743,-1.3703,-4.3195,2.4854,3.3391,1.9638
-6.6271,-1.53,-4.3495,-1.3526,-4.2867,2.4974,3.2466,1.9274
-6.6064,-1.5741,-4.2227,-1.3343,-4.2525,2.5089,3.1524,1.8899
-6.5826,-1.6184,-4.094,-1.3154,-4.2169,2.5198,3.0566,1.8514
-6.5557,-1.6628,-3.9634,-1.2957,-4.1798,2.5304,2.9594,1.8118
-6.5257,-1.7072,-3.8311,-1.2754,-4.1414,2.5404,2.8608,1.7713
-6.4927,-1.7518,-3.6973,-1.2545,-4.1017,2.55,2.7609,1.7299
-6.4567,-1.7964,-3.562,-1.2329,-4.0608,2.5591,2.6598,1.6875
-6.4179,-1.841,-3.4253,-1.2107,-4.0188,2.5679,2.5575,1.6442
-6.3762,-1.8857,-3.2874,-1.1878,-3.9756,2.5761,2.4543,1.6001
-6.3318,-1.9303,-3.1484,-1.1643,-3.9313,2.584,2.3502,1.5552
-6.2847,-1.9749,-3.0085,-1.1401,-3.8861,2.5914,2.2452,1.5095
-6.2349,-2.0194,-2.8676,-1.1153,-3.8399,2.5985,2.1395,1.4631
-6.1827,-2.0638,-2.7261,-1.0899,-3.7929,2.6051,2.0332,1.4159
-6.1279,-2.1081,-2.5839,-1.0639,-3.745,2.6114,1.9263,1.368
-6.0708,-2.1523,-2.4412,-1.0373,-3.6964,2.6173,1.819,1.3195
-6.0114,-2.1964,-2.2981,-1.01,-3.647,2.6228,1.7114,1.2704
-5.9498,-2.2402,-2.1548,-0.98223,-3.597,2.6279,1.6035,1.2208
-5.886,-2.2838,-2.0114,-0.95387,-3.5464,2.6328,1.4955,1.1706
-5.8202,-2.3272,-1.8679,-0.92495,-3.4953,2.6372,1.3874,1.1199
-5.7524,-2.3704,-1.7246,-0.89549,-3.4437,2.6414,1.2794,1.0688
-5.6827,-2.4132,-1.5814,-0.86552,-3.3917,2.6452,1.1714,1.0172
-5.6112,-2.4558,-1.4387,-0.83504,-3.3394,2.6487,1.0638,0.96535
-5.5379,-2.4981,-1.2964,-0.80409,-3.2867,2.6519,0.95642,0.91314
-5.4631,-2.54,-1.1546,-0.77267,-3.2338,2.6548,0.84949,0.86066
-5.3867,-2.5815,-1.0136,-0.74082,-3.1807,2.6574,0.74306,0.80794
-5.3089,-2.6227,-0.87341,-0.70855,-3.1275,2.6597,0.63724,0.75503
-5.2298,-2.6634,-0.73411,-0.67588,-3.0742,2.6618,0.53211,0.70198
-5.1493,-2.7037,-0.59585,-0.64285,-3.0209,2.6636,0.42776,0.64884
-5.0677,-2.7435,-0.45874,-0.60948,-2.9676,2.6651,0.32428,0.59564
-4.9851,-2.7829,-0.32287,-0.57579,-2.9144,2.6664,0.22175,0.54243
-4.9014,-2.8218,-0.18836,-0.54181,-2.8613,2.6675,0.12026,0.48926
-4.8169,-2.8602,-0.055309,-0.50758,-2.8085,2.6683,0.019898,0.43618
-4.7315,-2.8981,0.07618,-0.47312,-2.7558,2.669,-0.079261,0.38324
-4.6454,-2.9354,0.20601,-0.43846,-2.7034,2.6694,-0.17713,0.33047
-4.5587,-2.9721,0.33408,-0.40363,-2.6514,2.6696,-0.27364,0.27792
-4.4715,-3.0083,0.46029,-0.36868,-2.5998,2.6697,-0.36871,0.22565
-4.3839,-3.0438,0.58456,-0.33362,-2.5485,2.6695,-0.46226,0.1737
-4.2959,-3.0788,0.70679,-0.29849,-2.4978,2.6692,-0.55422,0.12212
-4.2076,-3.1131,0.82689,-0.26334,-2.4475,2.6687,-0.64451,0.07095
-4.1192,-3.1468,0.94479,-0.22819,-2.3978,2.6681,-0.73308,0.020242
-4.0307,-3.1799,1.0604,-0.19307,-2.3487,2.6673,-0.81985,-0.029959
-3.9421,-3.2123,1.1736,-0.15804,-2.3003,2.6663,-0.90476,-0.079606
-3.8537,-3.244,1.2844,-0.12312,-2.2525,2.6653,-0.98774,-0.12865
-3.7655,-3.275,1.3926,-0.088346,-2.2054,2.6641,-1.0687,-0.17705
-3.6775,-3.3053,1.4983,-0.053764,-2.1591,2.6627,-1.1477,-0.22476
-3.5899,-3.335,1.6013,-0.019409,-2.1136,2.6613,-1.2245,-0.27174
-3.5026,-3.3639,1.7016,0.01468,-2.0689,2.6598,-1.2992,-0.31793
-3.4159,-3.3921,1.799,0.048466,-2.025,2.6582,-1.3717,-0.3633
-3.3298,-3.4195,1.8936,0.081908,-1.982,2.6564,-1.442,-0.4078
-3.2443,-3.4463,1.9854,0.11497,-1.9399,2.6546,-1.5099,-0.45139
-3.1596,-3.4723,2.0741,0.14761,-1.8987,2.6527,-1.5755,-0.49402
-3.0756,-3.4976,2.1598,0.17979,-1.8585,2.6508,-1.6387,-0.53566
-2.9925,-3.5221,2.2425,0.21147,-1.8193,2.6488,-1.6995,-0.57626
-2.9104,-3.5459,2.3221,0.24261,-1.7811,2.6467,-1.7579,-0.61579
-2.8293,-3.5689,2.3986,0.27318,-1.7439,2.6445,-1.8138,-0.65421
-2.7493,-3.5912,2.4718,0.30313,-1.7078,2.6424,-1.8671,-0.69148
-2.6704,-3.6127,2.5419,0.33243,-1.6727,2.6401,-1.9179,-0.72755
-2.5927,-3.6335,2.6087,0.36104,-1.6387,2.6379,-1.9661,-0.76241
-2.5162,-3.6535,2.6723,0.38893,-1.6058,2.6356,-2.0118,-0.79601
-2.4411,-3.6728,2.7326,0.41605,-1.574,2.6332,-2.0548,-0.82831
-2.3674,-3.6914,2.7895,0.44238,-1.5433,2.6309,-2.0952,-0.8593
-2.2951,-3.7092,2.8432,0.46787,-1.5138,2.6285,-2.133,-0.88893
-2.2242,-3.7263,2.8935,0.49249,-1.4853,2.6261,-2.1681,-0.91717
-2.1549,-3.7426,2.9405,0.51621,-1.4581,2.6237,-2.2006,-0.94401
-2.0871,-3.7582,2.9841,0.539,-1.4319,2.6212,-2.2304,-0.96942
-2.021,-3.7731,3.0244,0.56082,-1.407,2.6188,-2.2576,-0.99336
-1.9565,-3.7873,3.0613,0.58165,-1.3831,2.6164,-2.2821,-1.0158
-1.8937,-3.8008,3.0949,0.60145,-1.3604,2.6139,-2.304,-1.0368
-1.8327,-3.8136,3.1251,0.62019,-1.3389,2.6114,-2.3232,-1.0562
-1.7734,-3.8257,3.152,0.63785,-1.3185,2.609,-2.3397,-1.0741
-1.7159,-3.8371,3.1756,0.65441,-1.2993,2.6065,-2.3537,-1.0904
-1.6602,-3.8478,3.1959,0.66983,-1.2812,2.604,-2.365,-1.1052
-1.6063,-3.8579,3.213,0.68409,-1.2642,2.6015,-2.3737,-1.1183
-1.5544,-3.8673,3.2267,0.69718,-1.2483,2.599,-2.3799,-1.1299
-1.5043,-3.876,3.2373,0.70906,-1.2336,2.5965,-2.3835,-1.1399
-1.4561,-3.8841,3.2447,0.71973,-1.2199,2.594,-2.3846,-1.1482
-1.4099,-3.8916,3.2489,0.72916,-1.2073,2.5914,-2.3832,-1.155
-1.3656,-3.8985,3.2499,0.73734,-1.1958,2.5889,-2.3793,-1.1601
-1.3232,-3.9048,3.2479,0.74425,-1.1853,2.5863,-2.373,-1.1636
-1.2828,-3.9105,3.2429,0.74988,-1.1758,2.5837,-2.3644,-1.1655
-1.2444,-3.9156,3.2348,0.75422,-1.1674,2.5811,-2.3533,-1.1657
-1.2079,-3.9201,3.2238,0.75725,-1.1599,2.5784,-2.34,-1.1644
-1.1735,-3.924,3.2099,0.75898,-1.1535,2.5756,-2.3244,-1.1615
-1.1409,-3.9274,3.1932,0.7594,-1.1479,2.5729,-2.3065,-1.1569
-1.1104,-3.9303,3.1736,0.7585,-1.1433,2.57,-2.2865,-1.1508
-1.0818,-3.9326,3.1513,0.75627,-1.1395,2.5671,-2.2644,-1.1431
-1.0551,-3.9344,3.1264,0.75273,-1.1366,2.5641,-2.2402,-1.1339
-1.0304,-3.9357,3.0988,0.74786,-1.1346,2.561,-2.214,-1.1232
-1.0076,-3.9365,3.0687,0.74168,-1.1333,2.5579,-2.1858,-1.1109
-0.98675,-3.9368,3.0361,0.73419,-1.1328,2.5546,-2.1557,-1.0972
-0.96777,-3.9366,3.0011,0.72539,-1.133,2.5512,-2.1237,-1.0819
-0.95067,-3.9359,2.9637,0.7153,-1.134,2.5477,-2.09,-1.0653
-0.93542,-3.9348,2.9241,0.70392,-1.1356,2.544,-2.0546,-1.0472
-0.922,-3.9332,2.8823,0.69127,-1.1378,2.5402,-2.0175,-1.0278
-0.91038,-3.9311,2.8384,0.67737,-1.1407,2.5362,-1.9789,-1.007
-0.90054,-3.9286,2.7924,0.66223,-1.1441,2.532,-1.9387,-0.98496
-0.89245,-3.9257,2.7445,0.64586,-1.148,2.5276,-1.8971,-0.96162
-0.88607,-3.9224,2.6947,0.6283,-1.1524,2.523,-1.8541,-0.93704
-0.88137,-3.9186,2.6431,0.60956,-1.1572,2.5181,-1.8098,-0.91128
-0.87832,-3.9144,2.5897,0.58966,-1.1624,2.513,-1.7642,-0.88436
-0.87688,-3.9098,2.5348,0.56864,-1.168,2.5076,-1.7176,-0.85635
-0.87701,-3.9047,2.4783,0.54652,-1.1739,2.502,-1.6698,-0.82728
-0.87868,-3.8993,2.4204,0.52333,-1.18,2.496,-1.6211,-0.7972
-0.88183,-3.8934,2.3611,0.49911,-1.1864,2.4897,-1.5714,-0.76617
-0.88643,-3.8872,2.3006,0.47388,-1.1929,2.483,-1.5209,-0.73423
-0.89242,-3.8805,2.2388,0.44768,-1.1996,2.476,-1.4697,-0.70144
-0.89978,-3.8735,2.176,0.42055,-1.2064,2.4685,-1.4178,-0.66785
-0.90844,-3.866,2.1121,0.39253,-1.2132,2.4607,-1.3652,-0.63351
-0.91835,-3.8582,2.0474,0.36365,-1.2201,2.4524,-1.3122,-0.5985
-0.92948,-3.8499,1.9818,0.33396,-1.2268,2.4436,-1.2587,-0.56285
-0.94176,-3.8412,1.9155,0.30351,-1.2335,2.4344,-1.2048,-0.52664
-0.95515,-3.8321,1.8486,0.27232,-1.24,2.4246,-1.1507,-0.48992
-0.96958,-3.8226,1.7811,0.24047,-1.2463,2.4143,-1.0964,-0.45276
-0.98502,-3.8126,1.7132,0.20797,-1.2524,2.4034,-1.042,-0.41522
-1.0014,-3.8023,1.6449,0.1749,-1.2582,2.392,-0.98761,-0.37737
-1.0186,-3.7915,1.5763,0.1413,-1.2637,2.3799,-0.93324,-0.33926
-1.0367,-3.7802,1.5076,0.10721,-1.2688,2.3672,-0.87901,-0.30096
-1.0556,-3.7685,1.4388,0.072692,-1.2734,2.3538,-0.825,-0.26255
-1.0751,-3.7563,1.37,0.037799,-1.2776,2.3397,-0.77129,-0.22408
-1.0953,-3.7437,1.3012,0.0025818,-1.2812,2.3248,-0.71797,-0.18563
-1.1161,-3.7305,1.2327,-0.032903,-1.2843,2.3092,-0.6651,-0.14725
-1.1374,-3.7169,1.1645,-0.0686,-1.2867,2.2929,-0.61277,-0.10903
-1.1592,-3.7028,1.0966,-0.10445,-1.2885,2.2757,-0.56106,-0.071028
-1.1814,-3.6881,1.0291,-0.14041,-1.2895,2.2577,-0.51005,-0.033309
-1.2039,-3.6729,0.96221,-0.1764,-1.2898,2.2388,-0.4598,0.0040547
-1.2267,-3.6571,0.89593,-0.21238,-1.2893,2.219,-0.4104,0.040996
-1.2498,-3.6407,0.83034,-0.24828,-1.2879,2.1982,-0.36192,0.077447
-1.2729,-3.6238,0.76553,-0.28405,-1.2857,2.1766,-0.31443,0.11334
-1.2962,-3.6063,0.7016,-0.31963,-1.2825,2.1539,-0.26801,0.14861
-1.3195,-3.5881,0.6386,-0.35495,-1.2783,2.1302,-0.22271,0.18318
-1.3427,-3.5693,0.57662,-0.38997,-1.273,2.1055,-0.17861,0.21699
-1.3659,-3.5498,0.51575,-0.42461,-1.2667,2.0797,-0.13578,0.24998
-1.3888,-3.5296,0.45604,-0.45883,-1.2593,2.0529,-0.094284,0.28208
-1.4116,-3.5087,0.39757,-0.49256,-1.2507,2.0249,-0.054177,0.31323
-1.434,-3.4871,0.34042,-0.52574,-1.241,1.9957,-0.015524,0.34336
-1.4561,-3.4648,0.28465,-0.55832,-1.23,1.9654,0.021615,0.37242
-1.4778,-3.4416,0.23033,-0.59024,-1.2177,1.9339,0.057185,0.40033
-1.499,-3.4177,0.17753,-0.62144,-1.2042,1.9011,0.09113,0.42704
-1.5196,-3.393,0.12629,-0.65187,-1.1893,1.8671,0.1234,0.4525
-1.5397,-3.3674,0.076692,-0.68146,-1.173,1.8318,0.15394,0.47664
-1.559,-3.3409,0.028785,-0.71017,-1.1553,1.7953,0.1827,0.49942
-1.5777,-3.3135,-0.017375,-0.73794,-1.1362,1.7574,0.20964,0.52077
-1.5955,-3.2852,-0.061735,-0.76472,-1.1157,1.7182,0.23472,0.54065
-1.6125,-3.256,-0.10424,-0.79046,-1.0936,1.6776,0.25789,0.559
-1.6286,-3.2258,-0.14486,-0.8151,-1.07,1.6356,0.27912,0.57579
-1.6437,-3.1946,-0.18352,-0.8386,-1.0449,1.5923,0.29836,0.59095
-1.6578,-3.1624,-0.22021,-0.86092,-1.0182,1.5475,0.3156,0.60445
-1.6708,-3.1291,-0.25487,-0.88199,-0.98986,1.5013,0.33079,0.61625
-1.6826,-3.0948,-0.28746,-0.90178,-0.95994,1.4537,0.34391,0.6263
-1.6933,-3.0594,-0.31796,-0.92025,-0.92839,1.4046,0.35493,0.63457
-1.7027,-3.0228,-0.34633,-0.93736,-0.89519,1.354,0.36383,0.64103
-1.7108,-2.9851,-0.37254,-0.95305,-0.86033,1.302,0.3706,0.64564
-1.7175,-2.9463,-0.39657,-0.96731,-0.82379,1.2485,0.37522,0.64837
-1.7228,-2.9062,-0.4184,-0.98008,-0.78556,1.1934,0.37767,0.64919
-1.7267,-2.8649,-0.438,-0.99135,-0.74563,1.1369,0.37794,0.64808
-1.729,-2.8224,-0.45536,-1.0011,-0.70398,1.0788,0.37603,0.64502
-1.7298,-2.7786,-0.47047,-1.0092,-0.66063,1.0193,0.37192,0.63999
-1.729,-2.7336,-0.48331,-1.0157,-0.61556,0.9582,0.36563,0.63296
-1.7266,-2.6872,-0.49388,-1.0207,-0.56876,0.89561,0.35716,0.62394
-1.7224,-2.6395,-0.50217,-1.0239,-0.52025,0.8315,0.34649,0.6129
-1.7166,-2.5905,-0.50818,-1.0255,-0.47002,0.76589,0.33365,0.59984
-1.7089,-2.5401,-0.51191,-1.0254,-0.41808,0.69876,0.31865,0.58475
-1.6995,-2.4883,-0.51338,-1.0236,-0.36443,0.63014,0.3015,0.56764
-1.6882,-2.4351,-0.51258,-1.02,-0.30909,0.56004,0.28221,0.5485
-1.675,-2.3805,-0.50952,-1.0148,-0.25206,0.48845,0.2608,0.52734
-1.6599,-2.3245,-0.50423,-1.0078,-0.19335,0.41539,0.23731,0.50416
-1.6428,-2.267,-0.49671,-0.999,-0.13299,0.34088,0.21174,0.47897
-1.6238,-2.2081,-0.487,-0.98849,-0.070989,0.26494,0.18414,0.4518
-1.6027,-2.1477,-0.4751,-0.97623,-0.007367,0.18758,0.15454,0.42264
-1.5797,-2.0858,-0.46106,-0.96221,0.057854,0.10882,0.12296,0.39154
-1.5545,-2.0225,-0.44489,-0.94645,0.12465,0.028687,0.089444,0.35849
-1.5273,-1.9576,-0.42664,-0.92895,0.19299,-0.052797,0.054037,0.32354
-1.498,-1.8913,-0.40633,-0.90971,0.26285,-0.13561,0.016779,0.28671
-1.4666,-1.8234,-0.384,-0.88876,0.3342,-0.21971,-0.022285,0.24803
-1.4331,-1.7541,-0.3597,-0.8661,0.40701,-0.30508,-0.063106,0.20754
-1.3974,-1.6832,-0.33346,-0.84175,0.48123,-0.39168,-0.10563,0.16528
-1.3596,-1.6109,-0.30534,-0.81574,0.55684,-0.47948,-0.14982,0.12127
-1.3196,-1.537,-0.27539,-0.78807,0.63379,-0.56845,-0.19559,0.075578
-1.2774,-1.4617,-0.24365,-0.75879,0.71205,-0.65853,-0.24291,0.028237
-1.2331,-1.3848,-0.21018,-0.72792,0.79156,-0.7497,-0.29171,-0.020701
-1.1866,-1.3065,-0.17504,-0.69548,0.87228,-0.84191,-0.34192,-0.071184
-1.138,-1.2267,-0.13829,-0.66151,0.95417,-0.93512,-0.39349,-0.12316
-1.0872,-1.1455,-0.099979,-0.62605,1.0372,-1.0293,-0.44634,-0.17657
-1.0342,-1.0628,-0.060183,-0.58913,1.1213,-1.1243,-0.5004,-0.23135
-0.97913,-0.97862,-0.018964,-0.55079,1.2063,-1.2202,-0.55561,-0.28745
-0.9219,-0.89307,0.02361,-0.51107,1.2924,-1.317,-0.61188,-0.34479
-0.86256,-0.80613,0.067468,-0.47003,1.3793,-1.4144,-0.66916,-0.40332
-0.80112,-0.71782,0.11254,-0.4277,1.4671,-1.5126,-0.72735,-0.46297
-0.7376,-0.62815,0.15875,-0.38413,1.5556,-1.6113,-0.78639,-0.52365
-0.67204,-0.53717,0.20602,-0.33939,1.6449,-1.7107,-0.84619,-0.58531
-0.60444,-0.44488,0.25429,-0.29351,1.7349,-1.8106,-0.90668,-0.64787
-0.53485,-0.35134,0.30346,-0.24656,1.8254,-1.9109,-0.96777,-0.71124
-0.4633,-0.25656,0.35346,-0.19859,1.9164,-2.0116,-1.0294,-0.77536
-0.38981,-0.16058,0.40421,-0.14966,2.008,-2.1126,-1.0914,-0.84014
-0.31442,-0.063431,0.45562,-0.099833,2.0999,-2.2139,-1.1538,-0.9055
-0.23718,0.034837,0.50762,-0.049173,2.1921,-2.3154,-1.2165,-0.97136
-0.15813,0.13419,0.56012,0.0022571,2.2845,-2.417,-1.2793,-1.0376
-0.077302,0.23459,0.61303,0.054392,2.3772,-2.5187,-1.3423,-1.1042
0.0052439,0.33598,0.66627,0.10716,2.4699,-2.6203,-1.4052,-1.1711
0.089463,0.43833,0.71975,0.1605,2.5627,-2.7218,-1.4681,-1.2381
0.1753,0.54158,0.77339,0.21434,2.6555,-2.8232,-1.5308,-1.3052
0.26271,0.64568,0.8271,0.26861,2.7481,-2.9244,-1.5932,-1.3723
0.35162,0.75058,0.8808,0.32323,2.8405,-3.0252,-1.6553,-1.4392
0.44198,0.85623,0.93439,0.37814,2.9327,-3.1256,-1.717,-1.506
0.53373,0.96257,0.98779,0.43325,3.0245,-3.2256,-1.7782,-1.5725
0.6268,1.0695,1.0409,0.4885,3.1159,-3.325,-1.8387,-1.6386
0.72113,1.1771,1.0937,0.5438,3.2068,-3.4239,-1.8986,-1.7043
0.81665,1.2851,1.146,0.59909,3.2972,-3.522,-1.9577,-1.7694
0.91328,1.3937,1.1978,0.65428,3.3869,-3.6194,-2.016,-1.8339
1.011,1.5025,1.2489,0.70931,3.4758,-3.7159,-2.0733,-1.8977
1.1096,1.6117,1.2994,0.76409,3.564,-3.8115,-2.1297,-1.9606
1.2092,1.7212,1.3491,0.81854,3.6513,-3.9061,-2.1849,-2.0227
1.3095,1.8308,1.3979,0.87259,3.7376,-3.9996,-2.2389,-2.0838
1.4106,1.9406,1.4457,0.92617,3.8229,-4.092,-2.2917,-2.1438
1.5124,2.0503,1.4926,0.97919,3.9071,-4.1831,-2.3432,-2.2027
1.6147,2.1601,1.5383,1.0316,3.9901,-4.2729,-2.3932,-2.2603
1.7175,2.2697,1.5828,1.0833,4.0719,-4.3614,-2.4418,-2.3167
1.8207,2.3791,1.6261,1.1342,4.1524,-4.4484,-2.4889,-2.3716
1.9243,2.4883,1.6681,1.1842,4.2315,-4.5339,-2.5343,-2.4251
2.0281,2.5971,1.7087,1.2334,4.3091,-4.6178,-2.578,-2.4771
2.132,2.7055,1.7478,1.2815,4.3852,-4.7,-2.62,-2.5275
2.2359,2.8134,1.7854,1.3286,4.4597,-4.7805,-2.6602,-2.5761
2.3399,2.9207,1.8213,1.3745,4.5326,-4.8592,-2.6986,-2.6231
2.4437,3.0273,1.8556,1.4192,4.6037,-4.936,-2.735,-2.6682
2.5472,3.1332,1.8882,1.4627,4.6731,-5.0108,-2.7694,-2.7114
2.6505,3.2383,1.919,1.5048,4.7406,-5.0837,-2.8018,-2.7527
2.7534,3.3424,1.948,1.5455,4.8062,-5.1545,-2.8321,-2.7919
2.8557,3.4456,1.975,1.5847,4.8699,-5.2232,-2.8602,-2.8291
2.9575,3.5477,2.0002,1.6225,4.9315,-5.2897,-2.8862,-2.8642
3.0586,3.6486,2.0233,1.6586,4.9911,-5.3539,-2.91,-2.8972
3.1589,3.7484,2.0444,1.6931,5.0485,-5.4159,-2.9316,-2.9279
3.2584,3.8467,2.0634,1.7259,5.1038,-5.4755,-2.9508,-2.9564
3.3569,3.9437,2.0804,1.757,5.1569,-5.5327,-2.9677,-2.9825
3.4544,4.0392,2.0951,1.7862,5.2077,-5.5875,-2.9823,-3.0064
3.5507,4.1332,2.1077,1.8137,5.2562,-5.6397,-2.9945,-3.0278
3.6458,4.2255,2.118,1.8392,5.3024,-5.6895,-3.0042,-3.0468
3.7396,4.3161,2.1261,1.8629,5.3462,-5.7366,-3.0116,-3.0634
3.832,4.4049,2.1319,1.8845,5.3876,-5.7812,-3.0165,-3.0776
3.9229,4.4918,2.1355,1.9042,5.4266,-5.8231,-3.0189,-3.0892
4.0123,4.5768,2.1367,1.9218,5.463,-5.8623,-3.0189,-3.0983
4.1,4.6597,2.1356,1.9374,5.497,-5.8988,-3.0164,-3.1049
4.1859,4.7406,2.1321,1.9509,5.5284,-5.9326,-3.0115,-3.109
4.2701,4.8193,2.1263,1.9622,5.5573,-5.9636,-3.004,-3.1105
4.3523,4.8958,2.1181,1.9715,5.5836,-5.9918,-2.994,-3.1095
4.4326,4.97,2.1075,1.9785,5.6074,-6.0172,-2.9816,-3.1059
4.5109,5.0418,2.0946,1.9834,5.6285,-6.0397,-2.9667,-3.0997
4.587,5.1112,2.0793,1.9861,5.647,-6.0595,-2.9494,-3.091
4.661,5.1781,2.0617,1.9866,5.6629,-6.0764,-2.9295,-3.0797
4.7327,5.2425,2.0417,1.985,5.6762,-6.0904,-2.9073,-3.0659
4.8021,5.3043,2.0193,1.9811,5.6868,-6.1016,-2.8826,-3.0496
4.8691,5.3634,1.9947,1.975,5.6948,-6.1099,-2.8556,-3.0307
4.9336,5.4198,1.9677,1.9667,5.7001,-6.1154,-2.8261,-3.0094
4.9957,5.4735,1.9384,1.9562,5.7029,-6.118,-2.7943,-2.9856
5.0552,5.5244,1.9069,1.9435,5.703,-6.1178,-2.7603,-2.9593
5.1121,5.5724,1.8731,1.9287,5.7005,-6.1148,-2.7239,-2.9307
5.1663,5.6176,1.8371,1.9117,5.6954,-6.1089,-2.6853,-2.8996
5.2178,5.6598,1.7989,1.8925,5.6877,-6.1002,-2.6444,-2.8662
5.2666,5.6991,1.7586,1.8712,5.6774,-6.0887,-2.6015,-2.8305
5.3125,5.7354,1.7161,1.8478,5.6646,-6.0745,-2.5563,-2.7925
5.3556,5.7687,1.6716,1.8224,5.6492,-6.0576,-2.5091,-2.7523
5.3959,5.799,1.625,1.7949,5.6314,-6.0379,-2.4599,-2.71
5.4332,5.8262,1.5765,1.7654,5.6111,-6.0156,-2.4087,-2.6655
5.4676,5.8503,1.526,1.7339,5.5883,-5.9906,-2.3556,-2.6189
5.4991,5.8714,1.4735,1.7005,5.5631,-5.963,-2.3005,-2.5703
5.5275,5.8893,1.4193,1.6651,5.5356,-5.9328,-2.2437,-2.5197
5.553,5.9042,1.3632,1.6279,5.5057,-5.9001,-2.1851,-2.4672
5.5754,5.916,1.3054,1.5889,5.4734,-5.865,-2.1248,-2.4128
5.5948,5.9246,1.2459,1.5482,5.439,-5.8274,-2.0628,-2.3567
5.6111,5.9301,1.1847,1.5057,5.4022,-5.7874,-1.9992,-2.2988
5.6244,5.9326,1.122,1.4615,5.3634,-5.745,-1.9342,-2.2392
5.6346,5.9319,1.0578,1.4157,5.3223,-5.7004,-1.8677,-2.1781
5.6418,5.9282,0.99208,1.3684,5.2792,-5.6536,-1.7997,-2.1154
5.6459,5.9215,0.925,1.3196,5.234,-5.6046,-1.7305,-2.0513
5.6469,5.9116,0.85659,1.2693,5.1869,-5.5534,-1.66,-1.9858
5.6449,5.8988,0.78693,1.2176,5.1378,-5.5002,-1.5884,-1.919
5.6398,5.883,0.71608,1.1646,5.0869,-5.4451,-1.5156,-1.8509
5.6317,5.8642,0.6441,1.1104,5.0341,-5.3879,-1.4418,-1.7817
5.6206,5.8425,0.57107,1.0549,4.9795,-5.329,-1.367,-1.7113
5.6065,5.8179,0.49705,0.9983,4.9232,-5.2682,-1.2913,-1.64
5.5895,5.7905,0.42213,0.94064,4.8653,-5.2057,-1.2148,-1.5677
5.5695,5.7603,0.34636,0.88197,4.8058,-5.1415,-1.1375,-1.4946
5.5466,5.7273,0.26982,0.82237,4.7448,-5.0758,-1.0596,-1.4207
5.5208,5.6916,0.19259,0.76191,4.6822,-5.0085,-0.98104,-1.346
5.4922,5.6532,0.11473,0.70065,4.6183,-4.9398,-0.90198,-1.2708
5.4608,5.6123,0.036329,0.63866,4.553,-4.8697,-0.82247,-1.195
5.4266,5.5688,-0.042552,0.57601,4.4865,-4.7983,-0.74258,-1.1188
5.3897,5.5228,-0.12183,0.51278,4.4187,-4.7257,-0.66239,-1.0421
5.3501,5.4743,-0.20145,0.44902,4.3498,-4.652,-0.58197,-0.96514
5.3078,5.4236,-0.28131,0.38482,4.2798,-4.5771,-0.5014,-0.88795
5.263,5.3705,-0.36136,0.32024,4.2088,-4.5013,-0.42074,-0.8106
5.2157,5.3152,-0.44152,0.25536,4.1369,-4.4245,-0.34007,-0.73317
5.1659,5.2578,-0.52171,0.19023,4.064,-4.3469,-0.25947,-0.65573
5.1136,5.1982,-0.60187,0.12493,3.9903,-4.2685,-0.17901,-0.57837
5.059,5.1367,-0.68191,0.059535,3.9159,-4.1895,-0.098748,-0.50116
5.0021,5.0732,-0.76178,-0.0058967,3.8408,-4.1097,-0.018767,-0.42417
4.943,5.0079,-0.84139,-0.071295,3.7651,-4.0295,0.060867,-0.34747
4.8817,4.9408,-0.92069,-0.13659,3.6888,-3.9488,0.14009,-0.27113
4.8183,4.8721,-0.99959,-0.20173,3.612,-3.8676,0.21882,-0.19523
4.7528,4.8017,-1.078,-0.26663,3.5348,-3.7862,0.29701,-0.11984
4.6854,4.7298,-1.156,-0.33124,3.4572,-3.7044,0.37458,-0.045012
4.6161,4.6564,-1.2333,-0.39549,3.3793,-3.6225,0.45147,0.029173
4.5449,4.5817,-1.31,-0.45933,3.3012,-3.5405,0.52761,0.10265
4.472,4.5058,-1.3859,-0.52269,3.2229,-3.4585,0.60295,0.17537
4.3974,4.4286,-1.4611,-0.58552,3.1445,-3.3764,0.67743,0.24725
4.3212,4.3503,-1.5354,-0.64775,3.0661,-3.2945,0.75098,0.31825
4.2435,4.2711,-1.6088,-0.70934,2.9876,-3.2127,0.82354,0.38829
4.1643,4.1909,-1.6813,-0.77023,2.9092,-3.1311,0.89507,0.45734
4.0838,4.1098,-1.7527,-0.83036,2.831,-3.0498,0.9655,0.52532
4.0019,4.028,-1.8231,-0.88969,2.7529,-2.9689,1.0348,0.59219
3.9188,3.9456,-1.8923,-0.94816,2.675,-2.8883,1.1029,0.65789
3.8346,3.8625,-1.9603,-1.0057,2.5974,-2.8082,1.1697,0.72238
3.7493,3.779,-2.0272,-1.0624,2.5202,-2.7287,1.2352,0.78561
3.663,3.695,-2.0927,-1.118,2.4434,-2.6497,1.2994,0.84753
3.5759,3.6107,-2.1569,-1.1726,2.367,-2.5714,1.3622,0.9081
3.4878,3.5262,-2.2197,-1.2261,2.2911,-2.4937,1.4236,0.96727
3.3991,3.4415,-2.2811,-1.2786,2.2157,-2.4168,1.4835,1.025
3.3097,3.3568,-2.341,-1.3298,2.1409,-2.3406,1.5418,1.0813
3.2197,3.272,-2.3995,-1.3799,2.0667,-2.2653,1.5987,1.1361
3.1291,3.1873,-2.4563,-1.4288,1.9932,-2.1908,1.6539,1.1893
3.0382,3.1028,-2.5117,-1.4764,1.9204,-2.1173,1.7075,1.2409
2.9469,3.0185,-2.5653,-1.5228,1.8483,-2.0447,1.7594,1.291
2.8553,2.9344,-2.6174,-1.5678,1.777,-1.9731,1.8097,1.3394
2.7635,2.8508,-2.6678,-1.6115,1.7065,-1.9025,1.8582,1.3862
2.6716,2.7676,-2.7164,-1.6539,1.6369,-1.833,1.905,1.4312
2.5796,2.685,-2.7633,-1.6949,1.5682,-1.7646,1.95,1.4746
2.4876,2.6029,-2.8085,-1.7345,1.5004,-1.6973,1.9932,1.5163
2.3957,2.5215,-2.8519,-1.7727,1.4335,-1.6311,2.0345,1.5562
2.304,2.4408,-2.8934,-1.8095,1.3676,-1.5662,2.0741,1.5943
2.2126,2.3608,-2.9332,-1.8448,1.3027,-1.5024,2.1118,1.6307
2.1214,2.2817,-2.9711,-1.8786,1.2388,-1.4398,2.1476,1.6653
2.0306,2.2035,-3.0071,-1.911,1.176,-1.3785,2.1815,1.6981
1.9402,2.1262,-3.0413,-1.942,1.1142,-1.3185,2.2135,1.7291
1.8504,2.0499,-3.0736,-1.9714,1.0535,-1.2597,2.2436,1.7583
1.7611,1.9747,-3.1039,-1.9994,0.99392,-1.2022,2.2718,1.7857
1.6724,1.9005,-3.1324,-2.0258,0.93543,-1.146,2.298,1.8113
1.5844,1.8275,-3.1589,-2.0508,0.87806,-1.0911,2.3223,1.835
1.4972,1.7557,-3.1836,-2.0743,0.82183,-1.0375,2.3446,1.8569
1.4107,1.6851,-3.2063,-2.0963,0.76675,-0.98517,2.365,1.877
1.3251,1.6158,-3.2271,-2.1167,0.71281,-0.93421,2.3835,1.8953
1.2404,1.5477,-3.2459,-2.1357,0.66004,-0.88457,2.4,1.9117
1.1567,1.481,-3.2629,-2.1532,0.60844,-0.83625,2.4145,1.9264
1.074,1.4157,-3.2779,-2.1692,0.558,-0.78924,2.4271,1.9392
0.99238,1.3517,-3.291,-2.1837,0.50873,-0.74355,2.4378,1.9502
0.91184,1.2892,-3.3022,-2.1968,0.46063,-0.69916,2.4465,1.9595
0.83245,1.2281,-3.3114,-2.2083,0.4137,-0.65606,2.4533,1.967
0.75425,1.1684,-3.3188,-2.2185,0.36793,-0.61426,2.4582,1.9727
0.67729,1.1102,-3.3243,-2.2272,0.32333,-0.57373,2.4612,1.9767
0.6016,1.0536,-3.328,-2.2344,0.27987,-0.53446,2.4623,1.9789
0.52722,0.99838,-3.3297,-2.2402,0.23756,-0.49644,2.4615,1.9795
0.45418,0.94472,-3.3297,-2.2447,0.19639,-0.45965,2.4588,1.9783
0.38252,0.8926,-3.3278,-2.2477,0.15635,-0.42408,2.4543,1.9755
0.31226,0.84201,-3.324,-2.2493,0.11742,-0.3897,2.448,1.9709
0.24344,0.79296,-3.3185,-2.2496,0.079587,-0.35649,2.4398,1.9648
0.17608,0.74545,-3.3112,-2.2485,0.042845,-0.32444,2.4299,1.957
0.11021,0.69948,-3.3022,-2.2461,0.0071743,-0.29352,2.4181,1.9476
0.045843,0.65506,-3.2914,-2.2424,-0.027442,-0.2637,2.4047,1.9367
-0.016991,0.61217,-3.2789,-2.2374,-0.061021,-0.23496,2.3895,1.9242
-0.078277,0.57082,-3.2647,-2.2311,-0.093583,-0.20727,2.3726,1.9102
-0.138,0.53098,-3.2489,-2.2236,-0.12515,-0.18061,2.354,1.8946
-0.19614,0.49266,-3.2314,-2.2148,-0.15573,-0.15494,2.3338,1.8776
-0.25269,0.45584,-3.2123,-2.2048,-0.18537,-0.13024,2.3119,1.8592
-0.30763,0.42051,-3.1916,-2.1936,-0.21407,-0.10647,2.2885,1.8393
-0.36096,0.38665,-3.1693,-2.1812,-0.24187,-0.083613,2.2635,1.818
-0.41268,0.35424,-3.1455,-2.1677,-0.26878,-0.061622,2.237,1.7954
-0.46277,0.32327,-3.1202,-2.153,-0.29483,-0.04047,2.209,1.7714
-0.51123,0.29371,-3.0934,-2.1372,-0.32006,-0.020121,2.1795,1.7462
-0.55806,0.26554,-3.0652,-2.1203,-0.34448,-0.00054255,2.1486,1.7196
-0.60327,0.23874,-3.0356,-2.1023,-0.36813,0.018302,2.1162,1.6919
-0.64685,0.21328,-3.0046,-2.0833,-0.39103,0.036447,2.0826,1.6629
-0.6888,0.18914,-2.9722,-2.0632,-0.41321,0.05393,2.0476,1.6327
-0.72915,0.16629,-2.9385,-2.0422,-0.43471,0.070786,2.0112,1.6014
-0.76788,0.14469,-2.9035,-2.0201,-0.45554,0.087054,1.9737,1.569
-0.80502,0.12432,-2.8673,-1.9971,-0.47575,0.10277,1.9349,1.5355
-0.84057,0.10515,-2.8298,-1.9732,-0.49537,0.11797,1.895,1.501
-0.87454,0.087135,-2.7912,-1.9483,-0.51441,0.1327,1.8539,1.4654
-0.90696,0.070248,-2.7514,-1.9225,-0.53293,0.14698,1.8117,1.4289
-0.93783,0.054454,-2.7105,-1.8959,-0.55094,0.16087,1.7684,1.3915
-0.96718,0.039714,-2.6685,-1.8684,-0.56849,0.1744,1.7242,1.3531
-0.99501,0.025993,-2.6255,-1.8401,-0.58559,0.1876,1.679,1.3139
-1.0214,0.013251,-2.5814,-1.8109,-0.6023,0.20052,1.6328,1.2738
-1.0463,0.0014509,-2.5364,-1.781,-0.61863,0.21318,1.5857,1.233
-1.0697,-0.0094484,-2.4904,-1.7504,-0.63462,0.22564,1.5378,1.1914
-1.0917,-0.019487,-2.4436,-1.719,-0.65031,0.23793,1.4891,1.149
-1.1124,-0.028706,-2.3958,-1.6868,-0.66573,0.25009,1.4396,1.106
-1.1316,-0.037146,-2.3473,-1.654,-0.6809,0.26215,1.3895,1.0624
-1.1496,-0.044851,-2.2979,-1.6206,-0.69587,0.27415,1.3386,1.0181
-1.1662,-0.051863,-2.2478,-1.5864,-0.71066,0.28613,1.2871,0.97329
-1.1816,-0.058224,-2.197,-1.5517,-0.72531,0.29812,1.235,0.92793
-1.1957,-0.063979,-2.1455,-1.5163,-0.73985,0.31016,1.1824,0.88207
-1.2087,-0.069171,-2.0933,-1.4804,-0.75431,0.32229,1.1294,0.83576
-1.2204,-0.073844,-2.0406,-1.444,-0.76872,0.33454,1.0758,0.78903
-1.231,-0.078043,-1.9873,-1.407,-0.78312,0.34694,1.0219,0.74193
-1.2405,-0.081811,-1.9334,-1.3694,-0.79754,0.35954,0.96761,0.69448
-1.249,-0.085194,-1.8791,-1.3315,-0.812,0.37235,0.91302,0.64674
-1.2564,-0.088236,-1.8243,-1.293,-0.82653,0.38543,0.85818,0.59874
-1.2629,-0.090981,-1.769,-1.2541,-0.84117,0.39879,0.80312,0.55051
-1.2684,-0.093475,-1.7135,-1.2148,-0.85595,0.41246,0.7479,0.5021
-1.273,-0.095762,-1.6575,-1.1751,-0.87089,0.42649,0.69256,0.45355
-1.2768,-0.097885,-1.6013,-1.1351,-0.88603,0.4409,0.63714,0.4049
-1.2797,-0.09989,-1.5448,-1.0947,-0.90138,0.45571,0.58171,0.35618
-1.2818,-0.10182,-1.4881,-1.054,-0.91698,0.47096,0.52629,0.30744
-1.2833,-0.10372,-1.4312,-1.013,-0.93286,0.48668,0.47094,0.25871
-1.284,-0.10563,-1.3741,-0.97171,-0.94903,0.50288,0.41571,0.21004
-1.2841,-0.10759,-1.317,-0.93019,-0.96553,0.5196,0.36064,0.16145
-1.2836,-0.10966,-1.2598,-0.88846,-0.98237,0.53685,0.30577,0.113
-1.2825,-0.11186,-1.2025,-0.84653,-0.99959,0.55468,0.25116,0.064722
-1.2809,-0.11425,-1.1452,-0.80443,-1.0172,0.57308,0.19684,0.016653
-1.2789,-0.11685,-1.088,-0.76219,-1.0352,0.5921,0.14287,-0.031168
-1.2765,-0.11972,-1.0309,-0.71982,-1.0537,0.61174,0.089284,-0.078702
-1.2737,-0.12289,-0.97384,-0.67736,-1.0726,0.63203,0.036129,-0.12591
-1.2705,-0.12641,-0.91697,-0.63483,-1.092,0.65298,-0.016549,-0.17275
-1.2671,-0.1303,-0.86029,-0.59225,-1.1119,0.67462,-0.068708,-0.21919
-1.2635,-0.13461,-0.80383,-0.54965,-1.1323,0.69696,-0.12031,-0.26519
-1.2597,-0.13938,-0.74764,-0.50706,-1.1532,0.72001,-0.1713,-0.31071
-1.2557,-0.14463,-0.69175,-0.4645,-1.1746,0.7438,-0.22164,-0.35572
-1.2517,-0.15042,-0.63619,-0.422,-1.1967,0.76832,-0.2713,-0.40017
-1.2476,-0.15676,-0.581,-0.37958,-1.2193,0.7936,-0.32023,-0.44404
-1.2435,-0.1637,-0.52622,-0.33727,-1.2424,0.81964,-0.36839,-0.48728
-1.2394,-0.17126,-0.47187,-0.29509,-1.2662,0.84645,-0.41575,-0.52985
-1.2355,-0.17948,-0.418,-0.25308,-1.2905,0.87405,-0.46225,-0.57173
-1.2316,-0.18839,-0.36463,-0.21125,-1.3155,0.90244,-0.50788,-0.61288
-1.228,-0.19801,-0.31181,-0.16963,-1.3411,0.93162,-0.55258,-0.65325
-1.2245,-0.20838,-0.25955,-0.12826,-1.3673,0.9616,-0.59633,-0.69283
-1.2214,-0.21952,-0.2079,-0.087148,-1.3942,0.99238,-0.63908,-0.73157
-1.2185,-0.23146,-0.15688,-0.046328,-1.4216,1.024,-0.68081,-0.76944
-1.216,-0.24422,-0.10653,-0.0058246,-1.4498,1.0564,-0.72148,-0.80641
-1.2138,-0.25783,-0.056867,0.034335,-1.4785,1.0896,-0.76106,-0.84244
-1.2121,-0.27231,-0.0079321,0.074126,-1.5079,1.1236,-0.79952,-0.87751
-1.2108,-0.28767,0.040251,0.11352,-1.5379,1.1584,-0.83683,-0.91158
-1.2101,-0.30394,0.087655,0.1525,-1.5686,1.194,-0.87295,-0.94462
-1.2098,-0.32115,0.13425,0.19103,-1.5999,1.2304,-0.90787,-0.97661
-1.2101,-0.33929,0.18002,0.22909,-1.6318,1.2676,-0.94155,-1.0075
-1.2111,-0.3584,0.22493,0.26665,-1.6644,1.3056,-0.97398,-1.0373
-1.2126,-0.37847,0.26896,0.30369,-1.6976,1.3443,-1.0051,-1.0659
-1.2149,-0.39954,0.31209,0.34018,-1.7313,1.3838,-1.0349,-1.0934
-1.2178,-0.4216,0.35429,0.37611,-1.7657,1.4241,-1.0634,-1.1197
-1.2214,-0.44467,0.39555,0.41144,-1.8007,1.4651,-1.0906,-1.1447
-1.2258,-0.46876,0.43584,0.44615,-1.8362,1.5068,-1.1164,-1.1686
-1.2309,-0.49387,0.47515,0.48021,-1.8723,1.5492,-1.1408,-1.1911
-1.2368,-0.52,0.51346,0.51361,-1.909,1.5923,-1.1638,-1.2124
-1.2436,-0.54717,0.55076,0.54633,-1.9461,1.6361,-1.1854,-1.2323
-1.2512,-0.57538,0.58702,0.57833,-1.9838,1.6806,-1.2055,-1.2509
-1.2596,-0.60462,0.62223,0.6096,-2.022,1.7257,-1.2242,-1.2682
-1.2689,-0.6349,0.65639,0.64011,-2.0607,1.7714,-1.2415,-1.2841
-1.2791,-0.66621,0.68948,0.66985,-2.0998,1.8178,-1.2573,-1.2987
-1.2902,-0.69854,0.72149,0.69879,-2.1394,1.8647,-1.2716,-1.3118
-1.3022,-0.73191,0.75242,0.72691,-2.1793,1.9121,-1.2845,-1.3235
-1.3151,-0.76629,0.78225,0.7542,-2.2197,1.9601,-1.2959,-1.3338
-1.329,-0.80168,0.81098,0.78064,-2.2604,2.0086,-1.3058,-1.3426
-1.3437,-0.83807,0.83861,0.8062,-2.3015,2.0576,-1.3143,-1.35
-1.3594,-0.87545,0.86513,0.83087,-2.3429,2.107,-1.3212,-1.3559
-1.376,-0.9138,0.89054,0.85463,-2.3845,2.1569,-1.3267,-1.3604
-1.3936,-0.95311,0.91485,0.87747,-2.4265,2.2071,-1.3307,-1.3634
-1.4121,-0.99337,0.93805,0.89936,-2.4686,2.2577,-1.3333,-1.3649
-1.4315,-1.0346,0.96014,0.92031,-2.5109,2.3087,-1.3344,-1.3649
-1.4518,-1.0766,0.98114,0.94028,-2.5534,2.3599,-1.334,-1.3634
-1.4731,-1.1196,1.001,0.95928,-2.596,2.4114,-1.3322,-1.3605
-1.4952,-1.1635,1.0199,0.97728,-2.6387,2.4631,-1.329,-1.356
-1.5182,-1.2082,1.0376,0.99427,-2.6815,2.5151,-1.3244,-1.3501
-1.5421,-1.2537,1.0543,1.0102,-2.7243,2.5672,-1.3183,-1.3427
-1.5669,-1.3,1.0699,1.0252,-2.767,2.6194,-1.3109,-1.3338
-1.5925,-1.347,1.0845,1.0391,-2.8097,2.6717,-1.3022,-1.3234
-1.6189,-1.3948,1.098,1.052,-2.8523,2.7241,-1.2921,-1.3116
-1.646,-1.4433,1.1106,1.0638,-2.8948,2.7765,-1.2806,-1.2983
-1.674,-1.4925,1.1221,1.0746,-2.9372,2.8289,-1.2679,-1.2836
-1.7027,-1.5423,1.1327,1.0843,-2.9793,2.8812,-1.2539,-1.2674
-1.7321,-1.5927,1.1423,1.0929,-3.0211,2.9334,-1.2387,-1.2499
-1.7621,-1.6437,1.1509,1.1005,-3.0627,2.9855,-1.2222,-1.2309
-1.7928,-1.6953,1.1587,1.107,-3.1039,3.0374,-1.2046,-1.2105
-1.8242,-1.7473,1.1656,1.1125,-3.1448,3.0891,-1.1858,-1.1888
-1.8561,-1.7998,1.1716,1.1168,-3.1852,3.1405,-1.1659,-1.1658
-1.8885,-1.8527,1.1767,1.1201,-3.2252,3.1916,-1.1448,-1.1414
-1.9214,-1.9059,1.1811,1.1223,-3.2647,3.2424,-1.1228,-1.1157
-1.9548,-1.9595,1.1846,1.1235,-3.3036,3.2928,-1.0997,-1.0888
-1.9886,-2.0134,1.1874,1.1236,-3.342,3.3427,-1.0756,-1.0606
-2.0228,-2.0676,1.1895,1.1227,-3.3797,3.3922,-1.0506,-1.0312
-2.0572,-2.1219,1.1909,1.1207,-3.4167,3.4412,-1.0247,-1.0006
-2.092,-2.1764,1.1916,1.1177,-3.453,3.4896,-0.99788,-0.96887
-2.127,-2.2311,1.1917,1.1136,-3.4886,3.5375,-0.97027,-0.93602
-2.1621,-2.2858,1.1912,1.1086,-3.5234,3.5847,-0.94189,-0.90209
-2.1974,-2.3405,1.1901,1.1025,-3.5573,3.6312,-0.91277,-0.86712
-2.2328,-2.3951,1.1885,1.0954,-3.5903,3.677,-0.88297,-0.83114
-2.2682,-2.4497,1.1864,1.0874,-3.6224,3.722,-0.85252,-0.7942
-2.3035,-2.5042,1.1839,1.0784,-3.6535,3.7663,-0.82148,-0.75633
-2.3388,-2.5585,1.1809,1.0684,-3.6835,3.8096,-0.78989,-0.71757
-2.3739,-2.6125,1.1776,1.0576,-3.7126,3.8521,-0.7578,-0.67798
-2.4088,-2.6663,1.1739,1.0458,-3.7405,3.8937,-0.72527,-0.6376
-2.4435,-2.7198,1.1699,1.0331,-3.7673,3.9343,-0.69233,-0.59647
-2.4778,-2.7728,1.1656,1.0195,-3.7929,3.9738,-0.65905,-0.55464
-2.5118,-2.8255,1.1611,1.0051,-3.8173,4.0123,-0.62547,-0.51216
-2.5453,-2.8776,1.1565,0.98991,-3.8404,4.0498,-0.59165,-0.46908
-2.5784,-2.9292,1.1516,0.97389,-3.8622,4.0861,-0.55763,-0.42546
-2.6109,-2.9803,1.1467,0.95708,-3.8827,4.1212,-0.52348,-0.38134
-2.6428,-3.0306,1.1416,0.93953,-3.9018,4.1551,-0.48923,-0.33678
-2.674,-3.0803,1.1366,0.92126,-3.9196,4.1877,-0.45496,-0.29183
-2.7045,-3.1293,1.1315,0.90229,-3.9359,4.2191,-0.4207,-0.24656
-2.7342,-3.1775,1.1265,0.88266,-3.9507,4.2492,-0.38652,-0.201
-2.7631,-3.2248,1.1215,0.8624,-3.964,4.2779,-0.35246,-0.15523
-2.7911,-3.2713,1.1167,0.84153,-3.9758,4.3052,-0.31858,-0.1093
-2.8182,-3.3168,1.112,0.82009,-3.986,4.331,-0.28494,-0.063274
-2.8442,-3.3613,1.1075,0.79812,-3.9946,4.3555,-0.25159,-0.017202
-2.8692,-3.4048,1.1033,0.77564,-4.0016,4.3784,-0.21857,0.028851
-2.8931,-3.4472,1.0993,0.7527,-4.007,4.3998,-0.18596,0.074826
-2.9158,-3.4885,1.0956,0.72933,-4.0106,4.4196,-0.15378,0.12066
-2.9372,-3.5286,1.0922,0.70556,-4.0126,4.4379,-0.12211,0.16629
-2.9574,-3.5674,1.0892,0.68143,-4.0129,4.4545,-0.090991,0.21167
-2.9763,-3.605,1.0866,0.65699,-4.0114,4.4695,-0.060473,0.25671
-2.9938,-3.6413,1.0845,0.63226,-4.0082,4.4828,-0.030608,0.30138
-3.0099,-3.6763,1.0827,0.6073,-4.0032,4.4945,-0.0014475,0.34559
-3.0245,-3.7098,1.0815,0.58213,-3.9964,4.5044,0.02696,0.38929
-3.0376,-3.7419,1.0809,0.55681,-3.9878,4.5125,0.054566,0.43243
-3.0491,-3.7726,1.0807,0.53136,-3.9774,4.5189,0.081323,0.47493
-3.0591,-3.8017,1.0812,0.50585,-3.9651,4.5235,0.10718,0.51673
-3.0674,-3.8293,1.0822,0.48029,-3.951,4.5263,0.1321,0.55778
-3.074,-3.8553,1.0839,0.45475,-3.9351,4.5273,0.15603,0.59801
-3.079,-3.8796,1.0863,0.42927,-3.9173,4.5264,0.17893,0.63737
-3.0822,-3.9023,1.0893,0.40388,-3.8976,4.5237,0.20076,0.67578
-3.0836,-3.9234,1.093,0.37863,-3.8761,4.519,0.22147,0.71321
-3.0832,-3.9427,1.0975,0.35356,-3.8527,4.5125,0.24103,0.74958
-3.081,-3.9603,1.1027,0.32873,-3.8274,4.5041,0.2594,0.78483
-3.0769,-3.9761,1.1086,0.30417,-3.8003,4.4937,0.27653,0.81892
-3.0709,-3.9901,1.1154,0.27993,-3.7713,4.4814,0.2924,0.85179
-3.0631,-4.0022,1.1229,0.25605,-3.7404,4.4672,0.30698,0.88337
-3.0533,-4.0126,1.1312,0.23258,-3.7077,4.451,0.32022,0.91363
-3.0416,-4.021,1.1404,0.20957,-3.6731,4.4329,0.33209,0.9425
-3.028,-4.0276,1.1503,0.18706,-3.6367,4.4128,0.34258,0.96993
-3.0123,-4.0322,1.1612,0.16509,-3.5985,4.3908,0.35165,0.99588
-2.9948,-4.035,1.1728,0.14371,-3.5585,4.3667,0.35927,1.0203
-2.9752,-4.0358,1.1853,0.12297,-3.5167,4.3408,0.36542,1.0431
-2.9537,-4.0346,1.1987,0.1029,-3.4731,4.3128,0.37009,1.0643
-2.9301,-4.0315,1.2129,0.083547,-3.4277,4.2829,0.37325,1.0839
-2.9046,-4.0264,1.228,0.064963,-3.3806,4.251,0.37488,1.1017
-2.8772,-4.0193,1.2439,0.047185,-3.3318,4.2171,0.37497,1.1178
-2.8477,-4.0102,1.2607,0.030256,-3.2813,4.1813,0.3735,1.1321
-2.8163,-3.9992,1.2784,0.014219,-3.2291,4.1436,0.37047,1.1445
-2.783,-3.9861,1.2969,-0.00088703,-3.1753,4.1039,0.36587,1.1552
-2.7477,-3.971,1.3163,-0.01502,-3.1199,4.0623,0.35968,1.1639
-2.7104,-3.9539,1.3365,-0.028142,-3.0628,4.0187,0.3519,1.1707
-2.6713,-3.9348,1.3575,-0.040213,-3.0043,3.9733,0.34254,1.1755
-2.6303,-3.9137,1.3793,-0.051196,-2.9442,3.926,0.33158,1.1784
-2.5874,-3.8906,1.402,-0.061053,-2.8826,3.8768,0.31904,1.1793
-2.5427,-3.8655,1.4254,-0.069749,-2.8195,3.8257,0.30491,1.1782
-2.4962,-3.8384,1.4496,-0.077249,-2.7551,3.7728,0.28921,1.175
-2.4479,-3.8093,1.4746,-0.08352,-2.6893,3.718,0.27194,1.1698
-2.3979,-3.7782,1.5003,-0.088529,-2.6221,3.6615,0.25312,1.1626
-2.3461,-3.7452,1.5267,-0.092245,-2.5536,3.6032,0.23275,1.1532
-2.2927,-3.7102,1.5538,-0.094638,-2.4839,3.5431,0.21086,1.1418
-2.2376,-3.6733,1.5816,-0.09568,-2.413,3.4813,0.18746,1.1283
-2.181,-3.6345,1.6101,-0.095344,-2.3409,3.4178,0.16258,1.1128
-2.1228,-3.5938,1.6391,-0.093605,-2.2677,3.3526,0.13623,1.0951
-2.063,-3.5511,1.6688,-0.090439,-2.1934,3.2857,0.10844,1.0754
-2.0018,-3.5066,1.6991,-0.085823,-2.1181,3.2173,0.079249,1.0536
-1.9392,-3.4603,1.7298,-0.079737,-2.0418,3.1472,0.048675,1.0298
-1.8753,-3.4121,1.7611,-0.072164,-1.9645,3.0756,0.016754,1.0039
-1.81,-3.3621,1.7929,-0.063085,-1.8864,3.0025,-0.016479,0.97594
-1.7434,-3.3104,1.8251,-0.052486,-1.8075,2.9278,-0.050987,0.946
-1.6757,-3.2568,1.8577,-0.040354,-1.7278,2.8518,-0.086732,0.91408
-1.6068,-3.2016,1.8906,-0.026677,-1.6473,2.7743,-0.12367,0.88019
-1.5368,-3.1446,1.9239,-0.011448,-1.5662,2.6954,-0.16176,0.84436
-1.4658,-3.086,1.9575,0.0053414,-1.4845,2.6152,-0.20096,0.80663
-1.3938,-3.0257,1.9914,0.023696,-1.4022,2.5337,-0.24121,0.76703
-1.3208,-2.9637,2.0255,0.043617,-1.3194,2.4509,-0.28248,0.72559
-1.247,-2.9002,2.0597,0.065106,-1.2361,2.3669,-0.3247,0.68235
-1.1725,-2.8352,2.0941,0.088162,-1.1525,2.2818,-0.36783,0.63736
-1.0972,-2.7686,2.1285,0.11278,-1.0685,2.1955,-0.4118,0.59067
-1.0212,-2.7005,2.1631,0.13895,-0.98423,2.1082,-0.45657,0.54231
-0.94463,-2.631,2.1976,0.16667,-0.89972,2.0198,-0.50207,0.49235
-0.86753,-2.56,2.232,0.19592,-0.81505,1.9304,-0.54824,0.44083
-0.78996,-2.4877,2.2664,0.2267,-0.73026,1.8401,-0.59502,0.38782
-0.71199,-2.414,2.3006,0.25898,-0.64541,1.749,-0.64235,0.33337
-0.63368,-2.339,2.3347,0.29274,-0.56057,1.6569,-0.69017,0.27754
-0.5551,-2.2627,2.3685,0.32797,-0.47578,1.5642,-0.7384,0.2204
-0.47632,-2.1852,2.402,0.36465,-0.3911,1.4706,-0.78697,0.16202
-0.3974,-2.1065,2.4352,0.40274,-0.3066,1.3764,-0.83583,0.10246
-0.31842,-2.0266,2.468,0.44221,-0.22232,1.2816,-0.88489,0.041807
-0.23943,-1.9456,2.5004,0.48305,-0.13832,1.1862,-0.9341,-0.019878
-0.16051,-1.8636,2.5323,0.5252,-0.054669,1.0904,-0.98337,-0.082513
-0.081715,-1.7805,2.5637,0.56864,0.028589,0.99401,-1.0326,-0.14602
-0.0031203,-1.6964,2.5945,0.61333,0.1114,0.89727,-1.0818,-0.21032
0.075212,-1.6114,2.6247,0.65923,0.1937,0.80018,-1.1308,-0.27533
0.15322,-1.5255,2.6541,0.70629,0.27544,0.70282,-1.1796,-0.34096
0.23083,-1.4388,2.6829,0.75447,0.35656,0.60523,-1.2281,-0.40713
