0.37537,-0.53374,1.5594,-0.9722,0.75839,0.51432,-0.94227,0.36475
0.29421,-0.47951,1.4903,-0.93811,0.7133,0.50739,-0.89882,0.36151
0.2129,-0.42462,1.4206,-0.90262,0.66821,0.49952,-0.85527,0.35745
0.13148,-0.36917,1.3505,-0.86579,0.62313,0.49072,-0.81164,0.3526
0.049978,-0.31323,1.28,-0.82766,0.57806,0.48104,-0.76791,0.34698
-0.031579,-0.25687,1.2091,-0.78829,0.53301,0.47051,-0.72409,0.34061
-0.11316,-0.20017,1.1377,-0.74772,0.48797,0.45917,-0.68019,0.33353
-0.19472,-0.14321,1.066,-0.70602,0.44295,0.44704,-0.63621,0.32576
-0.27625,-0.086062,0.99396,-0.66324,0.39795,0.43418,-0.59215,0.31732
-0.35769,-0.028809,0.92154,-0.61944,0.35297,0.42061,-0.54802,0.30826
-0.43902,0.02847,0.84881,-0.57467,0.30801,0.40639,-0.50381,0.29858
-0.5202,0.085696,0.77576,-0.52901,0.26307,0.39154,-0.45954,0.28834
-0.6012,0.14279,0.70244,-0.4825,0.21817,0.37611,-0.41521,0.27755
-0.68197,0.19967,0.62886,-0.43522,0.17329,0.36014,-0.37082,0.26626
-0.76247,0.25627,0.55504,-0.38722,0.12844,0.34367,-0.32637,0.25449
-0.84267,0.31249,0.48101,-0.33858,0.083625,0.32675,-0.28187,0.24227
-0.92253,0.36826,0.40679,-0.28936,0.038852,0.30943,-0.23733,0.22966
-1.002,0.42351,0.33239,-0.23962,-0.005879,0.29173,-0.19275,0.21667
-1.081,0.47815,0.25786,-0.18945,-0.050562,0.27372,-0.14813,0.20334
-1.1596,0.53211,0.1832,-0.1389,-0.095192,0.25543,-0.10348,0.18971
-1.2376,0.5853,0.10846,-0.088043,-0.13977,0.23691,-0.058818,0.17583
-1.3151,0.63767,0.033649,-0.036954,-0.18427,0.2182,-0.014137,0.16171
-1.392,0.68912,-0.041196,0.014298,-0.22871,0.19935,0.030551,0.14742
-1.4682,0.73958,-0.11605,0.06564,-0.27307,0.18041,0.075238,0.13297
-1.5437,0.78899,-0.19088,0.117,-0.31735,0.16142,0.11992,0.11841
-1.6185,0.83727,-0.26566,0.16831,-0.36153,0.14242,0.16458,0.10377
-1.6925,0.88435,-0.34036,0.2195,-0.40561,0.12346,0.20921,0.089109
-1.7656,0.93017,-0.41494,0.27048,-0.44957,0.10459,0.25381,0.074448
-1.8378,0.97464,-0.48938,0.3212,-0.49342,0.085844,0.29835,0.05983
-1.909,1.0177,-0.56363,0.37158,-0.53713,0.067275,0.34284,0.045296
-1.9793,1.0593,-0.63767,0.42154,-0.58069,0.048922,0.38726,0.030882
-2.0485,1.0994,-0.71146,0.47102,-0.6241,0.030831,0.43159,0.016628
-2.1166,1.1379,-0.78497,0.51995,-0.66733,0.013042,0.47583,0.002572
-2.1835,1.1748,-0.85815,0.56824,-0.71038,-0.0044015,0.51995,-0.011248
-2.2492,1.2099,-0.93096,0.61584,-0.75323,-0.021459,0.56395,-0.024795
-2.3136,1.2433,-1.0034,0.66268,-0.79587,-0.038089,0.60781,-0.038032
-2.3768,1.2749,-1.0754,0.70868,-0.83827,-0.054253,0.65151,-0.050921
-2.4385,1.3046,-1.1469,0.75378,-0.88043,-0.069912,0.69504,-0.063428
-2.4988,1.3324,-1.2178,0.79791,-0.92232,-0.085029,0.73837,-0.075515
-2.5577,1.3583,-1.2883,0.841,-0.96392,-0.099566,0.7815,-0.087149
-2.615,1.3822,-1.3581,0.883,-1.0052,-0.11349,0.8244,-0.098295
-2.6707,1.4041,-1.4272,0.92384,-1.0462,-0.12676,0.86705,-0.10892
-2.7248,1.4239,-1.4957,0.96345,-1.0868,-0.13935,0.90943,-0.11899
-2.7772,1.4416,-1.5635,1.0018,-1.1271,-0.15123,0.95153,-0.12848
-2.8279,1.4572,-1.6304,1.0388,-1.167,-0.16236,0.99332,-0.13735
-2.8767,1.4706,-1.6966,1.0744,-1.2065,-0.17272,1.0348,-0.14558
-2.9237,1.4819,-1.7618,1.1085,-1.2455,-0.18228,1.0759,-0.15314
-2.9689,1.4909,-1.8262,1.1411,-1.2841,-0.19101,1.1166,-0.15999
-3.012,1.4978,-1.8896,1.1722,-1.3222,-0.19889,1.1569,-0.16612
-3.0532,1.5024,-1.9519,1.2017,-1.3598,-0.2059,1.1968,-0.1715
-3.0924,1.5047,-2.0132,1.2295,-1.3968,-0.21201,1.2362,-0.17611
-3.1294,1.5048,-2.0735,1.2556,-1.4333,-0.2172,1.2752,-0.17992
-3.1643,1.5027,-2.1325,1.28,-1.4692,-0.22146,1.3136,-0.18292
-3.1971,1.4983,-2.1904,1.3026,-1.5045,-0.22477,1.3515,-0.18508
-3.2276,1.4916,-2.247,1.3233,-1.5392,-0.22712,1.3889,-0.18639
-3.2559,1.4827,-2.3023,1.3422,-1.5731,-0.22849,1.4257,-0.18684
-3.2818,1.4715,-2.3562,1.3592,-1.6064,-0.22887,1.4618,-0.1864
-3.3054,1.4581,-2.4088,1.3743,-1.639,-0.22826,1.4973,-0.18506
-3.3267,1.4425,-2.4599,1.3875,-1.6708,-0.22664,1.5322,-0.18282
-3.3455,1.4247,-2.5095,1.3986,-1.7018,-0.22401,1.5663,-0.17967
-3.3618,1.4046,-2.5576,1.4078,-1.732,-0.22037,1.5997,-0.17559
-3.3757,1.3825,-2.6041,1.4149,-1.7613,-0.21572,1.6323,-0.17058
-3.3871,1.3582,-2.649,1.42,-1.7898,-0.21005,1.6642,-0.16464
-3.3959,1.3318,-2.6922,1.4231,-1.8173,-0.20337,1.6952,-0.15776
-3.4022,1.3033,-2.7337,1.424,-1.8439,-0.19569,1.7254,-0.14995
-3.4059,1.2728,-2.7734,1.423,-1.8696,-0.18701,1.7546,-0.14121
-3.4069,1.2404,-2.8113,1.4198,-1.8942,-0.17734,1.783,-0.13153
-3.4053,1.206,-2.8473,1.4145,-1.9179,-0.16669,1.8104,-0.12093
-3.4011,1.1697,-2.8814,1.4072,-1.9404,-0.15507,1.8369,-0.10941
-3.3942,1.1315,-2.9136,1.3978,-1.9619,-0.14249,1.8623,-0.096975
-3.3846,1.0916,-2.9438,1.3863,-1.9823,-0.12898,1.8867,-0.083642
-3.3723,1.0499,-2.972,1.3728,-2.0015,-0.11455,1.9101,-0.069421
-3.3573,1.0065,-2.9982,1.3571,-2.0195,-0.099221,1.9323,-0.054328
-3.3396,0.96158,-3.0222,1.3395,-2.0363,-0.083013,1.9534,-0.038376
-3.3192,0.91507,-3.0441,1.3198,-2.0519,-0.06595,1.9734,-0.021586
-3.296,0.86709,-3.0638,1.2982,-2.0663,-0.048059,1.9922,-0.0039764
-3.2701,0.81769,-3.0814,1.2745,-2.0793,-0.029367,2.0098,0.014431
-3.2416,0.76695,-3.0967,1.249,-2.0911,-0.0099028,2.0261,0.033613
-3.2103,0.71496,-3.1097,1.2215,-2.1015,0.010303,2.0412,0.053543
-3.1763,0.66178,-3.1205,1.1921,-2.1105,0.031217,2.0549,0.074196
-3.1396,0.60749,-3.1289,1.1608,-2.1182,0.052806,2.0674,0.095541
-3.1002,0.55219,-3.135,1.1278,-2.1244,0.075033,2.0785,0.11755
-3.0581,0.49594,-3.1387,1.093,-2.1292,0.097862,2.0883,0.14019
-3.0134,0.43885,-3.1401,1.0565,-2.1325,0.12125,2.0966,0.16342
-2.9661,0.38099,-3.139,1.0182,-2.1344,0.14517,2.1036,0.18722
-2.9162,0.32246,-3.1355,0.9784,-2.1347,0.16956,2.1091,0.21154
-2.8636,0.26335,-3.1296,0.93699,-2.1336,0.19439,2.1131,0.23634
-2.8086,0.20375,-3.1212,0.89406,-2.1309,0.21962,2.1157,0.26159
-2.751,0.14376,-3.1103,0.84967,-2.1266,0.24519,2.1168,0.28724
-2.6909,0.08346,-3.097,0.80389,-2.1208,0.27106,2.1163,0.31325
-2.6283,0.022962,-3.0812,0.75676,-2.1134,0.29718,2.1143,0.33958
-2.5633,-0.037641,-3.0629,0.70837,-2.1044,0.3235,2.1108,0.36618
-2.4959,-0.098251,-3.0421,0.65877,-2.0938,0.34998,2.1057,0.393
-2.4262,-0.15877,-3.0188,0.60804,-2.0816,0.37655,2.099,0.41999
-2.3542,-0.21909,-2.993,0.55625,-2.0677,0.40318,2.0907,0.44711
-2.2799,-0.27913,-2.9647,0.50347,-2.0522,0.4298,2.0808,0.47431
-2.2034,-0.33877,-2.9339,0.44979,-2.035,0.45636,2.0693,0.50153
-2.1247,-0.39792,-2.9007,0.39527,-2.0162,0.48282,2.0562,0.52871
-2.0439,-0.45648,-2.865,0.34,-1.9957,0.5091,2.0414,0.55582
-1.9611,-0.51435,-2.8268,0.28406,-1.9736,0.53516,2.025,0.58279
-1.8762,-0.57143,-2.7862,0.22753,-1.9497,0.56094,2.0069,0.60956
-1.7894,-0.62761,-2.7431,0.1705,-1.9242,0.58639,1.9872,0.63609
-1.7007,-0.68281,-2.6977,0.11305,-1.8971,0.61145,1.9657,0.66232
-1.6101,-0.73692,-2.6498,0.055276,-1.8682,0.63605,1.9427,0.68818
-1.5178,-0.78984,-2.5996,-0.0027391,-1.8377,0.66016,1.9179,0.71363
-1.4237,-0.84149,-2.547,-0.060905,-1.8055,0.6837,1.8915,0.7386
-1.328,-0.89177,-2.4922,-0.11913,-1.7717,0.70662,1.8635,0.76304
-1.2307,-0.94058,-2.435,-0.17732,-1.7362,0.72886,1.8337,0.78688
-1.1319,-0.98784,-2.3756,-0.23539,-1.6991,0.75038,1.8023,0.81008
-1.0316,-1.0334,-2.3139,-0.29325,-1.6603,0.7711,1.7692,0.83257
-0.92999,-1.0773,-2.2501,-0.35079,-1.6199,0.79098,1.7345,0.8543
-0.827,-1.1194,-2.1841,-0.40794,-1.5778,0.80996,1.6982,0.8752
-0.72277,-1.1595,-2.116,-0.46458,-1.5342,0.82799,1.6602,0.89523
-0.61736,-1.1977,-2.0458,-0.52064,-1.489,0.84501,1.6206,0.91431
-0.51083,-1.2338,-1.9735,-0.57602,-1.4422,0.86096,1.5793,0.9324
-0.40328,-1.2678,-1.8993,-0.63062,-1.3938,0.8758,1.5365,0.94944
-0.29476,-1.2996,-1.8232,-0.68436,-1.3439,0.88948,1.492,0.96538
-0.18535,-1.3291,-1.7451,-0.73713,-1.2925,0.90193,1.446,0.98016
-0.075124,-1.3563,-1.6652,-0.78886,-1.2395,0.91313,1.3984,0.99372
0.035841,-1.381,-1.5834,-0.83945,-1.1851,0.923,1.3493,1.006
0.14747,-1.4033,-1.5,-0.8888,-1.1293,0.93152,1.2987,1.017
0.25969,-1.423,-1.4148,-0.93684,-1.072,0.93863,1.2465,1.0266
0.37242,-1.4402,-1.328,-0.98348,-1.0132,0.94429,1.1929,1.0348
0.48559,-1.4547,-1.2395,-1.0286,-0.95315,0.94845,1.1378,1.0415
0.59912,-1.4666,-1.1496,-1.0722,-0.8917,0.95108,1.0813,1.0467
0.71294,-1.4757,-1.0582,-1.1141,-0.82892,0.95214,1.0233,1.0504
0.82696,-1.4821,-0.96531,-1.1543,-0.76485,0.95158,0.96397,1.0524
0.94111,-1.4857,-0.87111,-1.1927,-0.69951,0.94938,0.90326,1.0528
1.0553,-1.4864,-0.7756,-1.2291,-0.63293,0.9455,0.84122,1.0516
1.1695,-1.4844,-0.67886,-1.2636,-0.56515,0.93991,0.77787,1.0486
1.2836,-1.4794,-0.58095,-1.2961,-0.49621,0.93257,0.71324,1.0438
1.3975,-1.4715,-0.48192,-1.3265,-0.42613,0.92346,0.64736,1.0373
1.5112,-1.4607,-0.38185,-1.3547,-0.35496,0.91256,0.58027,1.0289
1.6245,-1.447,-0.2808,-1.3806,-0.28273,0.89984,0.51199,1.0187
1.7375,-1.4304,-0.17883,-1.4043,-0.20948,0.88529,0.44257,1.0066
1.85,-1.4108,-0.076017,-1.4256,-0.13525,0.86888,0.37204,0.99255
1.9619,-1.3883,0.027581,-1.4445,-0.060084,0.85059,0.30043,0.97661
2.0732,-1.3629,0.13189,-1.461,0.015985,0.83042,0.22778,0.95873
2.1838,-1.3346,0.23685,-1.4749,0.092911,0.80835,0.15414,0.93888
2.2936,-1.3034,0.34239,-1.4863,0.17065,0.78438,0.079529,0.91705
2.4026,-1.2693,0.44843,-1.4951,0.24916,0.7585,0.0040011,0.89323
2.5107,-1.2323,0.55491,-1.5013,0.32839,0.73071,-0.072406,0.86741
2.6178,-1.1925,0.66177,-1.5048,0.4083,0.701,-0.14965,0.83958
2.7239,-1.15,0.76892,-1.5056,0.48885,0.66938,-0.22769,0.80974
2.8288,-1.1046,0.8763,-1.5036,0.56998,0.63585,-0.30647,0.77789
2.9326,-1.0566,0.98385,-1.499,0.65164,0.60043,-0.38597,0.74402
3.0351,-1.0058,1.0915,-1.4915,0.7338,0.56312,-0.46612,0.70815
3.1363,-0.95246,1.1991,-1.4813,0.81639,0.52393,-0.54688,0.67028
3.2361,-0.89652,1.3067,-1.4683,0.89937,0.48289,-0.62821,0.63042
3.3344,-0.83806,1.4142,-1.4524,0.98269,0.44001,-0.71005,0.58859
3.4313,-0.77713,1.5215,-1.4338,1.0663,0.39531,-0.79237,0.5448
3.5265,-0.71381,1.6285,-1.4124,1.1501,0.34882,-0.8751,0.49908
3.6202,-0.64815,1.7352,-1.3881,1.2341,0.30056,-0.9582,0.45143
3.7121,-0.58022,1.8415,-1.3611,1.3183,0.25057,-1.0416,0.4019
3.8023,-0.51011,1.9474,-1.3313,1.4025,0.19887,-1.1253,0.3505
3.8907,-0.43788,2.0527,-1.2987,1.4867,0.14551,-1.2092,0.29727
3.9772,-0.36361,2.1574,-1.2634,1.5709,0.09051,-1.2933,0.24225
4.0618,-0.2874,2.2614,-1.2254,1.6551,0.033924,-1.3774,0.18546
4.1445,-0.20931,2.3646,-1.1846,1.739,-0.024209,-1.4616,0.12696
4.2251,-0.12945,2.4671,-1.1412,1.8228,-0.083845,-1.5458,0.066771
4.3036,-0.047894,2.5687,-1.0952,1.9063,-0.14493,-1.63,0.0049527
4.3801,0.035255,2.6693,-1.0466,1.9895,-0.20743,-1.7141,-0.058452
4.4543,0.11991,2.769,-0.99544,2.0723,-0.27127,-1.7979,-0.12339
4.5264,0.20596,2.8675,-0.94179,2.1547,-0.33642,-1.8816,-0.18982
4.5962,0.29331,2.9649,-0.88569,2.2366,-0.4028,-1.965,-0.25767
4.6637,0.38187,3.0611,-0.8272,2.318,-0.47036,-2.048,-0.32689
4.7288,0.47153,3.1561,-0.76638,2.3988,-0.53905,-2.1307,-0.39742
4.7916,0.56218,3.2497,-0.70327,2.4789,-0.60879,-2.2129,-0.4692
4.8519,0.65371,3.3419,-0.63796,2.5583,-0.67952,-2.2946,-0.54217
4.9098,0.74603,3.4327,-0.5705,2.637,-0.75118,-2.3757,-0.61625
4.9653,0.83901,3.522,-0.50097,2.7148,-0.8237,-2.4562,-0.69138
5.0182,0.93256,3.6097,-0.42943,2.7918,-0.89701,-2.5361,-0.7675
5.0685,1.0266,3.6958,-0.35597,2.8678,-0.97103,-2.6152,-0.84452
5.1163,1.1209,3.7801,-0.28067,2.9428,-1.0457,-2.6935,-0.92237
5.1614,1.2155,3.8628,-0.20359,3.0168,-1.1209,-2.771,-1.001
5.204,1.3101,3.9436,-0.12484,3.0897,-1.1967,-2.8475,-1.0803
5.2438,1.4048,4.0227,-0.044485,3.1615,-1.2728,-2.9231,-1.1602
5.281,1.4994,4.0998,0.037374,3.232,-1.3493,-2.9978,-1.2406
5.3156,1.5938,4.1749,0.12065,3.3013,-1.426,-3.0713,-1.3215
5.3473,1.6878,4.2481,0.20525,3.3693,-1.503,-3.1437,-1.4027
5.3764,1.7814,4.3192,0.29108,3.4359,-1.58,-3.215,-1.4843
5.4027,1.8744,4.3881,0.37805,3.5011,-1.6571,-3.285,-1.566
5.4263,1.9668,4.455,0.46605,3.5649,-1.7341,-3.3537,-1.6478
5.4471,2.0584,4.5197,0.55498,3.6271,-1.811,-3.4211,-1.7297
5.4651,2.1492,4.5821,0.64476,3.6878,-1.8876,-3.4871,-1.8115
5.4803,2.2389,4.6422,0.73526,3.7469,-1.964,-3.5517,-1.8932
5.4928,2.3276,4.7,0.8264,3.8044,-2.0399,-3.6148,-1.9746
5.5024,2.4151,4.7555,0.91807,3.8601,-2.1154,-3.6764,-2.0558
5.5093,2.5013,4.8086,1.0102,3.9141,-2.1904,-3.7364,-2.1366
5.5134,2.5861,4.8592,1.1026,3.9664,-2.2648,-3.7948,-2.2168
5.5146,2.6694,4.9074,1.1952,4.0168,-2.3384,-3.8515,-2.2966
5.5131,2.7512,4.9531,1.2879,4.0654,-2.4113,-3.9065,-2.3756
5.5088,2.8313,4.9962,1.3807,4.1121,-2.4833,-3.9597,-2.454
5.5018,2.9096,5.0368,1.4733,4.1568,-2.5544,-4.0112,-2.5315
5.492,2.9861,5.0747,1.5657,4.1996,-2.6244,-4.0608,-2.6082
5.4794,3.0606,5.1101,1.6578,4.2404,-2.6934,-4.1085,-2.6839
5.4641,3.1331,5.1428,1.7495,4.2791,-2.7612,-4.1543,-2.7585
5.4461,3.2036,5.1728,1.8407,4.3158,-2.8278,-4.1981,-2.832
5.4254,3.2718,5.2002,1.9312,4.3504,-2.8931,-4.24,-2.9042
5.402,3.3379,5.2248,2.021,4.3828,-2.957,-4.2799,-2.9752
5.3759,3.4016,5.2467,2.11,4.4132,-3.0194,-4.3176,-3.0449
5.3472,3.463,5.2659,2.198,4.4413,-3.0804,-4.3534,-3.1131
5.3159,3.5219,5.2823,2.285,4.4673,-3.1398,-4.387,-3.1797
5.282,3.5783,5.2959,2.3709,4.491,-3.1975,-4.4184,-3.2449
5.2455,3.6321,5.3068,2.4555,4.5125,-3.2535,-4.4477,-3.3083
5.2065,3.6834,5.3148,2.5389,4.5318,-3.3078,-4.4748,-3.3701
5.165,3.732,5.3201,2.6208,4.5488,-3.3603,-4.4997,-3.4301
5.121,3.7779,5.3225,2.7012,4.5635,-3.4109,-4.5224,-3.4882
5.0745,3.8211,5.3221,2.78,4.5759,-3.4596,-4.5428,-3.5445
5.0257,3.8615,5.319,2.8572,4.586,-3.5064,-4.561,-3.5988
4.9744,3.8991,5.3129,2.9325,4.5939,-3.5511,-4.5769,-3.6511
4.9209,3.9338,5.3041,3.0061,4.5994,-3.5937,-4.5905,-3.7013
4.865,3.9657,5.2925,3.0777,4.6026,-3.6343,-4.6018,-3.7495
4.8069,3.9947,5.2781,3.1473,4.6034,-3.6727,-4.6107,-3.7954
4.7466,4.0208,5.2608,3.2148,4.602,-3.709,-4.6174,-3.8392
4.6841,4.044,5.2408,3.2802,4.5982,-3.743,-4.6217,-3.8807
4.6195,4.0642,5.218,3.3434,4.5921,-3.7748,-4.6237,-3.92
4.5528,4.0815,5.1925,3.4043,4.5838,-3.8043,-4.6234,-3.9569
4.4841,4.0958,5.1642,3.4629,4.5731,-3.8316,-4.6208,-3.9915
4.4133,4.1072,5.1331,3.519,4.5601,-3.8565,-4.6158,-4.0237
4.3407,4.1157,5.0994,3.5727,4.5449,-3.879,-4.6085,-4.0534
4.2661,4.1212,5.0629,3.6239,4.5274,-3.8993,-4.5988,-4.0808
4.1897,4.1239,5.0238,3.6725,4.5076,-3.9171,-4.5869,-4.1057
4.1115,4.1236,4.982,3.7185,4.4856,-3.9326,-4.5726,-4.1281
4.0316,4.1204,4.9376,3.7618,4.4614,-3.9457,-4.5561,-4.148
3.9499,4.1143,4.8906,3.8025,4.4351,-3.9564,-4.5373,-4.1654
3.8667,4.1054,4.841,3.8404,4.4065,-3.9647,-4.5162,-4.1802
3.7818,4.0937,4.7889,3.8756,4.3758,-3.9706,-4.4929,-4.1926
3.6955,4.0792,4.7342,3.9079,4.343,-3.9741,-4.4673,-4.2024
3.6076,4.062,4.6771,3.9375,4.3081,-3.9753,-4.4396,-4.2097
3.5184,4.042,4.6176,3.9642,4.2712,-3.974,-4.4096,-4.2144
3.4277,4.0194,4.5556,3.988,4.2322,-3.9704,-4.3775,-4.2166
3.3358,3.9941,4.4913,4.009,4.1913,-3.9645,-4.3433,-4.2163
3.2427,3.9662,4.4247,4.027,4.1483,-3.9562,-4.3069,-4.2135
3.1483,3.9358,4.3558,4.0422,4.1035,-3.9456,-4.2684,-4.2082
3.0528,3.9029,4.2847,4.0544,4.0568,-3.9327,-4.2279,-4.2004
2.9562,3.8675,4.2113,4.0637,4.0082,-3.9175,-4.1854,-4.1901
2.8586,3.8298,4.1358,4.0701,3.9578,-3.9001,-4.1409,-4.1774
2.7601,3.7897,4.0582,4.0736,3.9057,-3.8805,-4.0944,-4.1622
2.6606,3.7474,3.9786,4.0742,3.8518,-3.8587,-4.046,-4.1447
2.5603,3.7028,3.8969,4.0719,3.7963,-3.8348,-3.9957,-4.1247
2.4592,3.6561,3.8133,4.0667,3.7392,-3.8087,-3.9435,-4.1025
2.3574,3.6073,3.7279,4.0587,3.6804,-3.7806,-3.8896,-4.0779
2.2549,3.5565,3.6405,4.0477,3.6202,-3.7505,-3.8339,-4.051
2.1518,3.5037,3.5514,4.034,3.5584,-3.7183,-3.7764,-4.0219
2.0482,3.449,3.4605,4.0175,3.4952,-3.6843,-3.7172,-3.9905
1.944,3.3925,3.368,3.9982,3.4306,-3.6483,-3.6564,-3.957
1.8394,3.3343,3.2738,3.9761,3.3647,-3.6105,-3.594,-3.9214
1.7343,3.2743,3.1781,3.9514,3.2975,-3.5708,-3.5301,-3.8837
1.629,3.2127,3.0809,3.9239,3.2291,-3.5295,-3.4646,-3.8439
1.5233,3.1496,2.9822,3.8939,3.1594,-3.4864,-3.3976,-3.8022
1.4175,3.085,2.8821,3.8612,3.0887,-3.4417,-3.3293,-3.7585
1.3114,3.019,2.7808,3.826,3.0169,-3.3954,-3.2595,-3.7129
1.2052,2.9517,2.6781,3.7882,2.944,-3.3476,-3.1885,-3.6655
1.099,2.8831,2.5743,3.748,2.8702,-3.2983,-3.1161,-3.6163
0.99272,2.8133,2.4694,3.7054,2.7955,-3.2475,-3.0425,-3.5653
0.88648,2.7423,2.3633,3.6605,2.72,-3.1954,-2.9678,-3.5127
0.78031,2.6704,2.2563,3.6132,2.6436,-3.142,-2.8919,-3.4584
0.67427,2.5974,2.1483,3.5637,2.5665,-3.0874,-2.8149,-3.4025
0.56839,2.5236,2.0395,3.5119,2.4887,-3.0316,-2.7369,-3.3451
0.46274,2.4488,1.9298,3.458,2.4102,-2.9746,-2.6579,-3.2863
0.35735,2.3734,1.8194,3.4021,2.3312,-2.9166,-2.578,-3.226
0.25226,2.2972,1.7084,3.3441,2.2516,-2.8576,-2.4971,-3.1644
0.14752,2.2203,1.5967,3.2842,2.1716,-2.7976,-2.4155,-3.1015
0.043177,2.1429,1.4844,3.2223,2.0911,-2.7367,-2.3331,-3.0373
-0.060737,2.065,1.3717,3.1586,2.0103,-2.6751,-2.2499,-2.972
-0.16418,1.9866,1.2586,3.0932,1.9292,-2.6126,-2.166,-2.9055
-0.26711,1.9078,1.1451,3.0261,1.8477,-2.5495,-2.0815,-2.838
-0.3695,1.8287,1.0313,2.9573,1.7661,-2.4857,-1.9965,-2.7694
-0.47131,1.7493,0.91733,2.8869,1.6843,-2.4213,-1.9108,-2.6999
-0.5725,1.6697,0.80317,2.815,1.6024,-2.3564,-1.8247,-2.6295
-0.67305,1.5899,0.68892,2.7417,1.5204,-2.291,-1.7382,-2.5583
-0.77291,1.51,0.57463,2.667,1.4383,-2.2251,-1.6512,-2.4863
-0.87207,1.43,0.46037,2.5911,1.3563,-2.1589,-1.5639,-2.4135
-0.97048,1.3501,0.34621,2.5138,1.2744,-2.0924,-1.4763,-2.3401
-1.0681,1.2701,0.2322,2.4355,1.1926,-2.0257,-1.3884,-2.266
-1.165,1.1903,0.1184,2.356,1.1109,-1.9587,-1.3003,-2.1913
-1.261,1.1105,0.0048767,2.2754,1.0294,-1.8915,-1.212,-2.1162
-1.3562,1.031,-0.10831,2.1939,0.94817,-1.8243,-1.1236,-2.0405
-1.4506,0.9516,-0.22111,2.1116,0.86719,-1.7569,-1.035,-1.9645
-1.544,0.87246,-0.33346,2.0283,0.78653,-1.6896,-0.94649,-1.888
-1.6366,0.79359,-0.44531,1.9443,0.70621,-1.6222,-0.85791,-1.8112
-1.7282,0.71503,-0.55659,1.8596,0.62627,-1.555,-0.76937,-1.7342
-1.819,0.63679,-0.66727,1.7743,0.54675,-1.4878,-0.68088,-1.6568
-1.9087,0.55892,-0.77727,1.6884,0.46767,-1.4208,-0.5925,-1.5793
-1.9975,0.48143,-0.88655,1.6019,0.38906,-1.3539,-0.50426,-1.5016
-2.0853,0.40435,-0.99507,1.5151,0.31096,-1.2872,-0.41619,-1.4239
-2.1722,0.32769,-1.1028,1.4278,0.23339,-1.2208,-0.32832,-1.346
-2.258,0.25149,-1.2096,1.3402,0.15637,-1.1547,-0.24069,-1.268
-2.3429,0.17575,-1.3155,1.2523,0.079935,-1.0888,-0.15333,-1.1901
-2.4267,0.10048,-1.4204,1.1642,0.0040981,-1.0233,-0.066266,-1.1122
-2.5095,0.025712,-1.5244,1.0759,-0.071118,-0.95816,0.020467,-1.0343
-2.5913,-0.048558,-1.6273,0.9875,-0.14569,-0.89336,0.10684,-0.95657
-2.6721,-0.12232,-1.7291,0.89906,-0.21962,-0.82895,0.19283,-0.87891
-2.7519,-0.19556,-1.8297,0.81061,-0.29286,-0.76496,0.27842,-0.8014
-2.8306,-0.26828,-1.9292,0.72221,-0.36543,-0.70138,0.36356,-0.72405
-2.9083,-0.34047,-2.0275,0.63389,-0.43729,-0.63825,0.44825,-0.6469
-2.985,-0.41215,-2.1246,0.54572,-0.50845,-0.57556,0.53246,-0.56997
-3.0607,-0.48329,-2.2204,0.45774,-0.57889,-0.51334,0.61617,-0.49327
-3.1353,-0.55391,-2.3148,0.36998,-0.64861,-0.45158,0.69936,-0.41683
-3.2089,-0.62401,-2.4079,0.28249,-0.7176,-0.39029,0.782,-0.34066
-3.2815,-0.6936,-2.4997,0.19532,-0.78585,-0.32948,0.86409,-0.26479
-3.3531,-0.76268,-2.59,0.1085,-0.85337,-0.26914,0.9456,-0.18923
-3.4237,-0.83126,-2.679,0.022071,-0.92016,-0.20929,1.0265,-0.11399
-3.4933,-0.89935,-2.7664,-0.063933,-0.9862,-0.1499,1.1068,-0.039089
-3.5618,-0.96696,-2.8524,-0.14948,-1.0515,-0.090989,1.1865,0.035466
-3.6294,-1.0341,-2.9369,-0.23452,-1.1161,-0.03254,1.2656,0.10966
-3.696,-1.1008,-3.0199,-0.31905,-1.18,0.025452,1.344,0.18349
-3.7617,-1.167,-3.1014,-0.40301,-1.2431,0.082997,1.4217,0.25694
-3.8263,-1.2328,-3.1813,-0.4864,-1.3055,0.1401,1.4988,0.33002
-3.89,-1.2982,-3.2596,-0.56917,-1.3672,0.19679,1.5752,0.4027
-3.9528,-1.3632,-3.3363,-0.6513,-1.4282,0.25306,1.6509,0.47498
-4.0145,-1.4277,-3.4114,-0.73277,-1.4886,0.30893,1.7259,0.54687
-4.0754,-1.492,-3.485,-0.81356,-1.5482,0.36443,1.8001,0.61836
-4.1353,-1.5558,-3.5569,-0.89364,-1.6072,0.41956,1.8737,0.68945
-4.1943,-1.6193,-3.6271,-0.97299,-1.6655,0.47434,1.9466,0.76012
-4.2523,-1.6825,-3.6957,-1.0516,-1.7232,0.52881,2.0187,0.8304
-4.3094,-1.7453,-3.7627,-1.1294,-1.7803,0.58296,2.0901,0.90026
-4.3656,-1.8079,-3.828,-1.2065,-1.8368,0.63683,2.1607,0.96971
-4.4209,-1.8702,-3.8917,-1.2828,-1.8926,0.69044,2.2306,1.0388
-4.4753,-1.9322,-3.9537,-1.3582,-1.9479,0.74381,2.2998,1.1074
-4.5288,-1.9939,-4.014,-1.4329,-2.0026,0.79696,2.3682,1.1756
-4.5814,-2.0554,-4.0727,-1.5067,-2.0568,0.84992,2.4358,1.2435
-4.633,-2.1167,-4.1297,-1.5796,-2.1105,0.9027,2.5027,1.3109
-4.6838,-2.1777,-4.185,-1.6517,-2.1636,0.95533,2.5688,1.3779
-4.7337,-2.2386,-4.2387,-1.7229,-2.2162,1.0078,2.6341,1.4445
-4.7827,-2.2992,-4.2907,-1.7933,-2.2684,1.0602,2.6986,1.5107
-4.8308,-2.3596,-4.341,-1.8627,-2.3201,1.1126,2.7624,1.5765
-4.8779,-2.4199,-4.3897,-1.9313,-2.3713,1.1648,2.8253,1.6419
-4.9242,-2.4799,-4.4367,-1.9989,-2.4221,1.2171,2.8875,1.7069
-4.9695,-2.5398,-4.4821,-2.0657,-2.4725,1.2693,2.9488,1.7715
-5.014,-2.5995,-4.5258,-2.1315,-2.5225,1.3215,3.0093,1.8357
-5.0575,-2.6591,-4.5679,-2.1964,-2.572,1.3738,3.0691,1.8995
-5.1,-2.7185,-4.6083,-2.2603,-2.6212,1.4261,3.1279,1.9628
-5.1417,-2.7777,-4.6471,-2.3234,-2.6701,1.4785,3.186,2.0258
-5.1824,-2.8367,-4.6843,-2.3855,-2.7186,1.531,3.2432,2.0884
-5.2221,-2.8956,-4.7198,-2.4466,-2.7667,1.5836,3.2996,2.1505
-5.2608,-2.9543,-4.7538,-2.5068,-2.8145,1.6363,3.3551,2.2122
-5.2986,-3.0128,-4.7861,-2.566,-2.862,1.6891,3.4097,2.2734
-5.3353,-3.0711,-4.8169,-2.6242,-2.9092,1.7421,3.4635,2.3343
-5.3711,-3.1293,-4.846,-2.6815,-2.956,1.7952,3.5164,2.3946
-5.4058,-3.1872,-4.8736,-2.7378,-3.0026,1.8485,3.5683,2.4546
-5.4395,-3.2449,-4.8996,-2.7932,-3.0489,1.902,3.6194,2.514
-5.4721,-3.3023,-4.924,-2.8475,-3.0948,1.9557,3.6695,2.573
-5.5036,-3.3595,-4.9468,-2.9009,-3.1405,2.0096,3.7187,2.6315
-5.534,-3.4164,-4.9681,-2.9532,-3.1859,2.0637,3.7669,2.6895
-5.5633,-3.4731,-4.9878,-3.0045,-3.231,2.118,3.8142,2.7469
-5.5914,-3.5294,-5.006,-3.0549,-3.2758,2.1725,3.8604,2.8038
-5.6184,-3.5854,-5.0226,-3.1042,-3.3203,2.2272,3.9057,2.8602
-5.6441,-3.641,-5.0377,-3.1525,-3.3646,2.282,3.9499,2.916
-5.6687,-3.6963,-5.0513,-3.1997,-3.4085,2.3371,3.9932,2.9712
-5.692,-3.7512,-5.0633,-3.2459,-3.4521,2.3924,4.0353,3.0258
-5.714,-3.8056,-5.0738,-3.291,-3.4954,2.4479,4.0764,3.0798
-5.7347,-3.8596,-5.0828,-3.3351,-3.5384,2.5035,4.1164,3.1331
-5.7541,-3.913,-5.0902,-3.3781,-3.581,2.5593,4.1552,3.1858
-5.7721,-3.966,-5.0961,-3.42,-3.6232,2.6153,4.1929,3.2377
-5.7888,-4.0183,-5.1005,-3.4609,-3.6651,2.6713,4.2295,3.2889
-5.804,-4.0701,-5.1034,-3.5006,-3.7067,2.7275,4.2649,3.3394
-5.8178,-4.1213,-5.1048,-3.5392,-3.7478,2.7838,4.2991,3.3891
-5.8302,-4.1718,-5.1047,-3.5767,-3.7885,2.8402,4.332,3.438
-5.841,-4.2216,-5.1031,-3.6131,-3.8288,2.8966,4.3637,3.486
-5.8503,-4.2706,-5.0999,-3.6483,-3.8686,2.953,4.3941,3.5332
-5.858,-4.3189,-5.0952,-3.6824,-3.9079,3.0095,4.4232,3.5795
-5.8641,-4.3663,-5.0891,-3.7152,-3.9467,3.0659,4.451,3.6248
-5.8686,-4.4129,-5.0814,-3.7469,-3.985,3.1222,4.4775,3.6692
-5.8715,-4.4585,-5.0721,-3.7774,-4.0227,3.1785,4.5025,3.7126
-5.8726,-4.5032,-5.0614,-3.8067,-4.0599,3.2346,4.5262,3.755
-5.8721,-4.5469,-5.0491,-3.8347,-4.0964,3.2906,4.5485,3.7963
-5.8697,-4.5896,-5.0353,-3.8615,-4.1323,3.3464,4.5692,3.8365
-5.8656,-4.6312,-5.02,-3.8871,-4.1675,3.4019,4.5886,3.8756
-5.8597,-4.6716,-5.0031,-3.9113,-4.202,3.4572,4.6064,3.9136
-5.852,-4.7109,-4.9848,-3.9343,-4.2357,3.5121,4.6227,3.9503
-5.8424,-4.7489,-4.9648,-3.956,-4.2687,3.5667,4.6374,3.9858
-5.8309,-4.7857,-4.9433,-3.9763,-4.3009,3.6209,4.6505,4.02
-5.8174,-4.8211,-4.9203,-3.9953,-4.3323,3.6747,4.6621,4.0529
-5.802,-4.8552,-4.8957,-4.013,-4.3627,3.7279,4.672,4.0845
-5.7846,-4.8879,-4.8695,-4.0293,-4.3923,3.7806,4.6803,4.1147
-5.7652,-4.9191,-4.8418,-4.0442,-4.4209,3.8328,4.6869,4.1436
-5.7438,-4.9488,-4.8125,-4.0577,-4.4485,3.8842,4.6918,4.1709
-5.7203,-4.9769,-4.7816,-4.0697,-4.475,3.935,4.6949,4.1968
-5.6948,-5.0035,-4.7492,-4.0804,-4.5005,3.9851,4.6964,4.2212
-5.6671,-5.0284,-4.7151,-4.0896,-4.5249,4.0344,4.696,4.244
-5.6374,-5.0517,-4.6795,-4.0973,-4.5482,4.0828,4.6939,4.2653
-5.6054,-5.0732,-4.6422,-4.1035,-4.5702,4.1303,4.69,4.285
-5.5714,-5.0929,-4.6034,-4.1083,-4.5911,4.1769,4.6842,4.303
-5.5351,-5.1108,-4.5629,-4.1115,-4.6107,4.2225,4.6767,4.3194
-5.4966,-5.1269,-4.5208,-4.1132,-4.6289,4.267,4.6672,4.334
-5.456,-5.141,-4.4771,-4.1133,-4.6459,4.3104,4.6559,4.347
-5.4131,-5.1532,-4.4318,-4.1119,-4.6614,4.3526,4.6427,4.3581
-5.368,-5.1635,-4.3849,-4.1089,-4.6755,4.3937,4.6276,4.3676
-5.3207,-5.1717,-4.3363,-4.1044,-4.6882,4.4334,4.6106,4.3752
-5.2711,-5.1779,-4.2861,-4.0982,-4.6994,4.4718,4.5917,4.3809
-5.2192,-5.1819,-4.2343,-4.0904,-4.709,4.5089,4.5708,4.3849
-5.1651,-5.1839,-4.1809,-4.081,-4.7171,4.5445,4.548,4.3869
-5.1087,-5.1837,-4.1258,-4.0699,-4.7235,4.5787,4.5232,4.3871
-5.0501,-5.1813,-4.069,-4.0572,-4.7284,4.6113,4.4965,4.3854
-4.9892,-5.1767,-4.0107,-4.0428,-4.7315,4.6423,4.4678,4.3817
-4.9261,-5.1698,-3.9507,-4.0268,-4.733,4.6717,4.4371,4.3761
-4.8607,-5.1607,-3.8891,-4.009,-4.7327,4.6994,4.4045,4.3685
-4.793,-5.1493,-3.8259,-3.9896,-4.7306,4.7253,4.3699,4.359
-4.7232,-5.1355,-3.761,-3.9685,-4.7267,4.7495,4.3333,4.3474
-4.6511,-5.1194,-3.6945,-3.9457,-4.721,4.7718,4.2948,4.3339
-4.5767,-5.101,-3.6264,-3.9211,-4.7134,4.7923,4.2543,4.3184
-4.5002,-5.0802,-3.5567,-3.8949,-4.7039,4.8109,4.2119,4.3009
-4.4216,-5.057,-3.4854,-3.8669,-4.6926,4.8275,4.1675,4.2814
-4.3407,-5.0313,-3.4126,-3.8372,-4.6793,4.842,4.1212,4.2599
-4.2577,-5.0033,-3.3381,-3.8058,-4.664,4.8546,4.073,4.2363
-4.1727,-4.9728,-3.2621,-3.7726,-4.6467,4.8651,4.0228,4.2108
-4.0855,-4.9399,-3.1846,-3.7377,-4.6275,4.8734,3.9708,4.1832
-3.9963,-4.9045,-3.1055,-3.7011,-4.6062,4.8796,3.9168,4.1536
-3.905,-4.8667,-3.0248,-3.6628,-4.5829,4.8836,3.861,4.1221
-3.8118,-4.8265,-2.9427,-3.6228,-4.5576,4.8854,3.8034,4.0885
-3.7166,-4.7838,-2.8591,-3.581,-4.5302,4.8849,3.7439,4.053
-3.6195,-4.7387,-2.774,-3.5375,-4.5007,4.8822,3.6826,4.0155
-3.5205,-4.6911,-2.6875,-3.4923,-4.4692,4.8772,3.6196,3.976
-3.4197,-4.6411,-2.5995,-3.4454,-4.4356,4.8698,3.5548,3.9347
-3.3171,-4.5887,-2.5102,-3.3969,-4.3999,4.8602,3.4882,3.8914
-3.2127,-4.5339,-2.4195,-3.3466,-4.3621,4.8481,3.42,3.8462
-3.1067,-4.4768,-2.3274,-3.2947,-4.3222,4.8337,3.3501,3.7991
-2.999,-4.4172,-2.234,-3.2411,-4.2802,4.8169,3.2786,3.7501
-2.8897,-4.3553,-2.1393,-3.1859,-4.2361,4.7976,3.2055,3.6994
-2.7789,-4.2911,-2.0434,-3.1291,-4.19,4.776,3.1308,3.6468
-2.6666,-4.2246,-1.9462,-3.0707,-4.1418,4.7519,3.0546,3.5924
-2.5529,-4.1558,-1.8478,-3.0107,-4.0915,4.7255,2.9769,3.5363
-2.4378,-4.0848,-1.7483,-2.9491,-4.0392,4.6966,2.8978,3.4785
-2.3214,-4.0115,-1.6477,-2.886,-3.9848,4.6652,2.8173,3.419
-2.2038,-3.9361,-1.5459,-2.8214,-3.9285,4.6315,2.7354,3.3578
-2.0851,-3.8586,-1.4432,-2.7553,-3.8701,4.5953,2.6522,3.295
-1.9652,-3.7789,-1.3394,-2.6878,-3.8098,4.5567,2.5677,3.2307
-1.8444,-3.6972,-1.2347,-2.6187,-3.7475,4.5157,2.482,3.1648
-1.7225,-3.6135,-1.1291,-2.5483,-3.6833,4.4724,2.3951,3.0974
-1.5999,-3.5278,-1.0226,-2.4765,-3.6171,4.4266,2.3071,3.0286
-1.4764,-3.4402,-0.91537,-2.4034,-3.5491,4.3785,2.218,2.9584
-1.3521,-3.3507,-0.80733,-2.329,-3.4793,4.3281,2.1279,2.8867
-1.2273,-3.2593,-0.69858,-2.2532,-3.4077,4.2753,2.0369,2.8138
-1.1019,-3.1662,-0.58918,-2.1763,-3.3343,4.2203,1.9449,2.7396
-0.97596,-3.0714,-0.47917,-2.0981,-3.2592,4.163,1.8521,2.6642
-0.84966,-2.975,-0.36862,-2.0188,-3.1824,4.1035,1.7585,2.5876
-0.72304,-2.8769,-0.25759,-1.9384,-3.1039,4.0418,1.6641,2.5098
-0.5962,-2.7773,-0.14613,-1.8569,-3.0238,3.978,1.5691,2.431
-0.4692,-2.6763,-0.034303,-1.7743,-2.9422,3.912,1.4734,2.3512
-0.34215,-2.5738,0.077829,-1.6908,-2.8591,3.844,1.3772,2.2704
-0.21513,-2.4699,0.1902,-1.6063,-2.7746,3.7739,1.2805,2.1888
-0.08822,-2.3648,0.30275,-1.5209,-2.6886,3.7018,1.1833,2.1062
0.038481,-2.2585,0.41542,-1.4347,-2.6013,3.6278,1.0858,2.0229
0.16489,-2.151,0.52812,-1.3476,-2.5127,3.5519,0.9879,1.9388
0.29091,-2.0425,0.64081,-1.2598,-2.4229,3.4741,0.8898,1.854
0.41646,-1.9329,0.7534,-1.1714,-2.3319,3.3946,0.79151,1.7686
0.54144,-1.8225,0.86583,-1.0822,-2.2397,3.3133,0.6931,1.6826
0.66577,-1.7112,0.97803,-0.99253,-2.1466,3.2303,0.59463,1.5962
0.78935,-1.599,1.0899,-0.90228,-2.0524,3.1457,0.49617,1.5092
0.9121,-1.4862,1.2014,-0.81155,-1.9573,3.0596,0.39779,1.4219
1.0339,-1.3728,1.3125,-0.7204,-1.8614,2.972,0.29955,1.3343
1.1547,-1.2588,1.4231,-0.62887,-1.7647,2.8829,0.20152,1.2464
1.2745,-1.1443,1.533,-0.53704,-1.6673,2.7925,0.10376,1.1583
1.393,-1.0295,1.6423,-0.44495,-1.5692,2.7008,0.0063367,1.07
1.5102,-0.91428,1.7508,-0.35266,-1.4706,2.6078,-0.090681,0.98164
1.6261,-0.79885,1.8585,-0.26025,-1.3714,2.5137,-0.18723,0.89326
1.7406,-0.68325,1.9653,-0.16776,-1.2719,2.4185,-0.28324,0.80491
1.8535,-0.56757,2.0711,-0.075248,-1.1719,2.3223,-0.37865,0.71666
1.9648,-0.45188,2.1759,0.017214,-1.0717,2.2252,-0.4734,0.62855
2.0744,-0.33625,2.2795,0.10957,-0.97135,2.1271,-0.56742,0.54067
2.1822,-0.22077,2.3819,0.20176,-0.87082,2.0283,-0.66064,0.45305
2.2882,-0.10552,2.4831,0.29372,-0.77024,1.9288,-0.753,0.36576
2.3922,0.0094314,2.5828,0.38539,-0.66969,1.8287,-0.84444,0.27886
2.4942,0.12401,2.6812,0.47672,-0.56924,1.728,-0.9349,0.19241
2.5942,0.23813,2.778,0.56763,-0.46897,1.6268,-1.0243,0.10646
2.692,0.35172,2.8733,0.65807,-0.36896,1.5252,-1.1126,0.021069
2.7876,0.46471,2.9668,0.74799,-0.26929,1.4232,-1.1998,-0.063709
2.8809,0.57703,3.0587,0.83731,-0.17002,1.3211,-1.2857,-0.14782
2.9719,0.6886,3.1487,0.92598,-0.071251,1.2188,-1.3703,-0.2312
3.0604,0.79934,3.2369,1.0139,0.026957,1.1163,-1.4536,-0.31382
3.1465,0.9092,3.3231,1.1011,0.12452,1.0139,-1.5355,-0.3956
3.2301,1.0181,3.4073,1.1875,0.22137,0.91156,-1.616,-0.4765
3.3111,1.126,3.4894,1.273,0.31742,0.80936,-1.6949,-0.55648
3.3894,1.2327,3.5694,1.3575,0.41261,0.70739,-1.7723,-0.63548
3.4651,1.3383,3.6471,1.4411,0.50686,0.60573,-1.8481,-0.71346
3.5381,1.4427,3.7226,1.5235,0.6001,0.50445,-1.9222,-0.79036
3.6084,1.5458,3.7957,1.6049,0.69225,0.40363,-1.9946,-0.86615
3.6758,1.6476,3.8664,1.6851,0.78325,0.30335,-2.0652,-0.94078
3.7404,1.7479,3.9346,1.7642,0.87302,0.20367,-2.1341,-1.0142
3.8021,1.8468,4.0003,1.8419,0.96151,0.10469,-2.2011,-1.0864
3.861,1.9442,4.0635,1.9183,1.0486,0.0064552,-2.2662,-1.1573
3.9169,2.0399,4.124,1.9934,1.1343,-0.090945,-2.3294,-1.2269
3.9699,2.1341,4.1818,2.0671,1.2185,-0.18745,-2.3906,-1.2951
4.02,2.2266,4.2369,2.1393,1.3012,-0.28298,-2.4499,-1.3619
4.0671,2.3174,4.2892,2.21,1.3823,-0.37747,-2.5071,-1.4273
4.1112,2.4063,4.3386,2.2791,1.4617,-0.47086,-2.5622,-1.4912
4.1523,2.4935,4.3853,2.3467,1.5393,-0.56308,-2.6152,-1.5537
4.1904,2.5788,4.429,2.4126,1.6152,-0.65406,-2.6661,-1.6146
4.2256,2.6623,4.4698,2.4769,1.6893,-0.74376,-2.7148,-1.6739
4.2578,2.7438,4.5076,2.5394,1.7615,-0.83209,-2.7613,-1.7317
4.287,2.8233,4.5424,2.6002,1.8318,-0.91902,-2.8057,-1.7879
4.3132,2.9008,4.5741,2.6593,1.9,-1.0045,-2.8477,-1.8425
4.3365,2.9763,4.6029,2.7165,1.9663,-1.0884,-2.8876,-1.8954
4.3568,3.0497,4.6285,2.7719,2.0305,-1.1708,-2.9252,-1.9466
4.3743,3.1211,4.6511,2.8254,2.0926,-1.2515,-2.9605,-1.9961
4.3888,3.1903,4.6705,2.877,2.1526,-1.3306,-2.9935,-2.044
4.4005,3.2574,4.6868,2.9266,2.2105,-1.4079,-3.0241,-2.0901
4.4094,3.3223,4.7,2.9743,2.2661,-1.4835,-3.0525,-2.1345
4.4154,3.3851,4.71,3.0201,2.3195,-1.5572,-3.0786,-2.1771
4.4187,3.4456,4.7169,3.0638,2.3706,-1.6292,-3.1023,-2.218
4.4193,3.504,4.7207,3.1055,2.4195,-1.6992,-3.1237,-2.2571
4.4172,3.5602,4.7213,3.1452,2.4661,-1.7673,-3.1427,-2.2945
4.4125,3.6141,4.7188,3.1829,2.5104,-1.8335,-3.1595,-2.33
4.4053,3.6658,4.7131,3.2184,2.5523,-1.8977,-3.1739,-2.3638
4.3955,3.7153,4.7044,3.2519,2.5919,-1.9598,-3.186,-2.3958
4.3832,3.7625,4.6925,3.2833,2.6292,-2.02,-3.1957,-2.426
4.3685,3.8075,4.6776,3.3126,2.6641,-2.0781,-3.2032,-2.4544
4.3515,3.8502,4.6596,3.3398,2.6966,-2.1341,-3.2084,-2.481
4.3322,3.8907,4.6386,3.3649,2.7268,-2.188,-3.2113,-2.5058
4.3107,3.929,4.6146,3.3879,2.7546,-2.2398,-3.212,-2.5288
4.287,3.9651,4.5876,3.4087,2.7801,-2.2894,-3.2105,-2.5501
4.2612,3.999,4.5577,3.4275,2.8032,-2.337,-3.2067,-2.5695
4.2334,4.0306,4.5249,3.4441,2.824,-2.3824,-3.2007,-2.5873
4.2037,4.0601,4.4892,3.4586,2.8424,-2.4256,-3.1926,-2.6032
4.1721,4.0874,4.4508,3.471,2.8586,-2.4667,-3.1823,-2.6174
4.1388,4.1125,4.4095,3.4813,2.8724,-2.5056,-3.17,-2.6299
4.1037,4.1355,4.3656,3.4896,2.884,-2.5424,-3.1555,-2.6407
4.067,4.1563,4.319,3.4957,2.8933,-2.577,-3.139,-2.6497
4.0287,4.1751,4.2697,3.4998,2.9004,-2.6094,-3.1205,-2.6571
3.989,4.1918,4.2179,3.5018,2.9053,-2.6397,-3.1001,-2.6628
3.9479,4.2064,4.1637,3.5017,2.9081,-2.6679,-3.0776,-2.6668
3.9055,4.219,4.107,3.4997,2.9087,-2.694,-3.0533,-2.6692
3.8619,4.2296,4.0479,3.4956,2.9072,-2.718,-3.0272,-2.67
3.8172,4.2382,3.9865,3.4896,2.9037,-2.7399,-2.9992,-2.6692
3.7714,4.2449,3.9229,3.4816,2.8981,-2.7597,-2.9695,-2.6668
3.7246,4.2496,3.8572,3.4716,2.8905,-2.7774,-2.938,-2.6628
3.677,4.2525,3.7893,3.4597,2.8811,-2.7932,-2.9049,-2.6573
3.6286,4.2535,3.7194,3.4459,2.8697,-2.8069,-2.8701,-2.6503
3.5795,4.2526,3.6476,3.4303,2.8564,-2.8187,-2.8338,-2.6418
3.5298,4.25,3.574,3.4127,2.8414,-2.8285,-2.7959,-2.6319
3.4795,4.2456,3.4986,3.3934,2.8247,-2.8363,-2.7566,-2.6205
3.4288,4.2395,3.4214,3.3723,2.8062,-2.8423,-2.7158,-2.6077
3.3778,4.2317,3.3427,3.3494,2.7861,-2.8465,-2.6737,-2.5936
3.3264,4.2222,3.2624,3.3247,2.7644,-2.8488,-2.6302,-2.578
3.2749,4.2112,3.1807,3.2984,2.7412,-2.8493,-2.5855,-2.5612
3.2232,4.1985,3.0976,3.2704,2.7165,-2.848,-2.5396,-2.543
3.1715,4.1843,3.0133,3.2408,2.6904,-2.8451,-2.4926,-2.5236
3.1199,4.1685,2.9277,3.2096,2.663,-2.8405,-2.4444,-2.503
3.0684,4.1513,2.8411,3.1767,2.6342,-2.8342,-2.3952,-2.4811
3.0171,4.1327,2.7534,3.1424,2.6043,-2.8264,-2.345,-2.4581
2.966,4.1127,2.6649,3.1066,2.5732,-2.817,-2.294,-2.4339
2.9153,4.0913,2.5755,3.0693,2.5409,-2.8061,-2.242,-2.4086
2.865,4.0686,2.4853,3.0305,2.5077,-2.7937,-2.1893,-2.3822
2.8152,4.0446,2.3945,2.9904,2.4734,-2.7799,-2.1358,-2.3547
2.7659,4.0193,2.3032,2.949,2.4383,-2.7647,-2.0816,-2.3263
2.7173,3.9929,2.2113,2.9062,2.4023,-2.7482,-2.0268,-2.2968
2.6694,3.9652,2.1191,2.8621,2.3656,-2.7305,-1.9714,-2.2663
2.6222,3.9365,2.0266,2.8168,2.3281,-2.7115,-1.9155,-2.235
2.5757,3.9066,1.9338,2.7703,2.29,-2.6913,-1.8592,-2.2027
2.5302,3.8757,1.841,2.7227,2.2513,-2.67,-1.8025,-2.1695
2.4856,3.8437,1.7481,2.6739,2.2121,-2.6475,-1.7454,-2.1355
2.4419,3.8108,1.6552,2.624,2.1725,-2.6241,-1.6881,-2.1007
2.3992,3.7769,1.5625,2.5731,2.1325,-2.5996,-1.6305,-2.0651
2.3576,3.7421,1.47,2.5212,2.0921,-2.5742,-1.5727,-2.0287
2.3171,3.7064,1.3778,2.4683,2.0516,-2.5479,-1.5149,-1.9917
2.2778,3.6698,1.286,2.4145,2.0108,-2.5208,-1.4569,-1.9539
2.2396,3.6324,1.1947,2.3598,1.9699,-2.4929,-1.399,-1.9155
2.2026,3.5943,1.1039,2.3042,1.9289,-2.4642,-1.3411,-1.8764
2.1669,3.5554,1.0137,2.2478,1.8879,-2.4348,-1.2833,-1.8367
2.1325,3.5158,0.92414,2.1906,1.847,-2.4047,-1.2257,-1.7965
2.0994,3.4755,0.83538,2.1327,1.8062,-2.3741,-1.1682,-1.7557
2.0676,3.4345,0.74747,2.0741,1.7656,-2.3429,-1.111,-1.7144
2.0371,3.393,0.66045,2.0148,1.7252,-2.3111,-1.054,-1.6725
2.0081,3.3508,0.5744,1.9549,1.6851,-2.2789,-0.99742,-1.6303
1.9804,3.3081,0.48939,1.8944,1.6453,-2.2463,-0.94118,-1.5875
1.9541,3.2648,0.40548,1.8333,1.606,-2.2132,-0.88537,-1.5444
1.9293,3.221,0.32273,1.7717,1.567,-2.1799,-0.83002,-1.5008
1.9058,3.1768,0.2412,1.7096,1.5286,-2.1462,-0.77517,-1.4569
1.8838,3.1321,0.16094,1.647,1.4907,-2.1123,-0.72086,-1.4127
1.8632,3.0869,0.082014,1.584,1.4534,-2.0781,-0.66712,-1.3681
1.8441,3.0414,0.0044692,1.5206,1.4167,-2.0438,-0.614,-1.3232
1.8263,2.9955,-0.071644,1.4569,1.3807,-2.0094,-0.56152,-1.2781
1.81,2.9492,-0.14628,1.3928,1.3454,-1.9748,-0.50972,-1.2327
1.7951,2.9026,-0.21939,1.3284,1.3108,-1.9402,-0.45864,-1.1871
1.7816,2.8558,-0.29094,1.2638,1.2771,-1.9055,-0.40829,-1.1412
1.7695,2.8086,-0.36089,1.1989,1.2442,-1.8709,-0.3587,-1.0952
1.7587,2.7612,-0.42919,1.1338,1.2121,-1.8363,-0.30991,-1.049
1.7493,2.7135,-0.49582,1.0686,1.181,-1.8018,-0.26194,-1.0027
1.7413,2.6656,-0.56075,1.0032,1.1507,-1.7673,-0.21481,-0.95622
1.7345,2.6176,-0.62394,0.93763,1.1214,-1.7331,-0.16854,-0.90964
1.729,2.5693,-0.68537,0.87201,1.0931,-1.6989,-0.12314,-0.86297
1.7248,2.5209,-0.74501,0.80632,1.0658,-1.665,-0.078652,-0.81623
1.7218,2.4724,-0.80285,0.74059,1.0395,-1.6313,-0.035072,-0.76942
1.72,2.4238,-0.85887,0.67485,1.0142,-1.5978,0.007579,-0.72258
1.7193,2.375,-0.91305,0.60913,0.98998,-1.5646,0.049289,-0.67571
1.7198,2.3262,-0.96538,0.54344,0.96684,-1.5317,0.090047,-0.62882
1.7214,2.2773,-1.0158,0.47782,0.94478,-1.4991,0.12984,-0.58195
1.724,2.2284,-1.0644,0.41229,0.92381,-1.4669,0.16867,-0.53509
1.7277,2.1795,-1.1112,0.34687,0.90395,-1.435,0.20653,-0.48827
1.7323,2.1305,-1.156,0.28159,0.88519,-1.4034,0.2434,-0.44149
1.7378,2.0816,-1.199,0.21647,0.86754,-1.3723,0.27929,-0.39478
1.7442,2.0326,-1.2401,0.15154,0.85101,-1.3415,0.3142,-0.34814
1.7515,1.9837,-1.2793,0.086807,0.8356,-1.3112,0.34813,-0.30158
1.7595,1.9349,-1.3166,0.022305,0.8213,-1.2813,0.38107,-0.25513
1.7683,1.8861,-1.3521,-0.041948,0.8081,-1.2519,0.41304,-0.20879
1.7778,1.8374,-1.3858,-0.10593,0.79602,-1.2229,0.44403,-0.16258
1.7879,1.7888,-1.4176,-0.16962,0.78503,-1.1944,0.47405,-0.11649
1.7986,1.7404,-1.4476,-0.23299,0.77512,-1.1663,0.50312,-0.07056
1.8098,1.692,-1.4759,-0.29603,0.76629,-1.1388,0.53124,-0.024782
1.8216,1.6438,-1.5023,-0.35872,0.75853,-1.1117,0.55841,0.020827
1.8337,1.5957,-1.527,-0.42103,0.75181,-1.0851,0.58466,0.066257
1.8462,1.5478,-1.55,-0.48295,0.74612,-1.059,0.60999,0.1115
1.8591,1.5,-1.5713,-0.54445,0.74145,-1.0334,0.63441,0.15654
1.8722,1.4525,-1.5909,-0.60552,0.73777,-1.0083,0.65795,0.20137
1.8855,1.4051,-1.6088,-0.66614,0.73505,-0.98374,0.68062,0.24599
1.899,1.358,-1.6252,-0.72629,0.73329,-0.95966,0.70243,0.29037
1.9126,1.3111,-1.6399,-0.78594,0.73245,-0.93609,0.72341,0.33452
1.9262,1.2644,-1.6532,-0.84509,0.7325,-0.91301,0.74357,0.37842
1.9398,1.218,-1.6649,-0.90371,0.73342,-0.89044,0.76293,0.42207
1.9533,1.1718,-1.6751,-0.96179,0.73519,-0.86836,0.78152,0.46545
1.9668,1.1259,-1.6839,-1.0193,0.73776,-0.84677,0.79935,0.50855
1.98,1.0803,-1.6914,-1.0762,0.74111,-0.82566,0.81645,0.55137
1.993,1.035,-1.6974,-1.1326,0.7452,-0.80504,0.83283,0.5939
2.0057,0.98997,-1.7022,-1.1883,0.75001,-0.78489,0.84853,0.63613
2.0181,0.94527,-1.7057,-1.2434,0.75549,-0.7652,0.86357,0.67805
2.03,0.9009,-1.708,-1.2978,0.76161,-0.74597,0.87798,0.71964
2.0416,0.85687,-1.7091,-1.3516,0.76834,-0.72719,0.89177,0.76092
2.0526,0.81318,-1.7091,-1.4046,0.77563,-0.70885,0.90497,0.80185
2.063,0.76985,-1.708,-1.457,0.78344,-0.69093,0.91762,0.84244
2.0729,0.72689,-1.7058,-1.5087,0.79175,-0.67344,0.92973,0.88268
2.082,0.68431,-1.7027,-1.5596,0.8005,-0.65635,0.94133,0.92256
2.0905,0.64211,-1.6986,-1.6098,0.80966,-0.63966,0.95245,0.96207
2.0982,0.60031,-1.6936,-1.6592,0.81919,-0.62335,0.96312,1.0012
2.1052,0.55892,-1.6878,-1.7078,0.82904,-0.60741,0.97336,1.0399
2.1112,0.51795,-1.6812,-1.7556,0.83918,-0.59183,0.9832,1.0783
2.1164,0.47739,-1.6739,-1.8027,0.84955,-0.5766,0.99267,1.1162
2.1206,0.43727,-1.6658,-1.8488,0.86012,-0.56169,1.0018,1.1538
2.1238,0.39759,-1.6571,-1.8942,0.87085,-0.5471,1.0106,1.1909
2.126,0.35836,-1.6478,-1.9386,0.88169,-0.53282,1.0191,1.2276
2.1272,0.31959,-1.638,-1.9822,0.89259,-0.51882,1.0274,1.2639
2.1272,0.28129,-1.6276,-2.0249,0.90353,-0.50509,1.0354,1.2997
2.1261,0.24345,-1.6168,-2.0668,0.91444,-0.49163,1.0432,1.335
2.1238,0.2061,-1.6056,-2.1076,0.9253,-0.4784,1.0508,1.3699
2.1202,0.16923,-1.594,-2.1476,0.93605,-0.46541,1.0583,1.4044
2.1155,0.13286,-1.5821,-2.1866,0.94666,-0.45263,1.0656,1.4384
2.1094,0.096983,-1.57,-2.2247,0.95707,-0.44004,1.0728,1.4719
2.102,0.061615,-1.5576,-2.2618,0.96726,-0.42764,1.08,1.5049
2.0933,0.026759,-1.5451,-2.2979,0.97718,-0.4154,1.087,1.5374
2.0832,-0.0075812,-1.5324,-2.333,0.98679,-0.40331,1.0941,1.5694
2.0716,-0.041399,-1.5196,-2.3671,0.99604,-0.39136,1.1011,1.6009
2.0587,-0.074691,-1.5068,-2.4002,1.0049,-0.37952,1.1082,1.6319
2.0443,-0.10745,-1.494,-2.4322,1.0133,-0.3678,1.1152,1.6624
2.0285,-0.13968,-1.4812,-2.4633,1.0213,-0.35615,1.1224,1.6923
2.0111,-0.17137,-1.4685,-2.4932,1.0287,-0.34459,1.1296,1.7217
1.9923,-0.20251,-1.456,-2.5222,1.0356,-0.33308,1.1368,1.7506
1.9719,-0.23311,-1.4436,-2.55,1.042,-0.32161,1.1443,1.7789
1.95,-0.26317,-1.4313,-2.5768,1.0477,-0.31018,1.1518,1.8067
1.9266,-0.29268,-1.4193,-2.6025,1.0527,-0.29876,1.1595,1.834
1.9016,-0.32164,-1.4076,-2.6271,1.0571,-0.28733,1.1674,1.8606
1.875,-0.35004,-1.3961,-2.6507,1.0607,-0.2759,1.1754,1.8868
1.8469,-0.3779,-1.385,-2.6731,1.0636,-0.26443,1.1837,1.9123
1.8171,-0.4052,-1.3743,-2.6944,1.0658,-0.25293,1.1922,1.9373
1.7858,-0.43196,-1.3639,-2.7146,1.0671,-0.24137,1.2009,1.9617
1.7529,-0.45816,-1.3539,-2.7337,1.0675,-0.22974,1.2098,1.9856
1.7184,-0.48381,-1.3444,-2.7517,1.0672,-0.21803,1.219,2.0088
1.6824,-0.50891,-1.3354,-2.7686,1.0659,-0.20623,1.2285,2.0315
1.6448,-0.53346,-1.3268,-2.7843,1.0637,-0.19432,1.2383,2.0536
1.6056,-0.55747,-1.3188,-2.7989,1.0606,-0.1823,1.2483,2.0752
1.5648,-0.58094,-1.3113,-2.8124,1.0565,-0.17014,1.2587,2.0961
1.5225,-0.60387,-1.3043,-2.8248,1.0514,-0.15785,1.2694,2.1165
1.4786,-0.62626,-1.2979,-2.8361,1.0454,-0.14541,1.2803,2.1363
1.4332,-0.64812,-1.2922,-2.8462,1.0383,-0.13281,1.2917,2.1554
1.3863,-0.66946,-1.287,-2.8552,1.0302,-0.12005,1.3033,2.1741
1.3379,-0.69027,-1.2824,-2.8631,1.021,-0.1071,1.3153,2.1921
1.2881,-0.71056,-1.2785,-2.8699,1.0108,-0.093966,1.3277,2.2095
1.2368,-0.73034,-1.2752,-2.8755,0.99946,-0.080636,1.3403,2.2264
1.184,-0.74961,-1.2726,-2.8801,0.98708,-0.067103,1.3534,2.2427
1.1298,-0.76838,-1.2706,-2.8835,0.97359,-0.053359,1.3668,2.2584
1.0743,-0.78666,-1.2693,-2.8859,0.95901,-0.039396,1.3805,2.2735
1.0174,-0.80445,-1.2687,-2.8872,0.94331,-0.025209,1.3946,2.288
0.95917,-0.82175,-1.2688,-2.8874,0.9265,-0.010791,1.4091,2.302
0.89964,-0.83859,-1.2695,-2.8865,0.90857,0.0038633,1.4239,2.3155
0.83886,-0.85495,-1.2709,-2.8846,0.88952,0.018759,1.4391,2.3283
0.77684,-0.87086,-1.273,-2.8816,0.86935,0.033901,1.4546,2.3406
0.71363,-0.88632,-1.2758,-2.8776,0.84806,0.049293,1.4705,2.3524
0.64926,-0.90133,-1.2793,-2.8725,0.82564,0.064938,1.4867,2.3636
0.58378,-0.91591,-1.2834,-2.8665,0.80212,0.08084,1.5032,2.3742
0.51721,-0.93006,-1.2882,-2.8594,0.77748,0.097002,1.5201,2.3843
0.44961,-0.9438,-1.2937,-2.8513,0.75174,0.11342,1.5374,2.3939
0.38101,-0.95712,-1.2998,-2.8423,0.7249,0.13011,1.5549,2.403
0.31146,-0.97005,-1.3065,-2.8322,0.69698,0.14706,1.5728,2.4115
0.241,-0.98259,-1.3139,-2.8212,0.66798,0.16427,1.5909,2.4195
0.16969,-0.99475,-1.3219,-2.8093,0.63792,0.18175,1.6094,2.427
0.09756,-1.0065,-1.3306,-2.7965,0.6068,0.19949,1.6281,2.434
0.024667,-1.018,-1.3398,-2.7827,0.57466,0.21749,1.6471,2.4405
-0.04894,-1.029,-1.3496,-2.7681,0.54149,0.23576,1.6664,2.4465
-0.12321,-1.0397,-1.3599,-2.7525,0.50732,0.25428,1.6859,2.452
-0.19809,-1.0501,-1.3708,-2.7362,0.47217,0.27305,1.7057,2.4571
-0.27354,-1.0602,-1.3822,-2.7189,0.43606,0.29208,1.7257,2.4617
-0.34948,-1.07,-1.3941,-2.7009,0.39901,0.31136,1.7459,2.4658
-0.42588,-1.0794,-1.4065,-2.682,0.36104,0.33088,1.7663,2.4694
-0.50268,-1.0886,-1.4194,-2.6624,0.32218,0.35064,1.7868,2.4726
-0.57982,-1.0974,-1.4327,-2.642,0.28244,0.37063,1.8076,2.4754
-0.65724,-1.106,-1.4464,-2.6208,0.24187,0.39085,1.8285,2.4777
-0.73489,-1.1144,-1.4605,-2.5989,0.20048,0.4113,1.8495,2.4796
-0.81271,-1.1224,-1.475,-2.5763,0.1583,0.43195,1.8706,2.481
-0.89064,-1.1303,-1.4898,-2.553,0.11536,0.45282,1.8918,2.482
-0.96863,-1.1378,-1.5049,-2.529,0.071703,0.47388,1.9131,2.4827
-1.0466,-1.1452,-1.5203,-2.5044,0.027347,0.49513,1.9344,2.4829
-1.1245,-1.1523,-1.5359,-2.4791,-0.017672,0.51657,1.9558,2.4827
-1.2023,-1.1593,-1.5518,-2.4533,-0.06332,0.53818,1.9771,2.4821
-1.2799,-1.166,-1.5679,-2.4268,-0.10956,0.55995,1.9985,2.4811
-1.3573,-1.1725,-1.5841,-2.3997,-0.15636,0.58187,2.0198,2.4797
-1.4344,-1.1789,-1.6004,-2.3721,-0.20369,0.60394,2.0411,2.478
-1.5111,-1.1851,-1.6169,-2.3439,-0.2515,0.62613,2.0623,2.4758
-1.5874,-1.1911,-1.6334,-2.3153,-0.29976,0.64845,2.0834,2.4733
-1.6632,-1.197,-1.65,-2.2861,-0.34843,0.67087,2.1043,2.4704
-1.7385,-1.2027,-1.6665,-2.2564,-0.39748,0.69338,2.1251,2.4671
-1.8132,-1.2083,-1.6831,-2.2263,-0.44685,0.71598,2.1457,2.4635
-1.8872,-1.2137,-1.6995,-2.1957,-0.49652,0.73865,2.1661,2.4595
-1.9605,-1.2191,-1.7159,-2.1648,-0.54644,0.76138,2.1863,2.4551
-2.0331,-1.2243,-1.7321,-2.1334,-0.59658,0.78415,2.2062,2.4504
-2.1048,-1.2294,-1.7481,-2.1016,-0.64688,0.80695,2.2259,2.4452
-2.1757,-1.2345,-1.764,-2.0694,-0.69731,0.82977,2.2452,2.4398
-2.2456,-1.2394,-1.7796,-2.0369,-0.74782,0.85258,2.2642,2.4339
-2.3145,-1.2443,-1.795,-2.0041,-0.79838,0.87539,2.2828,2.4277
-2.3823,-1.2491,-1.81,-1.971,-0.84894,0.89816,2.3011,2.4211
-2.4491,-1.2538,-1.8247,-1.9375,-0.89946,0.9209,2.3189,2.4142
-2.5147,-1.2585,-1.839,-1.9038,-0.94989,0.94357,2.3362,2.4069
-2.5791,-1.2632,-1.8529,-1.8698,-1.0002,0.96618,2.3531,2.3992
-2.6423,-1.2678,-1.8663,-1.8356,-1.0503,0.98869,2.3695,2.3911
-2.7042,-1.2724,-1.8793,-1.8011,-1.1003,1.0111,2.3853,2.3827
-2.7647,-1.277,-1.8918,-1.7664,-1.1499,1.0334,2.4006,2.3738
-2.8238,-1.2816,-1.9037,-1.7315,-1.1993,1.0556,2.4153,2.3646
-2.8814,-1.2862,-1.915,-1.6964,-1.2483,1.0776,2.4294,2.355
-2.9376,-1.2908,-1.9257,-1.6612,-1.297,1.0994,2.4428,2.3449
-2.9923,-1.2954,-1.9357,-1.6258,-1.3452,1.1211,2.4555,2.3345
-3.0454,-1.3,-1.9451,-1.5902,-1.393,1.1426,2.4675,2.3236
-3.0968,-1.3047,-1.9538,-1.5545,-1.4402,1.1639,2.4788,2.3124
-3.1466,-1.3094,-1.9617,-1.5187,-1.4869,1.185,2.4894,2.3007
-3.1948,-1.3142,-1.9688,-1.4829,-1.5331,1.2058,2.4991,2.2886
-3.2412,-1.319,-1.9751,-1.4469,-1.5786,1.2264,2.508,2.276
-3.2858,-1.3239,-1.9806,-1.4108,-1.6234,1.2467,2.5161,2.263
-3.3287,-1.3289,-1.9852,-1.3747,-1.6675,1.2667,2.5233,2.2495
-3.3697,-1.334,-1.9889,-1.3386,-1.7109,1.2864,2.5296,2.2356
-3.4089,-1.3391,-1.9917,-1.3024,-1.7535,1.3059,2.535,2.2212
-3.4462,-1.3444,-1.9935,-1.2662,-1.7953,1.325,2.5394,2.2064
-3.4816,-1.3498,-1.9944,-1.23,-1.8363,1.3438,2.5429,2.191
-3.5151,-1.3553,-1.9942,-1.1938,-1.8764,1.3623,2.5453,2.1752
-3.5466,-1.3609,-1.993,-1.1576,-1.9155,1.3804,2.5467,2.1588
-3.5762,-1.3667,-1.9908,-1.1214,-1.9537,1.3982,2.5471,2.142
-3.6037,-1.3726,-1.9875,-1.0853,-1.991,1.4155,2.5464,2.1246
-3.6293,-1.3786,-1.983,-1.0492,-2.0272,1.4325,2.5446,2.1068
-3.6528,-1.3848,-1.9775,-1.0132,-2.0624,1.4492,2.5417,2.0883
-3.6743,-1.3912,-1.9708,-0.97726,-2.0965,1.4654,2.5377,2.0694
-3.6938,-1.3978,-1.963,-0.9414,-2.1295,1.4812,2.5325,2.0499
-3.7112,-1.4045,-1.954,-0.90563,-2.1615,1.4966,2.5261,2.0298
-3.7265,-1.4114,-1.9437,-0.86997,-2.1922,1.5116,2.5186,2.0092
-3.7397,-1.4184,-1.9323,-0.83442,-2.2219,1.5261,2.5098,1.9881
-3.7509,-1.4257,-1.9197,-0.79899,-2.2503,1.5402,2.4998,1.9663
-3.76,-1.4332,-1.9058,-0.7637,-2.2775,1.5539,2.4886,1.944
-3.767,-1.4409,-1.8906,-0.72855,-2.3035,1.5671,2.4761,1.9211
-3.772,-1.4487,-1.8742,-0.69356,-2.3283,1.5799,2.4624,1.8976
-3.7749,-1.4568,-1.8565,-0.65874,-2.3518,1.5923,2.4474,1.8735
-3.7757,-1.4651,-1.8375,-0.62409,-2.374,1.6041,2.431,1.8489
-3.7744,-1.4736,-1.8173,-0.58962,-2.3949,1.6156,2.4134,1.8236
-3.7711,-1.4823,-1.7957,-0.55535,-2.4146,1.6265,2.3945,1.7978
-3.7657,-1.4913,-1.7728,-0.52128,-2.4329,1.637,2.3743,1.7713
-3.7583,-1.5004,-1.7486,-0.48742,-2.4499,1.6471,2.3527,1.7442
-3.7489,-1.5098,-1.7231,-0.45379,-2.4656,1.6567,2.3298,1.7166
-3.7375,-1.5194,-1.6963,-0.42038,-2.4799,1.6658,2.3056,1.6883
-3.7241,-1.5292,-1.6682,-0.38721,-2.4929,1.6745,2.28,1.6594
-3.7087,-1.5392,-1.6388,-0.3543,-2.5046,1.6827,2.2531,1.63
-3.6914,-1.5494,-1.608,-0.32163,-2.5149,1.6905,2.2249,1.5999
-3.6722,-1.5598,-1.576,-0.28924,-2.5239,1.6978,2.1954,1.5693
-3.651,-1.5704,-1.5426,-0.25711,-2.5315,1.7047,2.1645,1.538
-3.628,-1.5812,-1.508,-0.22527,-2.5378,1.7112,2.1323,1.5062
-3.6032,-1.5922,-1.4721,-0.19371,-2.5428,1.7172,2.0987,1.4738
-3.5765,-1.6034,-1.4348,-0.16246,-2.5464,1.7228,2.0639,1.4408
-3.548,-1.6148,-1.3964,-0.1315,-2.5487,1.7279,2.0277,1.4072
-3.5177,-1.6263,-1.3566,-0.10086,-2.5497,1.7327,1.9903,1.3731
-3.4858,-1.638,-1.3156,-0.070534,-2.5493,1.737,1.9516,1.3385
-3.4521,-1.6498,-1.2734,-0.040533,-2.5477,1.7409,1.9116,1.3033
-3.4168,-1.6618,-1.23,-0.010863,-2.5448,1.7444,1.8703,1.2675
-3.3798,-1.6738,-1.1853,0.01847,-2.5406,1.7476,1.8278,1.2313
-3.3412,-1.686,-1.1395,0.04746,-2.5352,1.7503,1.7841,1.1945
-3.3011,-1.6983,-1.0925,0.076102,-2.5285,1.7527,1.7392,1.1572
-3.2595,-1.7107,-1.0444,0.10439,-2.5206,1.7547,1.6931,1.1195
-3.2164,-1.7231,-0.99515,0.13232,-2.5115,1.7564,1.6458,1.0813
-3.1719,-1.7356,-0.94481,0.15989,-2.5012,1.7577,1.5974,1.0426
-3.126,-1.7481,-0.89338,0.18709,-2.4897,1.7587,1.5478,1.0035
-3.0788,-1.7607,-0.84091,0.21392,-2.4771,1.7593,1.4972,0.96391
-3.0302,-1.7732,-0.78742,0.24038,-2.4634,1.7597,1.4455,0.92396
-2.9804,-1.7857,-0.73292,0.26646,-2.4486,1.7597,1.3927,0.88361
-2.9294,-1.7981,-0.67746,0.29216,-2.4327,1.7594,1.3389,0.84289
-2.8772,-1.8105,-0.62106,0.31748,-2.4157,1.7588,1.2842,0.80181
-2.8239,-1.8228,-0.56375,0.34242,-2.3977,1.758,1.2285,0.76039
-2.7695,-1.835,-0.50557,0.36698,-2.3788,1.7569,1.1718,0.71866
-2.7141,-1.847,-0.44654,0.39115,-2.3588,1.7555,1.1143,0.67663
-2.6578,-1.8589,-0.38671,0.41494,-2.3379,1.7539,1.056,0.63431
-2.6005,-1.8706,-0.32609,0.43835,-2.3161,1.752,0.99678,0.59174
-2.5423,-1.8821,-0.26474,0.46138,-2.2935,1.7499,0.93681,0.54893
-2.4833,-1.8933,-0.20269,0.48402,-2.2699,1.7476,0.8761,0.5059
-2.4236,-1.9043,-0.13997,0.50629,-2.2456,1.745,0.81468,0.46268
-2.3631,-1.915,-0.076624,0.52819,-2.2205,1.7423,0.75259,0.41929
-2.302,-1.9253,-0.012692,0.54971,-2.1946,1.7393,0.68988,0.37574
-2.2403,-1.9353,0.051786,0.57086,-2.168,1.7362,0.62657,0.33206
-2.178,-1.945,0.11677,0.59166,-2.1407,1.7328,0.56273,0.28828
-2.1152,-1.9542,0.18222,0.61209,-2.1127,1.7293,0.49837,0.24441
-2.0519,-1.963,0.24809,0.63217,-2.0841,1.7257,0.43356,0.20048
-1.9882,-1.9713,0.31433,0.65191,-2.055,1.7218,0.36833,0.1565
-1.9242,-1.9791,0.38091,0.6713,-2.0253,1.7178,0.30273,0.11251
-1.8598,-1.9864,0.44778,0.69037,-1.995,1.7137,0.23679,0.06853
-1.7953,-1.9931,0.51489,0.70911,-1.9643,1.7094,0.17057,0.024573
-1.7305,-1.9993,0.5822,0.72753,-1.9331,1.705,0.10412,-0.019335
-1.6656,-2.0048,0.64967,0.74565,-1.9015,1.7004,0.037469,-0.063171
-1.6006,-2.0097,0.71723,0.76347,-1.8695,1.6957,-0.029328,-0.10691
-1.5356,-2.0139,0.78486,0.781,-1.8372,1.6908,-0.096226,-0.15054
-1.4705,-2.0174,0.85249,0.79826,-1.8045,1.6859,-0.16318,-0.19403
-1.4056,-2.0202,0.92008,0.81524,-1.7716,1.6808,-0.23014,-0.23736
-1.3408,-2.0222,0.98759,0.83198,-1.7384,1.6756,-0.29706,-0.28051
-1.2761,-2.0234,1.055,0.84847,-1.705,1.6702,-0.3639,-0.32346
-1.2117,-2.0238,1.1221,0.86473,-1.6715,1.6648,-0.4306,-0.36619
-1.1475,-2.0234,1.1891,0.88076,-1.6377,1.6592,-0.49712,-0.40868
-1.0836,-2.0221,1.2557,0.8966,-1.6039,1.6534,-0.56342,-0.45091
-1.0202,-2.0199,1.3221,0.91224,-1.57,1.6476,-0.62945,-0.49286
-0.95709,-2.0167,1.388,0.9277,-1.536,1.6416,-0.69516,-0.53451
-0.89449,-2.0127,1.4535,0.94299,-1.502,1.6355,-0.7605,-0.57585
-0.83242,-2.0076,1.5186,0.95813,-1.468,1.6293,-0.82544,-0.61685
-0.7709,-2.0016,1.583,0.97314,-1.4341,1.623,-0.88992,-0.6575
-0.70999,-1.9945,1.6469,0.98802,-1.4002,1.6165,-0.9539,-0.69778
-0.64974,-1.9865,1.7102,1.0028,-1.3665,1.6098,-1.0173,-0.73767
-0.59019,-1.9773,1.7728,1.0175,-1.3328,1.603,-1.0802,-0.77717
-0.53138,-1.9671,1.8347,1.032,-1.2993,1.5961,-1.1424,-0.81625
-0.47336,-1.9559,1.8957,1.0466,-1.266,1.589,-1.2039,-0.8549
-0.41618,-1.9435,1.956,1.061,-1.233,1.5817,-1.2648,-0.8931
-0.35986,-1.93,2.0153,1.0755,-1.2001,1.5743,-1.3248,-0.93085
-0.30446,-1.9153,2.0737,1.0899,-1.1675,1.5667,-1.3841,-0.96813
-0.25001,-1.8996,2.1312,1.1043,-1.1352,1.5589,-1.4425,-1.0049
-0.19656,-1.8827,2.1876,1.1187,-1.1032,1.551,-1.5001,-1.0412
-0.14414,-1.8646,2.243,1.1331,-1.0716,1.5428,-1.5567,-1.077
-0.092782,-1.8453,2.2972,1.1475,-1.0403,1.5344,-1.6124,-1.1123
-0.042533,-1.8249,2.3503,1.162,-1.0094,1.5258,-1.6671,-1.147
0.0065775,-1.8033,2.4022,1.1766,-0.97888,1.517,-1.7207,-1.1813
0.054514,-1.7806,2.4528,1.1912,-0.9488,1.508,-1.7733,-1.2149
0.10124,-1.7566,2.5022,1.2058,-0.91915,1.4987,-1.8248,-1.2481
0.14674,-1.7315,2.5502,1.2206,-0.88996,1.4892,-1.8752,-1.2806
0.19096,-1.7052,2.5968,1.2355,-0.86125,1.4794,-1.9244,-1.3126
0.23389,-1.6778,2.642,1.2505,-0.83303,1.4694,-1.9724,-1.3441
0.27549,-1.6491,2.6858,1.2656,-0.80532,1.4591,-2.0192,-1.3749
0.31574,-1.6194,2.728,1.2808,-0.77814,1.4485,-2.0648,-1.4052
0.35461,-1.5884,2.7688,1.2961,-0.7515,1.4377,-2.1091,-1.4349
0.39208,-1.5564,2.8079,1.3116,-0.72541,1.4265,-2.152,-1.464
0.42813,-1.5232,2.8455,1.3273,-0.69988,1.415,-2.1937,-1.4925
0.46274,-1.4888,2.8814,1.3431,-0.67493,1.4033,-2.234,-1.5204
0.49588,-1.4534,2.9156,1.359,-0.65058,1.3912,-2.2729,-1.5478
0.52754,-1.417,2.9482,1.3751,-0.62681,1.3787,-2.3104,-1.5745
0.55769,-1.3794,2.979,1.3914,-0.60366,1.366,-2.3465,-1.6006
0.58634,-1.3408,3.008,1.4079,-0.58112,1.3529,-2.3812,-1.6262
0.61346,-1.3012,3.0353,1.4245,-0.55921,1.3394,-2.4144,-1.6511
0.63904,-1.2606,3.0607,1.4413,-0.53792,1.3256,-2.4462,-1.6754
0.66307,-1.219,3.0843,1.4583,-0.51728,1.3114,-2.4764,-1.6992
0.68554,-1.1765,3.106,1.4754,-0.49727,1.2968,-2.5052,-1.7223
0.70644,-1.1331,3.1259,1.4927,-0.4779,1.2819,-2.5325,-1.7448
0.72578,-1.0887,3.1438,1.5102,-0.45919,1.2666,-2.5582,-1.7668
0.74354,-1.0435,3.1598,1.5278,-0.44112,1.2509,-2.5824,-1.7882
0.75972,-0.99752,3.1739,1.5456,-0.42371,1.2348,-2.6051,-1.8089
0.77432,-0.9507,3.186,1.5636,-0.40695,1.2183,-2.6263,-1.8292
0.78735,-0.90312,3.1962,1.5817,-0.39084,1.2014,-2.6459,-1.8488
0.79881,-0.8548,3.2043,1.5999,-0.37538,1.1841,-2.6639,-1.8678
0.8087,-0.80579,3.2105,1.6182,-0.36057,1.1663,-2.6804,-1.8863
0.81703,-0.75612,3.2146,1.6367,-0.34641,1.1482,-2.6953,-1.9042
0.82381,-0.70582,3.2168,1.6553,-0.33288,1.1296,-2.7087,-1.9216
0.82904,-0.65494,3.2169,1.674,-0.32,1.1106,-2.7205,-1.9384
0.83274,-0.60352,3.2151,1.6928,-0.30775,1.0912,-2.7308,-1.9547
0.83493,-0.55158,3.2112,1.7116,-0.29613,1.0714,-2.7396,-1.9704
0.83561,-0.49918,3.2052,1.7305,-0.28513,1.0511,-2.7468,-1.9856
0.83482,-0.44635,3.1973,1.7495,-0.27474,1.0304,-2.7524,-2.0003
0.83255,-0.39313,3.1874,1.7685,-0.26496,1.0093,-2.7566,-2.0144
0.82885,-0.33956,3.1754,1.7875,-0.25577,0.98778,-2.7592,-2.028
0.82372,-0.28568,3.1615,1.8065,-0.24716,0.9658,-2.7604,-2.0412
0.8172,-0.23154,3.1456,1.8255,-0.23913,0.9434,-2.76,-2.0538
0.8093,-0.17718,3.1277,1.8445,-0.23166,0.92057,-2.7582,-2.0659
0.80007,-0.12263,3.1078,1.8634,-0.22474,0.89731,-2.7549,-2.0776
0.78952,-0.067939,3.086,1.8823,-0.21836,0.87363,-2.7502,-2.0888
0.77768,-0.013147,3.0623,1.901,-0.2125,0.84953,-2.7441,-2.0995
0.7646,0.041705,3.0366,1.9197,-0.20715,0.82501,-2.7365,-2.1097
0.75031,0.096576,3.0091,1.9382,-0.20229,0.80007,-2.7276,-2.1195
0.73484,0.15143,2.9797,1.9566,-0.19791,0.77471,-2.7174,-2.1289
0.71822,0.20622,2.9485,1.9748,-0.19399,0.74895,-2.7058,-2.1378
0.70051,0.26091,2.9154,1.9928,-0.19051,0.72278,-2.6929,-2.1464
0.68173,0.31546,2.8806,2.0106,-0.18745,0.6962,-2.6787,-2.1545
0.66194,0.36983,2.844,2.0282,-0.1848,0.66922,-2.6633,-2.1622
0.64118,0.42399,2.8057,2.0456,-0.18254,0.64185,-2.6466,-2.1695
0.61948,0.4779,2.7657,2.0626,-0.18064,0.61409,-2.6288,-2.1764
0.59691,0.53152,2.7241,2.0794,-0.17908,0.58594,-2.6098,-2.1829
0.5735,0.58481,2.6809,2.0959,-0.17784,0.55741,-2.5897,-2.1891
0.5493,0.63775,2.6361,2.112,-0.17691,0.5285,-2.5684,-2.1949
0.52437,0.6903,2.5897,2.1278,-0.17625,0.49922,-2.5462,-2.2004
0.49876,0.74243,2.5419,2.1431,-0.17584,0.46958,-2.5228,-2.2055
0.47251,0.7941,2.4926,2.1581,-0.17566,0.43957,-2.4986,-2.2103
0.44569,0.84528,2.442,2.1727,-0.17569,0.40921,-2.4733,-2.2148
0.41835,0.89596,2.39,2.1868,-0.1759,0.3785,-2.4472,-2.219
0.39054,0.94609,2.3366,2.2005,-0.17626,0.34745,-2.4202,-2.2229
0.36232,0.99565,2.2821,2.2137,-0.17674,0.31606,-2.3923,-2.2265
0.33375,1.0446,2.2263,2.2264,-0.17733,0.28433,-2.3637,-2.2298
0.30488,1.093,2.1694,2.2385,-0.178,0.25228,-2.3343,-2.2329
0.27578,1.1407,2.1114,2.2502,-0.1787,0.21992,-2.3043,-2.2357
0.2465,1.1877,2.0524,2.2613,-0.17943,0.18723,-2.2736,-2.2383
0.21711,1.2341,1.9924,2.2718,-0.18015,0.15424,-2.2422,-2.2406
0.18766,1.2798,1.9314,2.2817,-0.18083,0.12095,-2.2103,-2.2428
0.15822,1.3247,1.8696,2.2911,-0.18145,0.087357,-2.1779,-2.2447
0.12884,1.3689,1.807,2.2998,-0.18197,0.053477,-2.145,-2.2464
0.099588,1.4124,1.7437,2.3079,-0.18236,0.019312,-2.1117,-2.248
0.070528,1.4551,1.6797,2.3154,-0.1826,-0.015131,-2.0781,-2.2493
0.041719,1.4971,1.615,2.3222,-0.18265,-0.049847,-2.0441,-2.2505
0.013222,1.5382,1.5498,2.3283,-0.18249,-0.08483,-2.0098,-2.2516
-0.014899,1.5786,1.4841,2.3337,-0.18209,-0.12007,-1.9753,-2.2525
-0.042585,1.6181,1.418,2.3385,-0.18142,-0.15557,-1.9406,-2.2533
-0.069773,1.6568,1.3516,2.3426,-0.18044,-0.19132,-1.9057,-2.2539
-0.096403,1.6948,1.2848,2.3459,-0.17912,-0.22732,-1.8708,-2.2545
-0.12241,1.7319,1.2178,2.3486,-0.17745,-0.26355,-1.8359,-2.255
-0.14775,1.7682,1.1506,2.3505,-0.17538,-0.30001,-1.801,-2.2553
-0.17234,1.8037,1.0834,2.3518,-0.17288,-0.3367,-1.7661,-2.2557
-0.19613,1.8383,1.0161,2.3522,-0.16994,-0.37362,-1.7314,-2.2559
-0.21907,1.8721,0.94884,2.352,-0.16651,-0.41075,-1.6968,-2.2561
-0.24109,1.9052,0.88169,2.351,-0.16258,-0.44809,-1.6625,-2.2563
-0.26215,1.9374,0.81471,2.3493,-0.1581,-0.48564,-1.6284,-2.2565
-0.28217,1.9687,0.74797,2.3468,-0.15306,-0.52338,-1.5946,-2.2566
-0.30112,1.9993,0.68153,2.3436,-0.14742,-0.56132,-1.5612,-2.2567
-0.31893,2.0291,0.61545,2.3397,-0.14116,-0.59945,-1.5282,-2.2569
-0.33555,2.0581,0.54981,2.3351,-0.13425,-0.63777,-1.4957,-2.2571
-0.35093,2.0863,0.48467,2.3297,-0.12666,-0.67626,-1.4637,-2.2573
-0.36502,2.1138,0.42009,2.3236,-0.11837,-0.71493,-1.4322,-2.2575
-0.37778,2.1405,0.35613,2.3167,-0.10935,-0.75376,-1.4014,-2.2579
-0.38915,2.1664,0.29287,2.3092,-0.099574,-0.79276,-1.3712,-2.2582
-0.39908,2.1916,0.23036,2.3009,-0.089023,-0.83191,-1.3416,-2.2587
