0.64857,-0.57438,1.522,-1.0375,0.70096,0.51657,-0.9445,0.39341
0.57941,-0.51946,1.462,-1.0069,0.66452,0.5064,-0.91078,0.38298
0.50985,-0.46386,1.4016,-0.9749,0.62808,0.49535,-0.87695,0.37178
0.4399,-0.40764,1.3407,-0.94156,0.59163,0.48345,-0.84299,0.35985
0.3696,-0.35087,1.2794,-0.90689,0.55516,0.47072,-0.80889,0.34722
0.29895,-0.29363,1.2177,-0.87095,0.51867,0.45721,-0.77466,0.33392
0.22799,-0.23597,1.1557,-0.83376,0.48216,0.44294,-0.74029,0.31999
0.15673,-0.17799,1.0932,-0.79538,0.44562,0.42794,-0.70576,0.30547
0.085208,-0.11974,1.0304,-0.75586,0.40904,0.41226,-0.67108,0.29039
0.013442,-0.06131,0.96717,-0.71524,0.37244,0.39593,-0.63624,0.27479
-0.058539,-0.0027623,0.90364,-0.67357,0.33579,0.37898,-0.60123,0.25871
-0.13071,0.055825,0.83978,-0.6309,0.2991,0.36146,-0.56605,0.24219
-0.20303,0.11438,0.77561,-0.58729,0.26236,0.3434,-0.53069,0.22527
-0.27548,0.17282,0.71115,-0.54279,0.22558,0.32483,-0.49515,0.20798
-0.34802,0.23108,0.6464,-0.49744,0.18874,0.30581,-0.45943,0.19038
-0.42061,0.28908,0.58139,-0.45132,0.15186,0.28637,-0.42351,0.17249
-0.49324,0.34674,0.51614,-0.40447,0.11491,0.26654,-0.38741,0.15437
-0.56585,0.404,0.45066,-0.35695,0.077918,0.24637,-0.35111,0.13604
-0.63841,0.46077,0.38496,-0.30883,0.040866,0.22591,-0.31461,0.11756
-0.71088,0.51699,0.31908,-0.26015,0.0037585,0.20519,-0.27791,0.098958
-0.78322,0.57258,0.25302,-0.211,-0.033404,0.18425,-0.24102,0.080283
-0.85539,0.62746,0.18681,-0.16141,-0.070621,0.16314,-0.20393,0.061572
-0.92736,0.68156,0.12047,-0.11147,-0.10789,0.14189,-0.16663,0.042868
-0.99906,0.73482,0.054019,-0.061226,-0.14521,0.12056,-0.12914,0.024212
-1.0705,0.78716,-0.012519,-0.010748,-0.18257,0.099176,-0.091451,0.0056443
-1.1415,0.83851,-0.079121,0.0399,-0.21998,0.077789,-0.053569,-0.012795
-1.2122,0.8888,-0.14576,0.090653,-0.25743,0.056438,-0.015497,-0.031065
-1.2824,0.93796,-0.21242,0.14145,-0.29492,0.035167,0.022761,-0.049128
-1.3522,0.98593,-0.27907,0.19221,-0.33243,0.014015,0.061201,-0.066942
-1.4214,1.0326,-0.34569,0.24289,-0.36996,-0.0069748,0.099815,-0.08447
-1.49,1.078,-0.41224,0.29341,-0.40751,-0.027762,0.1386,-0.10167
-1.558,1.122,-0.47871,0.3437,-0.44506,-0.048305,0.17754,-0.11852
-1.6253,1.1646,-0.54505,0.3937,-0.48262,-0.068565,0.21664,-0.13496
-1.6919,1.2057,-0.61125,0.44334,-0.52016,-0.0885,0.25588,-0.15097
-1.7577,1.2452,-0.67728,0.49256,-0.55767,-0.10807,0.29525,-0.16651
-1.8226,1.283,-0.7431,0.5413,-0.59516,-0.12724,0.33475,-0.18154
-1.8867,1.3192,-0.80868,0.58947,-0.63259,-0.14598,0.37435,-0.19604
-1.9497,1.3537,-0.87398,0.63703,-0.66997,-0.16423,0.41405,-0.20996
-2.0118,1.3864,-0.93899,0.6839,-0.70728,-0.18197,0.45383,-0.22328
-2.0728,1.4173,-1.0037,0.73002,-0.7445,-0.19916,0.49368,-0.23598
-2.1327,1.4463,-1.068,0.77533,-0.78161,-0.21577,0.53358,-0.248
-2.1914,1.4734,-1.1319,0.81977,-0.81861,-0.23176,0.57351,-0.25934
-2.2489,1.4986,-1.1953,0.86326,-0.85547,-0.2471,0.61346,-0.26997
-2.3051,1.5218,-1.2583,0.90576,-0.89217,-0.26176,0.65341,-0.27984
-2.36,1.5429,-1.3207,0.9472,-0.92871,-0.2757,0.69333,-0.28895
-2.4135,1.562,-1.3826,0.98752,-0.96505,-0.2889,0.73321,-0.29727
-2.4655,1.579,-1.444,1.0267,-1.0012,-0.30133,0.77303,-0.30478
-2.5161,1.5939,-1.5046,1.0646,-1.0371,-0.31296,0.81275,-0.31145
-2.5651,1.6066,-1.5647,1.1012,-1.0727,-0.32377,0.85237,-0.31728
-2.6124,1.6172,-1.624,1.1365,-1.1081,-0.33373,0.89185,-0.32223
-2.6582,1.6256,-1.6825,1.1704,-1.1431,-0.34282,0.93118,-0.32629
-2.7022,1.6318,-1.7403,1.2028,-1.1779,-0.35101,0.97031,-0.32945
-2.7444,1.6357,-1.7972,1.2337,-1.2122,-0.35829,1.0092,-0.3317
-2.7849,1.6375,-1.8533,1.2631,-1.2462,-0.36463,1.0479,-0.33302
-2.8235,1.637,-1.9084,1.291,-1.2798,-0.37003,1.0863,-0.33341
-2.8601,1.6343,-1.9626,1.3171,-1.313,-0.37446,1.1245,-0.33285
-2.8948,1.6293,-2.0158,1.3416,-1.3458,-0.37791,1.1623,-0.33133
-2.9276,1.6221,-2.068,1.3644,-1.378,-0.38036,1.1997,-0.32886
-2.9582,1.6126,-2.1191,1.3854,-1.4097,-0.38181,1.2367,-0.32543
-2.9868,1.601,-2.169,1.4047,-1.4409,-0.38225,1.2734,-0.32103
-3.0133,1.5871,-2.2178,1.4221,-1.4716,-0.38166,1.3096,-0.31567
-3.0376,1.571,-2.2653,1.4377,-1.5016,-0.38004,1.3453,-0.30934
-3.0597,1.5527,-2.3116,1.4513,-1.531,-0.37739,1.3805,-0.30205
-3.0795,1.5322,-2.3567,1.4631,-1.5598,-0.37371,1.4151,-0.2938
-3.0971,1.5096,-2.4003,1.4729,-1.5879,-0.36899,1.4492,-0.2846
-3.1123,1.4848,-2.4426,1.4808,-1.6152,-0.36323,1.4826,-0.27445
-3.1253,1.458,-2.4835,1.4867,-1.6419,-0.35644,1.5155,-0.26337
-3.1358,1.4291,-2.5229,1.4906,-1.6677,-0.34862,1.5476,-0.25135
-3.1439,1.3981,-2.5608,1.4925,-1.6928,-0.33977,1.579,-0.23843
-3.1497,1.3652,-2.5972,1.4923,-1.717,-0.32991,1.6097,-0.2246
-3.153,1.3303,-2.632,1.4901,-1.7404,-0.31903,1.6396,-0.20988
-3.1538,1.2935,-2.6652,1.4859,-1.7629,-0.30717,1.6687,-0.19429
-3.1521,1.2548,-2.6967,1.4796,-1.7844,-0.29431,1.6969,-0.17784
-3.1479,1.2143,-2.7265,1.4713,-1.8051,-0.28049,1.7243,-0.16057
-3.1412,1.1721,-2.7546,1.461,-1.8247,-0.26571,1.7508,-0.14247
-3.132,1.1281,-2.781,1.4486,-1.8433,-0.25,1.7763,-0.12359
-3.1203,1.0825,-2.8055,1.4342,-1.8609,-0.23337,1.8008,-0.10393
-3.106,1.0353,-2.8282,1.4177,-1.8775,-0.21585,1.8243,-0.083531
-3.0891,0.98651,-2.849,1.3993,-1.893,-0.19745,1.8468,-0.062411
-3.0697,0.93629,-2.868,1.3788,-1.9073,-0.1782,1.8682,-0.040599
-3.0478,0.88467,-2.885,1.3564,-1.9205,-0.15813,1.8885,-0.018122
-3.0233,0.83172,-2.9,1.332,-1.9326,-0.13727,1.9077,0.0049883
-2.9963,0.7775,-2.9131,1.3057,-1.9434,-0.11564,1.9258,0.028703
-2.9667,0.7221,-2.9242,1.2774,-1.9531,-0.093269,1.9426,0.052989
-2.9346,0.66559,-2.9333,1.2473,-1.9615,-0.070199,1.9582,0.077815
-2.9,0.60804,-2.9403,1.2154,-1.9686,-0.046458,1.9726,0.10315
-2.8629,0.54954,-2.9452,1.1816,-1.9745,-0.022083,1.9857,0.12895
-2.8234,0.49016,-2.948,1.1461,-1.9791,0.0028925,1.9975,0.15518
-2.7813,0.43,-2.9488,1.1089,-1.9823,0.028429,2.008,0.18181
-2.7368,0.36913,-2.9474,1.0699,-1.9842,0.054488,2.0172,0.2088
-2.69,0.30764,-2.9439,1.0293,-1.9848,0.08103,2.025,0.23612
-2.6407,0.24563,-2.9382,0.98715,-1.984,0.10801,2.0314,0.26371
-2.5891,0.18317,-2.9303,0.94343,-1.9818,0.13539,2.0364,0.29154
-2.5351,0.12036,-2.9203,0.89821,-1.9781,0.16313,2.0399,0.31957
-2.4788,0.057296,-2.9081,0.85157,-1.9731,0.19118,2.0421,0.34776
-2.4203,-0.0059375,-2.8937,0.80355,-1.9666,0.21949,2.0427,0.37607
-2.3596,-0.069244,-2.8772,0.75421,-1.9587,0.24802,2.0419,0.40445
-2.2967,-0.13253,-2.8584,0.70362,-1.9493,0.27672,2.0396,0.43285
-2.2316,-0.1957,-2.8375,0.65185,-1.9385,0.30554,2.0358,0.46124
-2.1644,-0.25866,-2.8143,0.59896,-1.9262,0.33444,2.0305,0.48957
-2.0952,-0.32131,-2.789,0.54502,-1.9124,0.36336,2.0236,0.51779
-2.024,-0.38356,-2.7615,0.4901,-1.8971,0.39224,2.0152,0.54586
-1.9508,-0.44532,-2.7318,0.43427,-1.8803,0.42105,2.0053,0.57373
-1.8757,-0.50648,-2.7,0.37762,-1.862,0.44973,1.9938,0.60136
-1.7988,-0.56695,-2.666,0.32021,-1.8423,0.47823,1.9807,0.6287
-1.7201,-0.62663,-2.6299,0.26213,-1.821,0.50649,1.9661,0.6557
-1.6396,-0.68544,-2.5917,0.20345,-1.7982,0.53446,1.9499,0.68232
-1.5574,-0.74327,-2.5513,0.14426,-1.7739,0.56209,1.9321,0.70851
-1.4735,-0.80004,-2.5089,0.084641,-1.7481,0.58932,1.9127,0.73421
-1.3881,-0.85565,-2.4644,0.024677,-1.7209,0.6161,1.8918,0.7594
-1.3012,-0.91001,-2.4178,-0.035547,-1.6921,0.64237,1.8693,0.78401
-1.2128,-0.96302,-2.3692,-0.095944,-1.6618,0.66809,1.8452,0.808
-1.1231,-1.0146,-2.3186,-0.15643,-1.6301,0.69319,1.8196,0.83133
-1.032,-1.0647,-2.2661,-0.21691,-1.5968,0.71763,1.7923,0.85395
-0.93958,-1.1131,-2.2116,-0.2773,-1.5621,0.74135,1.7636,0.8758
-0.84599,-1.1599,-2.1552,-0.33751,-1.526,0.7643,1.7332,0.89686
-0.75127,-1.2049,-2.0969,-0.39745,-1.4884,0.78642,1.7013,0.91706
-0.65547,-1.2481,-2.0367,-0.45703,-1.4494,0.80766,1.6679,0.93637
-0.55866,-1.2893,-1.9748,-0.51616,-1.4089,0.82797,1.633,0.95474
-0.46091,-1.3285,-1.911,-0.57475,-1.3671,0.8473,1.5966,0.97213
-0.36229,-1.3657,-1.8455,-0.6327,-1.3239,0.8656,1.5586,0.98849
-0.26286,-1.4007,-1.7783,-0.68994,-1.2792,0.88282,1.5192,1.0038
-0.16269,-1.4334,-1.7095,-0.74636,-1.2333,0.8989,1.4783,1.018
-0.061845,-1.4639,-1.639,-0.80188,-1.1859,0.91381,1.4359,1.031
0.0396,-1.4921,-1.5669,-0.85641,-1.1373,0.92749,1.3921,1.0428
0.14158,-1.5178,-1.4933,-0.90986,-1.0874,0.93989,1.3469,1.0534
0.24402,-1.5411,-1.4182,-0.96215,-1.0362,0.95098,1.3003,1.0628
0.34687,-1.5618,-1.3416,-1.0132,-0.9837,0.96071,1.2523,1.0708
0.45004,-1.58,-1.2636,-1.0629,-0.93,0.96904,1.2029,1.0775
0.55347,-1.5955,-1.1843,-1.1112,-0.87509,0.97592,1.1522,1.0828
0.6571,-1.6084,-1.1036,-1.1579,-0.819,0.98132,1.1002,1.0867
0.76085,-1.6186,-1.0217,-1.2031,-0.76174,0.98519,1.0469,1.0892
0.86465,-1.6261,-0.93858,-1.2466,-0.70336,0.98751,0.99236,1.0901
0.96845,-1.6308,-0.85428,-1.2884,-0.64387,0.98823,0.93656,1.0896
1.0722,-1.6327,-0.76886,-1.3284,-0.58331,0.98733,0.87954,1.0876
1.1758,-1.6317,-0.68238,-1.3664,-0.5217,0.98478,0.82134,1.0839
1.2791,-1.6279,-0.59488,-1.4025,-0.45907,0.98053,0.76198,1.0787
1.3822,-1.6213,-0.50642,-1.4366,-0.39546,0.97457,0.70149,1.0719
1.485,-1.6117,-0.41705,-1.4686,-0.33089,0.96688,0.6399,1.0635
1.5873,-1.5993,-0.32683,-1.4984,-0.26541,0.95742,0.57724,1.0534
1.6892,-1.584,-0.23581,-1.5259,-0.19904,0.94618,0.51355,1.0416
1.7906,-1.5658,-0.14404,-1.5512,-0.13181,0.93314,0.44886,1.0282
1.8913,-1.5447,-0.051578,-1.5742,-0.063764,0.91828,0.38319,1.013
1.9914,-1.5207,0.04152,-1.5947,0.0050643,0.90159,0.31659,0.99617
2.0908,-1.4938,0.1352,-1.6128,0.074639,0.88305,0.24908,0.97758
2.1895,-1.464,0.22941,-1.6284,0.14492,0.86266,0.1807,0.95726
2.2872,-1.4314,0.32409,-1.6415,0.21588,0.84041,0.11149,0.93519
2.3841,-1.396,0.41918,-1.652,0.28748,0.8163,0.041488,0.91139
2.4801,-1.3578,0.51463,-1.6598,0.35966,0.79031,-0.029277,0.88583
2.575,-1.3168,0.61038,-1.665,0.43241,0.76246,-0.10076,0.85852
2.6689,-1.273,0.70638,-1.6676,0.50567,0.73274,-0.17293,0.82946
2.7617,-1.2266,0.80257,-1.6674,0.57941,0.70116,-0.24575,0.79866
2.8533,-1.1775,0.8989,-1.6644,0.65358,0.66773,-0.31917,0.76611
2.9437,-1.1258,0.99529,-1.6588,0.72814,0.63245,-0.39315,0.73184
3.0328,-1.0716,1.0917,-1.6503,0.80305,0.59535,-0.46767,0.69583
3.1206,-1.0148,1.1881,-1.6391,0.87828,0.55643,-0.54266,0.65812
3.2071,-0.95559,1.2844,-1.6251,0.95376,0.51572,-0.6181,0.61871
3.2921,-0.89398,1.3805,-1.6082,1.0295,0.47324,-0.69394,0.57761
3.3756,-0.83003,1.4765,-1.5886,1.1054,0.429,-0.77014,0.53485
3.4577,-0.76382,1.5721,-1.5662,1.1814,0.38303,-0.84665,0.49045
3.5382,-0.69541,1.6675,-1.541,1.2575,0.33537,-0.92344,0.44442
3.617,-0.62488,1.7625,-1.5129,1.3336,0.28604,-1.0005,0.3968
3.6943,-0.55229,1.857,-1.4822,1.4098,0.23508,-1.0777,0.34761
3.7699,-0.47774,1.9511,-1.4487,1.4858,0.18252,-1.155,0.29687
3.8437,-0.4013,2.0446,-1.4124,1.5618,0.12839,-1.2324,0.24462
3.9158,-0.32305,2.1376,-1.3734,1.6377,0.072749,-1.3099,0.1909
3.9861,-0.24309,2.2299,-1.3318,1.7134,0.015628,-1.3874,0.13573
4.0546,-0.16149,2.3214,-1.2875,1.7888,-0.042926,-1.4648,0.079147
4.1212,-0.07835,2.4123,-1.2407,1.8639,-0.10287,-1.5422,0.021201
4.186,0.0062378,2.5023,-1.1912,1.9387,-0.16414,-1.6194,-0.038074
4.2487,0.092179,2.5914,-1.1392,2.0132,-0.22671,-1.6965,-0.098636
4.3096,0.17938,2.6797,-1.0848,2.0872,-0.2905,-1.7733,-0.16044
4.3684,0.26773,2.7669,-1.0279,2.1607,-0.35547,-1.8498,-0.22344
4.4252,0.35715,2.8531,-0.96867,2.2337,-0.42156,-1.9261,-0.28759
4.48,0.44752,2.9383,-0.90711,2.3062,-0.48871,-2.0019,-0.35283
4.5327,0.53875,3.0223,-0.8433,2.378,-0.55687,-2.0774,-0.41913
4.5833,0.63073,3.1052,-0.77729,2.4492,-0.62596,-2.1523,-0.48642
4.6318,0.72336,3.1868,-0.70915,2.5196,-0.69592,-2.2268,-0.55465
4.6782,0.81653,3.2671,-0.63897,2.5893,-0.76669,-2.3007,-0.62377
4.7224,0.91013,3.3461,-0.56679,2.6582,-0.8382,-2.374,-0.69371
4.7644,1.0041,3.4238,-0.49271,2.7263,-0.91039,-2.4467,-0.76443
4.8042,1.0982,3.5,-0.4168,2.7934,-0.98318,-2.5186,-0.83586
4.8419,1.1925,3.5747,-0.33914,2.8597,-1.0565,-2.5898,-0.90794
4.8773,1.2868,3.6479,-0.25982,2.9249,-1.1303,-2.6602,-0.98061
4.9104,1.3809,3.7196,-0.17891,2.9891,-1.2045,-2.7298,-1.0538
4.9413,1.4749,3.7896,-0.096505,3.0522,-1.2789,-2.7985,-1.1275
4.97,1.5686,3.858,-0.012696,3.1142,-1.3537,-2.8663,-1.2015
4.9963,1.6618,3.9247,0.072427,3.175,-1.4286,-2.933,-1.2759
5.0204,1.7545,3.9896,0.15877,3.2346,-1.5035,-2.9988,-1.3506
5.0422,1.8466,4.0528,0.24624,3.293,-1.5785,-3.0635,-1.4254
5.0618,1.938,4.1141,0.33474,3.3501,-1.6535,-3.1271,-1.5004
5.079,2.0285,4.1736,0.42416,3.4059,-1.7283,-3.1895,-1.5755
5.0939,2.1181,4.2312,0.51442,3.4602,-1.8029,-3.2507,-1.6505
5.1065,2.2066,4.2868,0.60541,3.5132,-1.8771,-3.3107,-1.7255
5.1168,2.294,4.3404,0.69703,3.5647,-1.9511,-3.3694,-1.8003
5.1248,2.3802,4.392,0.78918,3.6148,-2.0245,-3.4267,-1.8749
5.1305,2.4651,4.4416,0.88175,3.6633,-2.0975,-3.4827,-1.9493
5.134,2.5486,4.4891,0.97464,3.7102,-2.1699,-3.5373,-2.0233
5.1351,2.6305,4.5344,1.0677,3.7556,-2.2415,-3.5905,-2.0968
5.1339,2.7109,4.5776,1.161,3.7993,-2.3125,-3.6421,-2.1699
5.1305,2.7895,4.6186,1.2542,3.8414,-2.3826,-3.6923,-2.2424
5.1248,2.8664,4.6574,1.3473,3.8818,-2.4518,-3.7408,-2.3143
5.1168,2.9415,4.694,1.4402,3.9205,-2.5201,-3.7878,-2.3855
5.1066,3.0147,4.7282,1.5328,3.9574,-2.5873,-3.8331,-2.4559
5.0941,3.0858,4.7602,1.625,3.9926,-2.6534,-3.8768,-2.5255
5.0795,3.1549,4.7899,1.7167,4.0259,-2.7184,-3.9188,-2.5942
5.0625,3.2218,4.8172,1.8077,4.0574,-2.7821,-3.959,-2.6619
5.0434,3.2865,4.8421,1.8981,4.0871,-2.8445,-3.9975,-2.7286
5.0222,3.349,4.8647,1.9876,4.1149,-2.9055,-4.0342,-2.7942
4.9987,3.4091,4.8849,2.0762,4.1408,-2.9651,-4.069,-2.8587
4.9731,3.4668,4.9026,2.1637,4.1648,-3.0231,-4.102,-2.9219
4.9454,3.5221,4.9179,2.2502,4.1868,-3.0797,-4.1332,-2.9838
4.9155,3.5748,4.9307,2.3354,4.2069,-3.1346,-4.1624,-3.0444
4.8836,3.6251,4.941,2.4193,4.2251,-3.1878,-4.1897,-3.1036
4.8496,3.6727,4.9489,2.5018,4.2412,-3.2393,-4.215,-3.1614
4.8135,3.7177,4.9543,2.5828,4.2554,-3.2891,-4.2384,-3.2176
4.7755,3.7601,4.9572,2.6622,4.2676,-3.337,-4.2598,-3.2722
4.7354,3.7997,4.9575,2.74,4.2777,-3.383,-4.2792,-3.3252
4.6933,3.8366,4.9554,2.816,4.2858,-3.4272,-4.2965,-3.3766
4.6494,3.8708,4.9507,2.8901,4.292,-3.4693,-4.3119,-3.4262
4.6035,3.9021,4.9435,2.9624,4.296,-3.5095,-4.3251,-3.474
4.5557,3.9307,4.9337,3.0326,4.2981,-3.5476,-4.3363,-3.52
4.506,3.9564,4.9215,3.1008,4.2981,-3.5837,-4.3454,-3.5641
4.4545,3.9793,4.9067,3.1668,4.2961,-3.6176,-4.3524,-3.6064
4.4013,3.9994,4.8894,3.2306,4.292,-3.6495,-4.3573,-3.6466
4.3462,4.0166,4.8696,3.2921,4.286,-3.6791,-4.3601,-3.6849
4.2894,4.0309,4.8472,3.3512,4.2779,-3.7066,-4.3608,-3.7211
4.2309,4.0424,4.8224,3.408,4.2678,-3.7318,-4.3594,-3.7553
4.1707,4.051,4.7951,3.4623,4.2556,-3.7548,-4.3558,-3.7874
4.1089,4.0568,4.7653,3.5141,4.2415,-3.7756,-4.3502,-3.8173
4.0455,4.0598,4.733,3.5633,4.2254,-3.7941,-4.3424,-3.8451
3.9805,4.06,4.6983,3.6099,4.2073,-3.8103,-4.3324,-3.8707
3.914,4.0573,4.6611,3.6538,4.1873,-3.8243,-4.3204,-3.8941
3.846,4.0519,4.6215,3.695,4.1653,-3.8359,-4.3063,-3.9152
3.7765,4.0437,4.5796,3.7334,4.1414,-3.8453,-4.29,-3.9341
3.7056,4.0327,4.5352,3.7691,4.1155,-3.8524,-4.2717,-3.9507
3.6334,4.0191,4.4885,3.802,4.0878,-3.8571,-4.2512,-3.9651
3.5597,4.0028,4.4395,3.832,4.0583,-3.8596,-4.2287,-3.9771
3.4848,3.9838,4.3881,3.8592,4.0268,-3.8598,-4.2041,-3.9868
3.4086,3.9623,4.3345,3.8834,3.9936,-3.8577,-4.1775,-3.9942
3.3312,3.9382,4.2786,3.9048,3.9586,-3.8534,-4.1488,-3.9992
3.2525,3.9115,4.2205,3.9233,3.9218,-3.8468,-4.1181,-4.002
3.1727,3.8824,4.1603,3.9388,3.8832,-3.838,-4.0854,-4.0024
3.0918,3.8508,4.0978,3.9514,3.843,-3.827,-4.0508,-4.0004
3.0099,3.8169,4.0333,3.961,3.8011,-3.8138,-4.0141,-3.9961
2.9269,3.7806,3.9667,3.9677,3.7575,-3.7984,-3.9755,-3.9895
2.8429,3.742,3.898,3.9714,3.7124,-3.7809,-3.9351,-3.9806
2.7579,3.7013,3.8274,3.9723,3.6656,-3.7613,-3.8927,-3.9694
2.6721,3.6583,3.7547,3.9701,3.6173,-3.7396,-3.8484,-3.9558
2.5854,3.6132,3.6802,3.9651,3.5675,-3.7158,-3.8024,-3.94
2.4978,3.5661,3.6038,3.9572,3.5163,-3.6901,-3.7545,-3.9219
2.4095,3.517,3.5256,3.9464,3.4636,-3.6623,-3.7048,-3.9016
2.3204,3.4659,3.4455,3.9327,3.4095,-3.6327,-3.6534,-3.879
2.2306,3.413,3.3638,3.9162,3.3541,-3.6011,-3.6003,-3.8542
2.1401,3.3582,3.2803,3.8969,3.2974,-3.5677,-3.5455,-3.8272
2.049,3.3018,3.1953,3.8748,3.2394,-3.5324,-3.4891,-3.7981
1.9573,3.2436,3.1086,3.85,3.1802,-3.4954,-3.4311,-3.7668
1.8651,3.1838,3.0204,3.8225,3.1197,-3.4567,-3.3715,-3.7335
1.7724,3.1225,2.9307,3.7923,3.0582,-3.4163,-3.3103,-3.698
1.6792,3.0597,2.8396,3.7594,2.9955,-3.3743,-3.2477,-3.6606
1.5856,2.9955,2.7471,3.724,2.9318,-3.3307,-3.1836,-3.6211
1.4916,2.93,2.6533,3.686,2.8671,-3.2856,-3.1181,-3.5797
1.3973,2.8631,2.5583,3.6456,2.8015,-3.239,-3.0512,-3.5363
1.3026,2.7951,2.462,3.6027,2.7349,-3.191,-2.983,-3.491
1.2077,2.7259,2.3646,3.5574,2.6674,-3.1416,-2.9135,-3.4439
1.1125,2.6557,2.2661,3.5098,2.5991,-3.091,-2.8428,-3.395
1.0172,2.5844,2.1666,3.4599,2.53,-3.039,-2.7709,-3.3444
0.92164,2.5123,2.0662,3.4078,2.4602,-2.9859,-2.6978,-3.292
0.82601,2.4392,1.9648,3.3536,2.3897,-2.9317,-2.6236,-3.2379
0.73028,2.3653,1.8626,3.2972,2.3185,-2.8763,-2.5484,-3.1822
0.63451,2.2907,1.7596,3.2388,2.2467,-2.8199,-2.4721,-3.125
0.53872,2.2155,1.6559,3.1784,2.1744,-2.7626,-2.3949,-3.0662
0.44294,2.1396,1.5515,3.1162,2.1016,-2.7043,-2.3167,-3.006
0.34722,2.0631,1.4465,3.0521,2.0282,-2.6452,-2.2377,-2.9443
0.25158,1.9862,1.341,2.9862,1.9545,-2.5853,-2.1579,-2.8813
0.15606,1.9088,1.2351,2.9187,1.8804,-2.5246,-2.0772,-2.8169
0.060686,1.831,1.1287,2.8495,1.8059,-2.4633,-1.9959,-2.7513
-0.034509,1.753,1.022,2.7788,1.7312,-2.4013,-1.9138,-2.6845
-0.1295,1.6746,0.91502,2.7065,1.6561,-2.3387,-1.8312,-2.6165
-0.22424,1.5961,0.80783,2.6329,1.5809,-2.2756,-1.7479,-2.5474
-0.31872,1.5174,0.70048,2.5579,1.5055,-2.2121,-1.6641,-2.4773
-0.41291,1.4386,0.59305,2.4817,1.4299,-2.1481,-1.5798,-2.4061
-0.50677,1.3597,0.48559,2.4043,1.3543,-2.0837,-1.4951,-2.3341
-0.60029,1.2809,0.37817,2.3257,1.2786,-2.0191,-1.41,-2.2611
-0.69343,1.202,0.27084,2.2462,1.2029,-1.9541,-1.3245,-2.1874
-0.78617,1.1233,0.16368,2.1656,1.1271,-1.8889,-1.2388,-2.1128
-0.87849,1.0447,0.056741,2.0842,1.0515,-1.8236,-1.1528,-2.0376
-0.97036,0.9662,-0.049919,2.0019,0.97591,-1.7581,-1.0666,-1.9616
-1.0618,0.88793,-0.15624,1.9189,0.90045,-1.6926,-0.98023,-1.8851
-1.1527,0.8099,-0.26215,1.8352,0.82513,-1.627,-0.89376,-1.808
-1.2431,0.73213,-0.36761,1.751,0.75,-1.5614,-0.80723,-1.7305
-1.333,0.65466,-0.47255,1.6661,0.67508,-1.4958,-0.72067,-1.6525
-1.4223,0.57751,-0.57692,1.5809,0.6004,-1.4303,-0.63415,-1.5741
-1.5111,0.50073,-0.68066,1.4952,0.52598,-1.365,-0.54768,-1.4953
-1.5992,0.42432,-0.78371,1.4093,0.45186,-1.2997,-0.46134,-1.4163
-1.6868,0.34832,-0.88602,1.323,0.37805,-1.2347,-0.37514,-1.3371
-1.7738,0.27274,-0.98754,1.2366,0.30458,-1.1699,-0.28914,-1.2576
-1.8601,0.19761,-1.0882,1.1501,0.23148,-1.1053,-0.20338,-1.1781
-1.9458,0.12294,-1.188,1.0636,0.15877,-1.041,-0.11789,-1.0984
-2.0309,0.048743,-1.2868,0.97703,0.086458,-0.97695,-0.032715,-1.0188
-2.1152,-0.024963,-1.3847,0.89057,0.014572,-0.91325,0.052104,-0.93911
-2.1989,-0.098169,-1.4815,0.80425,-0.056873,-0.84989,0.13653,-0.85952
-2.2819,-0.17087,-1.5772,0.71814,-0.12786,-0.78689,0.22053,-0.78003
-2.3642,-0.24305,-1.6718,0.63228,-0.19838,-0.72427,0.30407,-0.7007
-2.4458,-0.3147,-1.7652,0.54675,-0.26841,-0.66204,0.38711,-0.62156
-2.5267,-0.38584,-1.8573,0.46159,-0.33794,-0.60022,0.46962,-0.54266
-2.6068,-0.45644,-1.9483,0.37686,-0.40697,-0.53883,0.55156,-0.46404
-2.6862,-0.52651,-2.0379,0.29261,-0.47548,-0.47786,0.63291,-0.38574
-2.7649,-0.59606,-2.1262,0.2089,-0.54346,-0.41734,0.71363,-0.30779
-2.8428,-0.66509,-2.2131,0.12577,-0.61092,-0.35725,0.7937,-0.23024
-2.9199,-0.73359,-2.2986,0.043264,-0.67783,-0.29762,0.87308,-0.15312
-2.9963,-0.80157,-2.3827,-0.038564,-0.74421,-0.23845,0.95175,-0.076473
-3.072,-0.86905,-2.4653,-0.11967,-0.81004,-0.17972,1.0297,-0.00032136
-3.1468,-0.93603,-2.5464,-0.20002,-0.87532,-0.12145,1.1069,0.075298
-3.2209,-1.0025,-2.626,-0.27957,-0.94006,-0.063631,1.1832,0.15036
-3.2942,-1.0685,-2.704,-0.35828,-1.0042,-0.0062559,1.2588,0.22482
-3.3668,-1.134,-2.7805,-0.43612,-1.0679,0.050679,1.3335,0.29866
-3.4385,-1.1991,-2.8553,-0.51305,-1.131,0.10718,1.4074,0.37186
-3.5095,-1.2637,-2.9286,-0.58904,-1.1936,0.16326,1.4805,0.44438
-3.5796,-1.3279,-3.0001,-0.66406,-1.2556,0.21893,1.5526,0.51621
-3.649,-1.3917,-3.07,-0.73808,-1.3171,0.27419,1.6238,0.58731
-3.7175,-1.4551,-3.1383,-0.81107,-1.3781,0.32907,1.6941,0.65768
-3.7853,-1.518,-3.2048,-0.88302,-1.4385,0.38357,1.7634,0.72728
-3.8522,-1.5806,-3.2696,-0.95389,-1.4985,0.43772,1.8318,0.7961
-3.9184,-1.6428,-3.3327,-1.0237,-1.5579,0.49152,1.8992,0.86413
-3.9837,-1.7047,-3.3941,-1.0923,-1.6169,0.545,1.9657,0.93134
-4.0482,-1.7663,-3.4537,-1.1599,-1.6754,0.59817,2.0311,0.99772
-4.1118,-1.8275,-3.5116,-1.2262,-1.7334,0.65106,2.0955,1.0633
-4.1747,-1.8884,-3.5677,-1.2915,-1.791,0.70368,2.159,1.1279
-4.2367,-1.949,-3.622,-1.3555,-1.8481,0.75605,2.2213,1.1917
-4.2978,-2.0094,-3.6746,-1.4184,-1.9047,0.8082,2.2827,1.2547
-4.3581,-2.0694,-3.7254,-1.4801,-1.9609,0.86015,2.343,1.3167
-4.4176,-2.1293,-3.7745,-1.5405,-2.0168,0.91191,2.4023,1.3779
-4.4762,-2.1888,-3.8218,-1.5998,-2.0722,0.96352,2.4605,1.4381
-4.5339,-2.2482,-3.8673,-1.6579,-2.1272,1.015,2.5176,1.4974
-4.5907,-2.3073,-3.911,-1.7147,-2.1818,1.0663,2.5737,1.5559
-4.6467,-2.3662,-3.953,-1.7703,-2.2361,1.1176,2.6287,1.6134
-4.7018,-2.4249,-3.9933,-1.8247,-2.29,1.1688,2.6826,1.6699
-4.7559,-2.4835,-4.0318,-1.8779,-2.3435,1.2199,2.7354,1.7256
-4.8092,-2.5418,-4.0685,-1.9299,-2.3968,1.271,2.7871,1.7803
-4.8615,-2.5999,-4.1035,-1.9807,-2.4496,1.3221,2.8378,1.8341
-4.9129,-2.6579,-4.1368,-2.0302,-2.5022,1.3733,2.8874,1.8869
-4.9633,-2.7157,-4.1684,-2.0786,-2.5545,1.4244,2.9358,1.9388
-5.0127,-2.7733,-4.1983,-2.1257,-2.6064,1.4756,2.9832,1.9898
-5.0612,-2.8307,-4.2265,-2.1717,-2.6581,1.5269,3.0294,2.0398
-5.1087,-2.888,-4.253,-2.2164,-2.7094,1.5782,3.0746,2.0889
-5.1552,-2.945,-4.2778,-2.26,-2.7605,1.6297,3.1187,2.1371
-5.2006,-3.0019,-4.301,-2.3024,-2.8113,1.6813,3.1616,2.1843
-5.245,-3.0586,-4.3225,-2.3437,-2.8619,1.733,3.2034,2.2306
-5.2883,-3.1151,-4.3424,-2.3837,-2.9122,1.7849,3.2442,2.276
-5.3306,-3.1714,-4.3607,-2.4227,-2.9622,1.8369,3.2838,2.3204
-5.3717,-3.2275,-4.3774,-2.4605,-3.0119,1.8891,3.3223,2.364
-5.4117,-3.2833,-4.3926,-2.4972,-3.0614,1.9415,3.3597,2.4066
-5.4506,-3.3389,-4.4061,-2.5327,-3.1106,1.9941,3.396,2.4483
-5.4883,-3.3943,-4.4181,-2.5672,-3.1595,2.0468,3.4311,2.489
-5.5248,-3.4493,-4.4286,-2.6005,-3.2082,2.0998,3.4652,2.5289
-5.5602,-3.5041,-4.4375,-2.6328,-3.2566,2.1529,3.4981,2.5678
-5.5942,-3.5586,-4.445,-2.664,-3.3048,2.2062,3.5299,2.6058
-5.6271,-3.6128,-4.4509,-2.6942,-3.3526,2.2598,3.5605,2.6429
-5.6586,-3.6666,-4.4554,-2.7233,-3.4001,2.3135,3.5901,2.6792
-5.6888,-3.72,-4.4584,-2.7513,-3.4474,2.3675,3.6185,2.7145
-5.7177,-3.773,-4.46,-2.7783,-3.4943,2.4216,3.6457,2.7489
-5.7453,-3.8256,-4.4601,-2.8043,-3.5409,2.4759,3.6718,2.7823
-5.7714,-3.8778,-4.4588,-2.8293,-3.5872,2.5304,3.6968,2.8149
-5.7962,-3.9295,-4.4562,-2.8533,-3.6331,2.585,3.7207,2.8466
-5.8195,-3.9806,-4.4521,-2.8763,-3.6787,2.6398,3.7434,2.8774
-5.8413,-4.0313,-4.4467,-2.8983,-3.7238,2.6947,3.7649,2.9073
-5.8616,-4.0813,-4.4399,-2.9193,-3.7686,2.7497,3.7853,2.9363
-5.8804,-4.1308,-4.4318,-2.9393,-3.813,2.8048,3.8045,2.9644
-5.8977,-4.1796,-4.4223,-2.9584,-3.8569,2.86,3.8225,2.9916
-5.9134,-4.2277,-4.4116,-2.9766,-3.9003,2.9153,3.8394,3.0179
-5.9274,-4.2751,-4.3995,-2.9938,-3.9432,2.9705,3.8551,3.0433
-5.9398,-4.3218,-4.3861,-3.01,-3.9857,3.0258,3.8696,3.0677
-5.9506,-4.3677,-4.3715,-3.0254,-4.0276,3.0811,3.8829,3.0913
-5.9596,-4.4127,-4.3556,-3.0398,-4.0689,3.1363,3.895,3.114
-5.9669,-4.4569,-4.3384,-3.0532,-4.1097,3.1914,3.9059,3.1357
-5.9725,-4.5002,-4.32,-3.0658,-4.1498,3.2464,3.9156,3.1565
-5.9763,-4.5425,-4.3003,-3.0774,-4.1893,3.3012,3.9241,3.1764
-5.9783,-4.5838,-4.2794,-3.0881,-4.2281,3.3559,3.9313,3.1954
-5.9784,-4.6241,-4.2573,-3.0979,-4.2662,3.4103,3.9373,3.2134
-5.9766,-4.6633,-4.234,-3.1068,-4.3035,3.4645,3.9421,3.2306
-5.973,-4.7014,-4.2095,-3.1148,-4.3401,3.5184,3.9457,3.2467
-5.9674,-4.7383,-4.1837,-3.1219,-4.3759,3.5719,3.9479,3.2619
-5.9599,-4.774,-4.1568,-3.1281,-4.4108,3.6251,3.949,3.2762
-5.9504,-4.8085,-4.1287,-3.1333,-4.4448,3.6778,3.9487,3.2895
-5.9389,-4.8416,-4.0994,-3.1377,-4.4779,3.73,3.9472,3.3019
-5.9254,-4.8734,-4.069,-3.1411,-4.51,3.7818,3.9444,3.3133
-5.9098,-4.9038,-4.0373,-3.1437,-4.5412,3.8329,3.9404,3.3237
-5.8922,-4.9328,-4.0045,-3.1453,-4.5713,3.8835,3.935,3.3331
-5.8724,-4.9603,-3.9706,-3.146,-4.6004,3.9333,3.9283,3.3415
-5.8506,-4.9863,-3.9354,-3.1457,-4.6283,3.9825,3.9203,3.3489
-5.8265,-5.0107,-3.8992,-3.1446,-4.6551,4.0309,3.911,3.3554
-5.8004,-5.0335,-3.8617,-3.1425,-4.6807,4.0785,3.9004,3.3608
-5.772,-5.0546,-3.8232,-3.1395,-4.7051,4.1252,3.8885,3.3652
-5.7415,-5.074,-3.7834,-3.1355,-4.7283,4.171,3.8752,3.3685
-5.7087,-5.0917,-3.7426,-3.1306,-4.7501,4.2158,3.8606,3.3708
-5.6738,-5.1076,-3.7005,-3.1247,-4.7706,4.2597,3.8446,3.3721
-5.6365,-5.1217,-3.6574,-3.1179,-4.7897,4.3024,3.8273,3.3723
-5.597,-5.1339,-3.6131,-3.1101,-4.8073,4.344,3.8087,3.3715
-5.5553,-5.1442,-3.5676,-3.1014,-4.8235,4.3844,3.7886,3.3696
-5.5112,-5.1526,-3.5211,-3.0916,-4.8383,4.4236,3.7673,3.3666
-5.4649,-5.1589,-3.4734,-3.0809,-4.8514,4.4615,3.7445,3.3625
-5.4163,-5.1633,-3.4245,-3.0692,-4.863,4.4981,3.7204,3.3573
-5.3653,-5.1656,-3.3745,-3.0564,-4.873,4.5332,3.6949,3.351
-5.3121,-5.1658,-3.3234,-3.0427,-4.8814,4.5669,3.6681,3.3437
-5.2565,-5.1639,-3.2712,-3.0279,-4.888,4.5991,3.6399,3.3352
-5.1986,-5.1598,-3.2178,-3.0121,-4.893,4.6298,3.6103,3.3256
-5.1384,-5.1535,-3.1633,-2.9953,-4.8962,4.6589,3.5793,3.3148
-5.0759,-5.145,-3.1077,-2.9775,-4.8976,4.6863,3.547,3.3029
-5.011,-5.1342,-3.0509,-2.9585,-4.8972,4.712,3.5133,3.2899
-4.9439,-5.1212,-2.993,-2.9386,-4.8949,4.736,3.4783,3.2757
-4.8744,-5.1059,-2.934,-2.9175,-4.8908,4.7582,3.4418,3.2604
-4.8026,-5.0882,-2.8739,-2.8954,-4.8847,4.7785,3.404,3.2439
-4.7285,-5.0682,-2.8127,-2.8722,-4.8767,4.797,3.3649,3.2263
-4.6522,-5.0458,-2.7503,-2.848,-4.8668,4.8135,3.3244,3.2074
-4.5735,-5.0211,-2.6869,-2.8226,-4.8549,4.828,3.2826,3.1875
-4.4927,-4.9939,-2.6224,-2.7961,-4.8409,4.8406,3.2394,3.1663
-4.4095,-4.9643,-2.5567,-2.7686,-4.8249,4.851,3.1949,3.1439
-4.3242,-4.9323,-2.49,-2.7399,-4.8069,4.8594,3.1491,3.1204
-4.2367,-4.8978,-2.4222,-2.7101,-4.7867,4.8657,3.1019,3.0957
-4.1469,-4.8609,-2.3533,-2.6792,-4.7645,4.8698,3.0535,3.0698
-4.0551,-4.8215,-2.2834,-2.6472,-4.7402,4.8717,3.0037,3.0427
-3.961,-4.7796,-2.2124,-2.6141,-4.7137,4.8713,2.9527,3.0145
-3.8649,-4.7353,-2.1403,-2.5798,-4.6851,4.8687,2.9004,2.985
-3.7667,-4.6885,-2.0672,-2.5444,-4.6543,4.8638,2.8469,2.9544
-3.6665,-4.6392,-1.9931,-2.5079,-4.6214,4.8566,2.7921,2.9225
-3.5642,-4.5874,-1.918,-2.4702,-4.5863,4.8471,2.7361,2.8895
-3.46,-4.5332,-1.8419,-2.4314,-4.549,4.8351,2.6789,2.8553
-3.3539,-4.4766,-1.7648,-2.3916,-4.5095,4.8208,2.6205,2.82
-3.2458,-4.4174,-1.6867,-2.3505,-4.4678,4.8041,2.5609,2.7834
-3.1359,-4.3559,-1.6077,-2.3084,-4.424,4.785,2.5002,2.7457
-3.0242,-4.2919,-1.5277,-2.2651,-4.3779,4.7635,2.4384,2.7068
-2.9106,-4.2256,-1.4468,-2.2208,-4.3297,4.7395,2.3754,2.6668
-2.7954,-4.1568,-1.365,-2.1753,-4.2793,4.713,2.3113,2.6257
-2.6785,-4.0857,-1.2824,-2.1288,-4.2267,4.6841,2.2462,2.5833
-2.56,-4.0123,-1.1989,-2.0811,-4.172,4.6527,2.1801,2.5399
-2.4399,-3.9365,-1.1145,-2.0324,-4.1151,4.6189,2.1129,2.4953
-2.3183,-3.8585,-1.0294,-1.9826,-4.056,4.5826,2.0447,2.4497
-2.1952,-3.7782,-0.94343,-1.9318,-3.9949,4.5438,1.9756,2.4029
-2.0707,-3.6956,-0.85675,-1.8799,-3.9316,4.5025,1.9055,2.355
-1.9449,-3.611,-0.76934,-1.827,-3.8662,4.4588,1.8345,2.3061
-1.8178,-3.5241,-0.68123,-1.7731,-3.7987,4.4127,1.7626,2.2561
-1.6895,-3.4352,-0.59246,-1.7181,-3.7293,4.3641,1.6899,2.205
-1.56,-3.3442,-0.50305,-1.6622,-3.6577,4.3131,1.6164,2.153
-1.4294,-3.2511,-0.41304,-1.6054,-3.5842,4.2597,1.5421,2.0999
-1.2978,-3.1562,-0.32247,-1.5476,-3.5088,4.204,1.467,2.0458
-1.1653,-3.0592,-0.23137,-1.4889,-3.4313,4.1458,1.3912,1.9908
-1.0319,-2.9605,-0.13978,-1.4293,-3.352,4.0853,1.3148,1.9347
-0.89763,-2.8598,-0.04773,-1.3688,-3.2708,4.0225,1.2377,1.8778
-0.76267,-2.7575,0.04473,-1.3075,-3.1878,3.9575,1.1599,1.82
-0.62706,-2.6534,0.13756,-1.2454,-3.103,3.8902,1.0817,1.7612
-0.49086,-2.5477,0.23072,-1.1825,-3.0165,3.8206,1.0028,1.7016
-0.35417,-2.4404,0.32417,-1.1188,-2.9282,3.7489,0.9235,1.6412
-0.21705,-2.3316,0.41786,-1.0544,-2.8383,3.6751,0.84372,1.5799
-0.079594,-2.2213,0.51175,-0.98926,-2.7467,3.5991,0.76352,1.5178
0.058124,-2.1096,0.60578,-0.92349,-2.6536,3.5211,0.68295,1.455
0.19602,-1.9966,0.6999,-0.85708,-2.559,3.4411,0.60205,1.3915
0.33401,-1.8823,0.79408,-0.79007,-2.4629,3.3591,0.52086,1.3273
0.47201,-1.7669,0.88826,-0.72251,-2.3654,3.2751,0.43942,1.2623
0.60994,-1.6503,0.98238,-0.65442,-2.2665,3.1894,0.35778,1.1968
0.74771,-1.5327,1.0764,-0.58585,-2.1664,3.1018,0.27598,1.1306
0.88523,-1.4141,1.1702,-0.51683,-2.065,3.0124,0.19407,1.0639
1.0224,-1.2946,1.2639,-0.4474,-1.9624,2.9214,0.1121,0.99666
1.1592,-1.1743,1.3572,-0.37762,-1.8587,2.8287,0.030106,0.9289
1.2954,-1.0533,1.4503,-0.30751,-1.7539,2.7344,-0.051861,0.86067
1.4311,-0.93159,1.5429,-0.23713,-1.6481,2.6386,-0.13375,0.79202
1.5661,-0.80931,1.6351,-0.16652,-1.5414,2.5413,-0.21552,0.72298
1.7003,-0.68653,1.7268,-0.095719,-1.4339,2.4427,-0.29712,0.65359
1.8336,-0.56332,1.8179,-0.024778,-1.3255,2.3427,-0.3785,0.58389
1.966,-0.43977,1.9084,0.046257,-1.2165,2.2415,-0.45961,0.51392
2.0974,-0.31595,1.9982,0.11734,-1.1067,2.139,-0.54041,0.44372
2.2276,-0.19195,2.0873,0.18842,-0.99642,2.0355,-0.62084,0.37334
2.3567,-0.067854,2.1755,0.25945,-0.88559,1.9309,-0.70085,0.30282
2.4844,0.056266,2.2629,0.33038,-0.77433,1.8254,-0.78039,0.2322
2.6107,0.18032,2.3493,0.40116,-0.66269,1.7189,-0.85941,0.16153
2.7356,0.30424,2.4347,0.47174,-0.55077,1.6117,-0.93787,0.09084
2.859,0.42793,2.5191,0.54207,-0.43862,1.5036,-1.0157,0.02019
2.9807,0.55132,2.6023,0.61211,-0.32634,1.395,-1.0929,-0.050379
3.1006,0.67432,2.6843,0.68179,-0.21398,1.2857,-1.1693,-0.12082
3.2188,0.79687,2.7651,0.75107,-0.10164,1.1759,-1.245,-0.19109
3.3351,0.91886,2.8445,0.8199,0.010615,1.0656,-1.3199,-0.26114
3.4495,1.0402,2.9226,0.88822,0.12271,0.95504,-1.3938,-0.33091
3.5618,1.1609,2.9992,0.95599,0.23456,0.84416,-1.4669,-0.40038
3.6721,1.2808,3.0743,1.0232,0.3461,0.73307,-1.539,-0.46948
3.7801,1.3999,3.1478,1.0897,0.45724,0.62187,-1.6101,-0.53817
3.8859,1.518,3.2196,1.1555,0.56791,0.51062,-1.6801,-0.6064
3.9894,1.6351,3.2898,1.2205,0.67804,0.39941,-1.749,-0.67412
4.0905,1.7512,3.3582,1.2848,0.78754,0.2883,-1.8167,-0.74129
4.1892,1.8661,3.4248,1.3481,0.89634,0.17739,-1.8832,-0.80786
4.2853,1.9797,3.4895,1.4106,1.0044,0.066755,-1.9484,-0.87378
4.3789,2.0922,3.5522,1.4722,1.1115,-0.043536,-2.0123,-0.93899
4.4699,2.2032,3.6129,1.5327,1.2178,-0.1534,-2.0749,-1.0035
4.5581,2.3128,3.6716,1.5922,1.323,-0.26277,-2.136,-1.0671
4.6436,2.421,3.7282,1.6506,1.4272,-0.37155,-2.1957,-1.13
4.7264,2.5276,3.7826,1.7078,1.5303,-0.47969,-2.254,-1.1919
4.8063,2.6326,3.8348,1.7639,1.6321,-0.58709,-2.3106,-1.253
4.8833,2.736,3.8847,1.8187,1.7326,-0.6937,-2.3657,-1.313
4.9574,2.8376,3.9323,1.8723,1.8318,-0.79943,-2.4192,-1.372
5.0285,2.9375,3.9775,1.9246,1.9295,-0.90422,-2.471,-1.43
5.0966,3.0355,4.0203,1.9755,2.0258,-1.008,-2.5211,-1.4868
5.1617,3.1316,4.0606,2.025,2.1205,-1.1107,-2.5695,-1.5425
5.2238,3.2258,4.0984,2.0731,2.2136,-1.2122,-2.6161,-1.597
5.2827,3.3181,4.1337,2.1197,2.305,-1.3125,-2.6609,-1.6503
5.3386,3.4083,4.1663,2.1649,2.3947,-1.4116,-2.7038,-1.7022
5.3913,3.4965,4.1964,2.2085,2.4826,-1.5093,-2.7449,-1.7529
5.4409,3.5825,4.2237,2.2505,2.5686,-1.6056,-2.784,-1.8022
5.4873,3.6665,4.2484,2.291,2.6527,-1.7004,-2.8212,-1.8501
5.5305,3.7482,4.2703,2.3298,2.7348,-1.7937,-2.8564,-1.8966
5.5706,3.8277,4.2895,2.3669,2.8149,-1.8854,-2.8896,-1.9416
5.6074,3.905,4.3059,2.4024,2.893,-1.9755,-2.9208,-1.9851
5.6411,3.98,4.3195,2.4362,2.9689,-2.0639,-2.95,-2.0271
5.6716,4.0527,4.3302,2.4682,3.0426,-2.1505,-2.977,-2.0675
5.699,4.1231,4.3381,2.4985,3.1142,-2.2354,-3.002,-2.1064
5.7232,4.1911,4.3432,2.527,3.1835,-2.3184,-3.0248,-2.1436
5.7442,4.2568,4.3453,2.5537,3.2505,-2.3996,-3.0455,-2.1791
5.762,4.3201,4.3445,2.5786,3.3152,-2.4788,-3.064,-2.213
5.7768,4.3809,4.3408,2.6017,3.3775,-2.5561,-3.0804,-2.2452
5.7885,4.4394,4.3343,2.6229,3.4375,-2.6313,-3.0946,-2.2756
5.797,4.4954,4.3248,2.6423,3.495,-2.7045,-3.1066,-2.3043
5.8026,4.549,4.3123,2.6598,3.55,-2.7757,-3.1164,-2.3313
5.8051,4.6001,4.297,2.6754,3.6026,-2.8447,-3.124,-2.3564
5.8046,4.6488,4.2787,2.6891,3.6527,-2.9116,-3.1293,-2.3798
5.8012,4.695,4.2576,2.701,3.7003,-2.9764,-3.1325,-2.4013
5.7949,4.7388,4.2335,2.711,3.7454,-3.0389,-3.1334,-2.421
5.7858,4.7801,4.2066,2.7191,3.7879,-3.0992,-3.1322,-2.4389
5.7738,4.819,4.1768,2.7253,3.8278,-3.1574,-3.1287,-2.4549
5.759,4.8554,4.1441,2.7296,3.8652,-3.2132,-3.123,-2.469
5.7416,4.8894,4.1086,2.732,3.8999,-3.2668,-3.1151,-2.4813
5.7214,4.9209,4.0703,2.7325,3.9321,-3.3181,-3.1049,-2.4916
5.6987,4.95,4.0293,2.7312,3.9618,-3.3671,-3.0927,-2.5002
5.6734,4.9767,3.9855,2.7279,3.9888,-3.4138,-3.0782,-2.5068
5.6456,5.0011,3.9389,2.7228,4.0132,-3.4582,-3.0616,-2.5115
5.6153,5.023,3.8897,2.7159,4.0351,-3.5003,-3.0428,-2.5144
5.5827,5.0426,3.8379,2.7071,4.0544,-3.54,-3.0219,-2.5154
5.5478,5.0598,3.7834,2.6965,4.0712,-3.5775,-2.999,-2.5145
5.5106,5.0748,3.7264,2.6841,4.0854,-3.6126,-2.9739,-2.5118
5.4713,5.0874,3.6669,2.6699,4.0971,-3.6454,-2.9468,-2.5072
5.4299,5.0977,3.6049,2.654,4.1062,-3.6759,-2.9176,-2.5007
5.3864,5.1058,3.5405,2.6363,4.1129,-3.7041,-2.8865,-2.4925
5.341,5.1117,3.4737,2.6168,4.1171,-3.73,-2.8534,-2.4824
5.2937,5.1154,3.4046,2.5957,4.1189,-3.7536,-2.8183,-2.4705
5.2446,5.1169,3.3333,2.5728,4.1182,-3.7749,-2.7814,-2.4568
5.1938,5.1163,3.2598,2.5483,4.1152,-3.794,-2.7425,-2.4413
5.1413,5.1135,3.1841,2.5222,4.1098,-3.8108,-2.7019,-2.4241
5.0872,5.1087,3.1064,2.4944,4.1021,-3.8255,-2.6594,-2.4052
5.0316,5.1019,3.0267,2.4651,4.0921,-3.8379,-2.6152,-2.3845
4.9746,5.093,2.945,2.4342,4.0798,-3.8482,-2.5693,-2.3622
4.9163,5.0822,2.8615,2.4018,4.0654,-3.8563,-2.5217,-2.3382
4.8567,5.0694,2.7762,2.3679,4.0487,-3.8622,-2.4725,-2.3126
4.7959,5.0547,2.6892,2.3326,4.03,-3.8661,-2.4217,-2.2854
4.7341,5.0382,2.6005,2.2959,4.0092,-3.868,-2.3693,-2.2566
4.6712,5.0198,2.5103,2.2577,3.9863,-3.8677,-2.3155,-2.2263
4.6073,4.9996,2.4186,2.2182,3.9615,-3.8655,-2.2603,-2.1945
4.5426,4.9777,2.3255,2.1774,3.9347,-3.8613,-2.2036,-2.1612
4.4771,4.954,2.231,2.1353,3.9061,-3.8552,-2.1457,-2.1265
4.4109,4.9287,2.1353,2.092,3.8756,-3.8471,-2.0864,-2.0904
4.3441,4.9017,2.0385,2.0474,3.8434,-3.8372,-2.026,-2.0529
4.2768,4.8731,1.9405,2.0017,3.8094,-3.8255,-1.9643,-2.014
4.2089,4.843,1.8415,1.9549,3.7738,-3.812,-1.9016,-1.9739
4.1407,4.8113,1.7417,1.907,3.7366,-3.7967,-1.8378,-1.9325
4.0721,4.7782,1.641,1.858,3.6978,-3.7797,-1.773,-1.89
4.0033,4.7435,1.5395,1.808,3.6576,-3.761,-1.7072,-1.8462
3.9344,4.7075,1.4374,1.757,3.6159,-3.7408,-1.6406,-1.8013
3.8653,4.6701,1.3348,1.7051,3.5729,-3.7189,-1.5731,-1.7554
3.7962,4.6314,1.2316,1.6523,3.5285,-3.6955,-1.5049,-1.7084
3.7271,4.5914,1.1281,1.5986,3.483,-3.6706,-1.436,-1.6604
3.6581,4.5501,1.0242,1.5442,3.4362,-3.6442,-1.3664,-1.6114
3.5893,4.5076,0.92015,1.4889,3.3884,-3.6165,-1.2962,-1.5615
3.5207,4.4639,0.81593,1.433,3.3395,-3.5874,-1.2255,-1.5108
3.4524,4.4191,0.71166,1.3763,3.2896,-3.5569,-1.1543,-1.4592
3.3844,4.3731,0.60743,1.319,3.2388,-3.5252,-1.0827,-1.4069
3.3169,4.3261,0.50332,1.261,3.1871,-3.4923,-1.0108,-1.3538
3.2498,4.2781,0.39941,1.2025,3.1347,-3.4582,-0.93858,-1.3
3.1833,4.229,0.29579,1.1435,3.0815,-3.4229,-0.86612,-1.2456
3.1173,4.179,0.19254,1.0839,3.0277,-3.3866,-0.79349,-1.1906
3.052,4.128,0.089751,1.0239,2.9732,-3.3492,-0.72074,-1.135
2.9873,4.0762,-0.012506,0.96349,2.9183,-3.3109,-0.64794,-1.079
2.9234,4.0234,-0.11415,0.90268,2.8628,-3.2716,-0.57514,-1.0224
2.8602,3.9698,-0.2151,0.84153,2.807,-3.2314,-0.50239,-0.96543
2.7978,3.9155,-0.31527,0.78007,2.7508,-3.1903,-0.42976,-0.90808
2.7363,3.8603,-0.4146,0.71833,2.6943,-3.1484,-0.35729,-0.85038
2.6756,3.8044,-0.51301,0.65636,2.6377,-3.1058,-0.28504,-0.79239
2.6159,3.7478,-0.61042,0.59419,2.5808,-3.0624,-0.21307,-0.73414
2.5571,3.6905,-0.70677,0.53186,2.5238,-3.0184,-0.14142,-0.67568
2.4993,3.6325,-0.80198,0.46939,2.4668,-2.9737,-0.070154,-0.61704
2.4425,3.5739,-0.89599,0.40682,2.4098,-2.9285,0.00068623,-0.55827
2.3868,3.5147,-0.98873,0.34418,2.3529,-2.8826,0.071049,-0.49941
2.3321,3.4549,-1.0801,0.28151,2.2961,-2.8363,0.14089,-0.44049
2.2785,3.3946,-1.1701,0.21884,2.2394,-2.7895,0.21015,-0.38156
2.226,3.3337,-1.2587,0.15619,2.183,-2.7423,0.2788,-0.32264
2.1746,3.2724,-1.3457,0.093598,2.1269,-2.6947,0.34679,-0.26377
2.1243,3.2105,-1.4312,0.031093,2.0711,-2.6467,0.41407,-0.20499
2.0752,3.1482,-1.5151,-0.031297,2.0157,-2.5985,0.48061,-0.14634
2.0273,3.0855,-1.5972,-0.093546,1.9607,-2.5499,0.54636,-0.08784
1.9805,3.0224,-1.6777,-0.15563,1.9062,-2.5011,0.61129,-0.029527
1.9349,2.9589,-1.7564,-0.21751,1.8521,-2.4522,0.67536,0.028568
1.8905,2.895,-1.8332,-0.27918,1.7987,-2.403,0.73853,0.086417
1.8472,2.8307,-1.9083,-0.3406,1.7458,-2.3537,0.80078,0.14399
1.8051,2.7662,-1.9814,-0.40175,1.6936,-2.3043,0.86206,0.20126
1.7642,2.7013,-2.0526,-0.46261,1.642,-2.2548,0.92235,0.2582
1.7245,2.6362,-2.1218,-0.52316,1.5912,-2.2053,0.98162,0.31479
1.6859,2.5708,-2.189,-0.58337,1.5411,-2.1558,1.0398,0.371
1.6485,2.5051,-2.2542,-0.64323,1.4917,-2.1063,1.097,0.42681
1.6122,2.4392,-2.3174,-0.70271,1.4432,-2.0568,1.1531,0.4822
1.577,2.3731,-2.3785,-0.7618,1.3955,-2.0074,1.208,0.53714
1.543,2.3068,-2.4375,-0.82047,1.3486,-1.9581,1.2618,0.59163
1.5101,2.2404,-2.4944,-0.87872,1.3027,-1.9089,1.3144,0.64563
1.4782,2.1738,-2.5491,-0.93651,1.2576,-1.8599,1.3659,0.69913
1.4475,2.107,-2.6017,-0.99385,1.2135,-1.811,1.4162,0.75213
1.4177,2.0401,-2.6521,-1.0507,1.1703,-1.7623,1.4653,0.80459
1.389,1.9731,-2.7004,-1.1071,1.128,-1.7139,1.5131,0.85651
1.3613,1.906,-2.7465,-1.1629,1.0868,-1.6656,1.5597,0.90788
1.3346,1.8389,-2.7905,-1.2182,1.0465,-1.6176,1.6052,0.95869
1.3088,1.7717,-2.8322,-1.273,1.0073,-1.5699,1.6493,1.0089
1.284,1.7044,-2.8718,-1.3273,0.96899,-1.5224,1.6922,1.0586
1.26,1.6371,-2.9093,-1.3809,0.93175,-1.4752,1.7339,1.1076
1.2369,1.5698,-2.9445,-1.4341,0.89553,-1.4283,1.7743,1.1561
1.2146,1.5025,-2.9776,-1.4866,0.86034,-1.3818,1.8135,1.2039
1.1932,1.4353,-3.0086,-1.5385,0.82617,-1.3356,1.8514,1.2511
1.1725,1.368,-3.0374,-1.5898,0.79304,-1.2897,1.8881,1.2978
1.1525,1.3009,-3.0641,-1.6405,0.76092,-1.2442,1.9236,1.3438
1.1333,1.2337,-3.0887,-1.6906,0.72983,-1.199,1.9578,1.3891
1.1147,1.1667,-3.1112,-1.7401,0.69976,-1.1542,1.9907,1.4339
1.0967,1.0998,-3.1317,-1.7889,0.67069,-1.1098,2.0225,1.478
1.0793,1.033,-3.1501,-1.8371,0.64263,-1.0658,2.053,1.5215
1.0625,0.96628,-3.1665,-1.8846,0.61556,-1.0222,2.0824,1.5644
1.0462,0.89974,-3.181,-1.9314,0.58946,-0.97896,2.1105,1.6066
1.0304,0.83336,-3.1935,-1.9776,0.56434,-0.93612,2.1375,1.6482
1.015,0.76716,-3.204,-2.023,0.54016,-0.89369,2.1633,1.6892
1,0.70115,-3.2127,-2.0678,0.51691,-0.85167,2.188,1.7296
0.98542,0.63536,-3.2195,-2.1119,0.49458,-0.81005,2.2116,1.7693
0.97112,0.56978,-3.2244,-2.1553,0.47314,-0.76884,2.234,1.8085
0.9571,0.50445,-3.2276,-2.198,0.45258,-0.72804,2.2553,1.847
0.94333,0.43938,-3.229,-2.24,0.43287,-0.68764,2.2756,1.8849
0.92976,0.37458,-3.2288,-2.2812,0.41399,-0.64765,2.2949,1.9222
0.91635,0.31008,-3.2268,-2.3218,0.39592,-0.60807,2.313,1.9589
0.90306,0.24587,-3.2232,-2.3615,0.37862,-0.56889,2.3302,1.9951
0.88985,0.18199,-3.218,-2.4006,0.36207,-0.53011,2.3464,2.0306
0.87668,0.11846,-3.2113,-2.4389,0.34625,-0.49172,2.3617,2.0655
0.86352,0.055272,-3.2031,-2.4764,0.33112,-0.45372,2.376,2.0999
0.85032,-0.0075396,-3.1934,-2.5132,0.31665,-0.41612,2.3893,2.1337
0.83704,-0.069963,-3.1823,-2.5492,0.30282,-0.37889,2.4018,2.1669
0.82365,-0.13198,-3.1698,-2.5845,0.28959,-0.34204,2.4134,2.1996
0.8101,-0.19358,-3.156,-2.6189,0.27693,-0.30556,2.4242,2.2317
0.79636,-0.25474,-3.141,-2.6526,0.2648,-0.26944,2.4342,2.2632
0.78239,-0.31544,-3.1247,-2.6855,0.25317,-0.23368,2.4434,2.2943
0.76816,-0.37568,-3.1073,-2.7176,0.24201,-0.19827,2.4518,2.3247
0.75363,-0.43543,-3.0887,-2.7488,0.23129,-0.16321,2.4594,2.3546
0.73875,-0.49467,-3.069,-2.7793,0.22096,-0.12847,2.4664,2.384
0.7235,-0.5534,-3.0483,-2.8089,0.21099,-0.094069,2.4727,2.4129
0.70785,-0.61159,-3.0266,-2.8378,0.20134,-0.059981,2.4783,2.4412
0.69175,-0.66924,-3.004,-2.8657,0.19198,-0.026203,2.4833,2.4691
0.67518,-0.72632,-2.9806,-2.8929,0.18287,0.0072731,2.4876,2.4964
0.6581,-0.78282,-2.9562,-2.9192,0.17398,0.040457,2.4914,2.5232
0.64048,-0.83872,-2.9311,-2.9446,0.16526,0.073358,2.4947,2.5494
0.6223,-0.89402,-2.9053,-2.9692,0.15668,0.10599,2.4974,2.5752
0.60351,-0.94869,-2.8787,-2.9929,0.14821,0.13835,2.4996,2.6005
0.5841,-1.0027,-2.8516,-3.0157,0.1398,0.17045,2.5013,2.6252
0.56403,-1.0561,-2.8238,-3.0377,0.13142,0.20231,2.5026,2.6495
0.54328,-1.1088,-2.7954,-3.0587,0.12303,0.23394,2.5034,2.6733
0.52182,-1.1608,-2.7666,-3.0788,0.11459,0.26533,2.5038,2.6965
0.49963,-1.2122,-2.7373,-3.0981,0.10608,0.29651,2.5038,2.7193
0.47668,-1.2628,-2.7076,-3.1164,0.097444,0.32748,2.5035,2.7415
0.45296,-1.3127,-2.6776,-3.1338,0.08866,0.35825,2.5029,2.7633
0.42843,-1.3619,-2.6472,-3.1502,0.079688,0.38883,2.5019,2.7846
0.40308,-1.4104,-2.6165,-3.1658,0.070496,0.41923,2.5006,2.8053
0.37689,-1.458,-2.5856,-3.1803,0.061048,0.44945,2.499,2.8256
0.34984,-1.505,-2.5544,-3.1939,0.051311,0.47952,2.4972,2.8453
0.32191,-1.5511,-2.5232,-3.2066,0.041254,0.50943,2.4952,2.8646
0.29309,-1.5965,-2.4918,-3.2183,0.030844,0.53919,2.4929,2.8833
0.26336,-1.6411,-2.4603,-3.229,0.020051,0.56882,2.4904,2.9015
0.23271,-1.6849,-2.4287,-3.2387,0.008843,0.59831,2.4878,2.9192
0.20113,-1.7278,-2.3972,-3.2475,-0.0028079,0.62769,2.485,2.9364
0.16861,-1.77,-2.3657,-3.2552,-0.014931,0.65695,2.482,2.953
0.13513,-1.8113,-2.3342,-3.2619,-0.027553,0.6861,2.4789,2.9691
0.10069,-1.8518,-2.3028,-3.2677,-0.040701,0.71516,2.4756,2.9847
0.065283,-1.8915,-2.2716,-3.2724,-0.054401,0.74413,2.4723,2.9997
0.028899,-1.9303,-2.2404,-3.2761,-0.068677,0.77301,2.4689,3.0142
-0.008464,-1.9683,-2.2095,-3.2787,-0.083553,0.80181,2.4653,3.0281
-0.04681,-2.0054,-2.1788,-3.2804,-0.099051,0.83054,2.4617,3.0415
-0.08614,-2.0417,-2.1483,-3.281,-0.11519,0.8592,2.4581,3.0542
-0.12645,-2.0771,-2.1181,-3.2805,-0.132,0.8878,2.4544,3.0665
-0.16775,-2.1117,-2.0881,-3.279,-0.14949,0.91635,2.4506,3.0781
-0.21004,-2.1454,-2.0585,-3.2765,-0.16768,0.94485,2.4469,3.0891
-0.2533,-2.1782,-2.0291,-3.2729,-0.18658,0.97329,2.443,3.0995
-0.29753,-2.2101,-2.0001,-3.2683,-0.20622,1.0017,2.4392,3.1093
-0.34273,-2.2412,-1.9715,-3.2626,-0.2266,1.0301,2.4354,3.1185
-0.38889,-2.2715,-1.9433,-3.2559,-0.24775,1.0584,2.4315,3.1271
-0.436,-2.3008,-1.9155,-3.2481,-0.26967,1.0867,2.4277,3.1351
-0.48405,-2.3293,-1.888,-3.2393,-0.29236,1.115,2.4239,3.1424
-0.53303,-2.3569,-1.861,-3.2294,-0.31585,1.1432,2.42,3.149
-0.58293,-2.3837,-1.8345,-3.2184,-0.34014,1.1714,2.4162,3.155
-0.63373,-2.4096,-1.8084,-3.2064,-0.36523,1.1996,2.4124,3.1603
-0.68541,-2.4347,-1.7827,-3.1933,-0.39113,1.2278,2.4086,3.165
-0.73796,-2.4589,-1.7575,-3.1792,-0.41784,1.256,2.4049,3.169
-0.79137,-2.4822,-1.7328,-3.164,-0.44537,1.2841,2.4011,3.1723
-0.8456,-2.5047,-1.7086,-3.1478,-0.47371,1.3122,2.3974,3.1748
-0.90064,-2.5264,-1.6848,-3.1306,-0.50287,1.3403,2.3937,3.1767
-0.95648,-2.5472,-1.6616,-3.1123,-0.53285,1.3684,2.39,3.1779
-1.0131,-2.5672,-1.6388,-3.093,-0.56364,1.3964,2.3863,3.1783
-1.0704,-2.5864,-1.6166,-3.0727,-0.59523,1.4244,2.3826,3.1781
-1.1285,-2.6047,-1.5948,-3.0514,-0.62762,1.4524,2.3789,3.177
-1.1872,-2.6223,-1.5735,-3.029,-0.66081,1.4804,2.3753,3.1753
-1.2466,-2.639,-1.5527,-3.0057,-0.69479,1.5083,2.3716,3.1728
-1.3066,-2.6549,-1.5324,-2.9814,-0.72954,1.5362,2.368,3.1695
-1.3672,-2.6701,-1.5126,-2.9561,-0.76506,1.5641,2.3643,3.1655
-1.4284,-2.6844,-1.4933,-2.9298,-0.80134,1.5919,2.3607,3.1608
-1.4901,-2.698,-1.4744,-2.9025,-0.83835,1.6197,2.357,3.1552
-1.5523,-2.7109,-1.456,-2.8743,-0.87609,1.6474,2.3533,3.1489
-1.615,-2.7229,-1.4381,-2.8452,-0.91454,1.6751,2.3496,3.1418
-1.6781,-2.7343,-1.4206,-2.8151,-0.95368,1.7027,2.3459,3.134
-1.7416,-2.7448,-1.4035,-2.7841,-0.99349,1.7302,2.3421,3.1253
-1.8055,-2.7547,-1.3869,-2.7523,-1.034,1.7577,2.3382,3.1159
-1.8696,-2.7638,-1.3707,-2.7195,-1.0751,1.7851,2.3344,3.1057
-1.9341,-2.7722,-1.3549,-2.6859,-1.1168,1.8123,2.3304,3.0947
-1.9988,-2.7799,-1.3394,-2.6514,-1.1591,1.8395,2.3264,3.0829
-2.0636,-2.787,-1.3244,-2.616,-1.202,1.8666,2.3223,3.0703
-2.1286,-2.7933,-1.3097,-2.5798,-1.2454,1.8936,2.3182,3.057
-2.1938,-2.7989,-1.2954,-2.5428,-1.2893,1.9205,2.3139,3.0428
-2.2589,-2.8039,-1.2814,-2.5051,-1.3338,1.9472,2.3095,3.0279
-2.3241,-2.8083,-1.2677,-2.4665,-1.3786,1.9738,2.3051,3.0121
-2.3893,-2.812,-1.2543,-2.4272,-1.424,2.0002,2.3005,2.9956
-2.4544,-2.815,-1.2412,-2.3871,-1.4697,2.0265,2.2957,2.9783
-2.5194,-2.8175,-1.2283,-2.3463,-1.5158,2.0527,2.2909,2.9603
-2.5842,-2.8193,-1.2157,-2.3048,-1.5622,2.0786,2.2859,2.9414
-2.6488,-2.8205,-1.2033,-2.2626,-1.609,2.1044,2.2807,2.9218
-2.7132,-2.8212,-1.1912,-2.2197,-1.656,2.1299,2.2753,2.9014
-2.7772,-2.8212,-1.1792,-2.1761,-1.7033,2.1552,2.2698,2.8803
-2.8409,-2.8207,-1.1673,-2.132,-1.7507,2.1804,2.2641,2.8584
-2.9042,-2.8196,-1.1556,-2.0872,-1.7984,2.2052,2.2581,2.8357
-2.967,-2.8179,-1.144,-2.0418,-1.8462,2.2299,2.252,2.8123
-3.0294,-2.8157,-1.1326,-1.9958,-1.8941,2.2543,2.2456,2.7882
-3.0911,-2.813,-1.1212,-1.9493,-1.942,2.2784,2.239,2.7633
-3.1523,-2.8098,-1.1098,-1.9022,-1.99,2.3022,2.2321,2.7377
-3.2129,-2.806,-1.0985,-1.8546,-2.038,2.3257,2.225,2.7114
-3.2727,-2.8018,-1.0872,-1.8065,-2.086,2.3489,2.2176,2.6844
-3.3318,-2.797,-1.0759,-1.7579,-2.1338,2.3718,2.2099,2.6567
-3.3901,-2.7918,-1.0646,-1.7089,-2.1816,2.3943,2.2019,2.6283
-3.4475,-2.7861,-1.0532,-1.6594,-2.2291,2.4165,2.1935,2.5992
-3.5041,-2.7799,-1.0418,-1.6095,-2.2765,2.4383,2.1849,2.5695
-3.5597,-2.7733,-1.0302,-1.5591,-2.3237,2.4597,2.1759,2.539
-3.6143,-2.7662,-1.0185,-1.5084,-2.3705,2.4808,2.1666,2.508
-3.6679,-2.7587,-1.0067,-1.4574,-2.4171,2.5014,2.1569,2.4763
-3.7204,-2.7508,-0.9947,-1.406,-2.4633,2.5216,2.1468,2.4439
-3.7718,-2.7424,-0.98253,-1.3542,-2.5091,2.5414,2.1364,2.4109
-3.822,-2.7337,-0.97014,-1.3022,-2.5545,2.5607,2.1255,2.3774
-3.871,-2.7246,-0.95752,-1.2499,-2.5994,2.5796,2.1142,2.3432
-3.9187,-2.7151,-0.94466,-1.1973,-2.6438,2.5979,2.1025,2.3084
-3.9652,-2.7052,-0.93151,-1.1445,-2.6877,2.6158,2.0904,2.2731
-4.0102,-2.695,-0.91808,-1.0914,-2.7309,2.6332,2.0778,2.2372
-4.0539,-2.6844,-0.90433,-1.0381,-2.7736,2.65,2.0647,2.2008
-4.0961,-2.6734,-0.89024,-0.98469,-2.8156,2.6663,2.0511,2.1638
-4.1369,-2.6622,-0.8758,-0.93107,-2.8569,2.6821,2.0371,2.1263
-4.1761,-2.6506,-0.86098,-0.87729,-2.8974,2.6973,2.0225,2.0882
-4.2138,-2.6387,-0.84576,-0.82339,-2.9372,2.7119,2.0075,2.0497
-4.2499,-2.6265,-0.83013,-0.76937,-2.9762,2.7259,1.9919,2.0107
-4.2844,-2.6141,-0.81407,-0.71526,-3.0143,2.7394,1.9757,1.9712
-4.3172,-2.6013,-0.79755,-0.66108,-3.0516,2.7522,1.959,1.9312
-4.3483,-2.5883,-0.78057,-0.60684,-3.0879,2.7644,1.9417,1.8908
-4.3777,-2.575,-0.76309,-0.55256,-3.1233,2.776,1.9238,1.85
-4.4053,-2.5615,-0.74512,-0.49827,-3.1577,2.7869,1.9054,1.8087
-4.4311,-2.5478,-0.72662,-0.44397,-3.1912,2.7972,1.8863,1.767
-4.4551,-2.5338,-0.70759,-0.38969,-3.2235,2.8068,1.8666,1.7249
-4.4773,-2.5196,-0.688,-0.33546,-3.2549,2.8157,1.8463,1.6824
-4.4975,-2.5053,-0.66785,-0.28127,-3.2851,2.824,1.8254,1.6395
-4.5159,-2.4907,-0.64712,-0.22716,-3.3142,2.8315,1.8037,1.5963
-4.5323,-2.476,-0.62579,-0.17314,-3.3421,2.8384,1.7815,1.5527
-4.5468,-2.461,-0.60385,-0.11923,-3.3689,2.8445,1.7585,1.5088
-4.5593,-2.446,-0.58129,-0.065452,-3.3944,2.8499,1.7349,1.4645
-4.5699,-2.4308,-0.5581,-0.011816,-3.4188,2.8546,1.7105,1.42
-4.5784,-2.4154,-0.53427,0.041656,-3.4418,2.8586,1.6855,1.3751
-4.5849,-2.4,-0.50978,0.094947,-3.4636,2.8619,1.6597,1.33
-4.5893,-2.3844,-0.48463,0.14804,-3.4841,2.8644,1.6333,1.2845
-4.5917,-2.3687,-0.4588,0.20091,-3.5033,2.8662,1.6061,1.2388
-4.592,-2.3529,-0.43229,0.25355,-3.5212,2.8672,1.5781,1.1929
-4.5903,-2.3371,-0.40509,0.30594,-3.5377,2.8675,1.5494,1.1467
-4.5864,-2.3211,-0.3772,0.35806,-3.5528,2.867,1.5199,1.1003
-4.5805,-2.3052,-0.3486,0.40989,-3.5666,2.8658,1.4897,1.0537
-4.5725,-2.2891,-0.31929,0.46141,-3.5789,2.8639,1.4587,1.0069
-4.5624,-2.273,-0.28927,0.51262,-3.5899,2.8612,1.427,0.95984
-4.5501,-2.2569,-0.25853,0.56348,-3.5994,2.8577,1.3944,0.91264
-4.5358,-2.2408,-0.22706,0.61399,-3.6075,2.8536,1.3611,0.86528
-4.5194,-2.2247,-0.19488,0.66413,-3.6142,2.8486,1.3269,0.81776
-4.5009,-2.2085,-0.16196,0.71387,-3.6194,2.843,1.292,0.77011
-4.4802,-2.1924,-0.12832,0.76321,-3.6232,2.8366,1.2563,0.72232
-4.4575,-2.1763,-0.093953,0.81212,-3.6255,2.8295,1.2198,0.67442
-4.4327,-2.1602,-0.058858,0.86059,-3.6263,2.8216,1.1825,0.62641
-4.4058,-2.1441,-0.023037,0.9086,-3.6257,2.8131,1.1443,0.57831
-4.3769,-2.1281,0.013508,0.95614,-3.6237,2.8038,1.1054,0.53013
-4.3459,-2.1121,0.050774,1.0032,-3.6201,2.7938,1.0657,0.48188
-4.3129,-2.0961,0.088756,1.0497,-3.6152,2.7831,1.0251,0.43357
-4.2778,-2.0802,0.12745,1.0958,-3.6087,2.7718,0.98379,0.38522
-4.2408,-2.0644,0.16685,1.1412,-3.6008,2.7598,0.94165,0.33683
-4.2017,-2.0486,0.20696,1.1862,-3.5915,2.7471,0.89872,0.28842
-4.1607,-2.0329,0.24775,1.2305,-3.5807,2.7337,0.85499,0.24
-4.1178,-2.0173,0.28923,1.2743,-3.5685,2.7198,0.81047,0.19158
-4.0729,-2.0018,0.33139,1.3175,-3.5549,2.7052,0.76517,0.14318
-4.0261,-1.9863,0.37422,1.3601,-3.5398,2.6899,0.7191,0.094797
-3.9775,-1.9709,0.41771,1.402,-3.5234,2.6741,0.67225,0.046454
-3.927,-1.9556,0.46184,1.4433,-3.5056,2.6576,0.62464,-0.0018411
-3.8746,-1.9403,0.5066,1.4839,-3.4864,2.6406,0.57628,-0.050077
-3.8205,-1.9252,0.55199,1.5239,-3.4659,2.6231,0.52717,-0.098243
-3.7646,-1.9101,0.59799,1.5632,-3.444,2.6049,0.47733,-0.14633
-3.707,-1.8951,0.64458,1.6018,-3.4208,2.5863,0.42676,-0.19432
-3.6477,-1.8802,0.69175,1.6397,-3.3963,2.5671,0.37549,-0.2422
-3.5868,-1.8653,0.73948,1.6769,-3.3705,2.5474,0.32351,-0.28998
-3.5242,-1.8505,0.78776,1.7133,-3.3434,2.5273,0.27084,-0.33762
-3.46,-1.8358,0.83657,1.7491,-3.3151,2.5066,0.21751,-0.38513
-3.3943,-1.8212,0.8859,1.784,-3.2856,2.4855,0.16351,-0.43249
-3.3271,-1.8065,0.93571,1.8182,-3.2549,2.464,0.10888,-0.4797
-3.2584,-1.792,0.986,1.8517,-3.223,2.442,0.053619,-0.52674
-3.1882,-1.7775,1.0367,1.8843,-3.19,2.4197,-0.0022481,-0.57359
-3.1167,-1.763,1.0879,1.9162,-3.1558,2.3969,-0.058704,-0.62027
-3.0438,-1.7485,1.1395,1.9473,-3.1206,2.3738,-0.11573,-0.66674
-2.9696,-1.734,1.1915,1.9776,-3.0843,2.3503,-0.17331,-0.713
-2.8942,-1.7195,1.2438,2.0071,-3.0469,2.3264,-0.23141,-0.75905
-2.8176,-1.7051,1.2965,2.0358,-3.0085,2.3023,-0.29003,-0.80487
-2.7397,-1.6906,1.3495,2.0637,-2.9691,2.2778,-0.34913,-0.85045
-2.6608,-1.676,1.4027,2.0907,-2.9288,2.2531,-0.4087,-0.89579
-2.5808,-1.6614,1.4563,2.1169,-2.8875,2.228,-0.4687,-0.94087
-2.4997,-1.6468,1.5101,2.1423,-2.8454,2.2027,-0.52912,-0.98569
-2.4177,-1.632,1.5641,2.1669,-2.8024,2.1772,-0.58994,-1.0302
-2.3348,-1.6172,1.6183,2.1906,-2.7585,2.1514,-0.65111,-1.0745
-2.251,-1.6022,1.6726,2.2136,-2.7138,2.1255,-0.71263,-1.1185
-2.1663,-1.5872,1.7271,2.2356,-2.6684,2.0993,-0.77446,-1.1622
-2.0809,-1.5719,1.7816,2.2569,-2.6222,2.0729,-0.83658,-1.2055
-1.9948,-1.5566,1.8363,2.2773,-2.5753,2.0463,-0.89895,-1.2486
-1.908,-1.541,1.891,2.2969,-2.5277,2.0196,-0.96156,-1.2914
-1.8206,-1.5252,1.9457,2.3157,-2.4794,1.9928,-1.0244,-1.3338
-1.7326,-1.5092,2.0003,2.3337,-2.4306,1.9658,-1.0873,-1.3759
-1.6441,-1.493,2.0549,2.3508,-2.3811,1.9386,-1.1504,-1.4176
-1.5552,-1.4765,2.1095,2.3671,-2.3311,1.9114,-1.2137,-1.459
-1.4658,-1.4597,2.1639,2.3827,-2.2806,1.884,-1.277,-1.5001
-1.3761,-1.4426,2.2182,2.3974,-2.2296,1.8566,-1.3403,-1.5408
-1.2861,-1.4252,2.2722,2.4114,-2.1781,1.829,-1.4037,-1.5811
-1.1959,-1.4075,2.3261,2.4245,-2.1262,1.8014,-1.467,-1.6211
-1.1055,-1.3894,2.3797,2.4369,-2.0738,1.7737,-1.5303,-1.6607
-1.0149,-1.3709,2.4331,2.4485,-2.0212,1.746,-1.5935,-1.6999
-0.92429,-1.352,2.4861,2.4594,-1.9681,1.7182,-1.6566,-1.7387
-0.83364,-1.3326,2.5388,2.4696,-1.9148,1.6903,-1.7196,-1.7771
-0.74303,-1.3128,2.5911,2.479,-1.8612,1.6624,-1.7823,-1.8152
-0.65251,-1.2926,2.6429,2.4877,-1.8074,1.6344,-1.8449,-1.8528
-0.56212,-1.2718,2.6943,2.4957,-1.7533,1.6064,-1.9072,-1.89
-0.47194,-1.2506,2.7453,2.503,-1.6991,1.5784,-1.9692,-1.9269
-0.382,-1.2288,2.7957,2.5096,-1.6447,1.5503,-2.0309,-1.9633
-0.29237,-1.2064,2.8455,2.5155,-1.5902,1.5222,-2.0923,-1.9993
-0.2031,-1.1835,2.8948,2.5209,-1.5355,1.4941,-2.1532,-2.0349
-0.11424,-1.16,2.9434,2.5255,-1.4808,1.4659,-2.2138,-2.07
-0.025839,-1.1359,2.9913,2.5296,-1.4261,1.4378,-2.2738,-2.1047
0.06204,-1.1111,3.0386,2.5331,-1.3713,1.4095,-2.3334,-2.139
0.14935,-1.0857,3.0851,2.536,-1.3166,1.3813,-2.3925,-2.1729
0.23604,-1.0597,3.1308,2.5383,-1.2618,1.353,-2.451,-2.2063
0.32205,-1.0329,3.1758,2.5401,-1.2072,1.3247,-2.5089,-2.2393
0.40735,-1.0055,3.2199,2.5413,-1.1526,1.2963,-2.5662,-2.2718
0.49187,-0.97735,3.2631,2.5421,-1.0981,1.2679,-2.6229,-2.3039
0.57556,-0.94849,3.3054,2.5423,-1.0438,1.2394,-2.6788,-2.3356
0.65839,-0.9189,3.3468,2.5421,-0.98963,1.2109,-2.734,-2.3668
0.74029,-0.88857,3.3872,2.5415,-0.93563,1.1824,-2.7885,-2.3975
0.82122,-0.85749,3.4266,2.5404,-0.88184,1.1537,-2.8421,-2.4278
0.90114,-0.82564,3.4649,2.5389,-0.82828,1.1251,-2.895,-2.4576
0.98,-0.79302,3.5022,2.537,-0.77496,1.0963,-2.947,-2.4869
1.0578,-0.75963,3.5384,2.5347,-0.72191,1.0675,-2.9981,-2.5158
1.1344,-0.72545,3.5734,2.5321,-0.66915,1.0385,-3.0482,-2.5442
1.2098,-0.69048,3.6072,2.5291,-0.61669,1.0095,-3.0975,-2.5722
1.2839,-0.65473,3.6399,2.5259,-0.56457,0.98043,-3.1457,-2.5996
1.3568,-0.61818,3.6713,2.5223,-0.51279,0.95122,-3.193,-2.6266
1.4284,-0.58084,3.7014,2.5185,-0.46137,0.9219,-3.2392,-2.6531
1.4986,-0.54271,3.7303,2.5144,-0.41034,0.89246,-3.2843,-2.6791
1.5674,-0.50379,3.7578,2.51,-0.3597,0.86289,-3.3284,-2.7046
1.6348,-0.46408,3.784,2.5055,-0.30949,0.8332,-3.3713,-2.7296
1.7007,-0.4236,3.8088,2.5008,-0.25971,0.80336,-3.4131,-2.7541
1.765,-0.38234,3.8321,2.4958,-0.21037,0.77338,-3.4537,-2.7781
1.8279,-0.34031,3.8541,2.4907,-0.16151,0.74325,-3.493,-2.8016
1.8892,-0.29752,3.8746,2.4855,-0.11312,0.71295,-3.5312,-2.8246
1.9488,-0.25399,3.8936,2.4801,-0.065226,0.68249,-3.5681,-2.847
2.0068,-0.20973,3.9111,2.4747,-0.017842,0.65185,-3.6038,-2.869
2.0632,-0.16474,3.9271,2.4691,0.029021,0.62104,-3.6381,-2.8904
2.1179,-0.11904,3.9415,2.4634,0.075348,0.59004,-3.6711,-2.9113
2.1708,-0.072658,3.9543,2.4577,0.12113,0.55885,-3.7028,-2.9316
2.222,-0.0256,3.9655,2.4519,0.16635,0.52746,-3.7331,-2.9515
2.2714,0.022113,3.9752,2.4461,0.21099,0.49587,-3.762,-2.9707
2.3191,0.07046,3.9832,2.4402,0.25506,0.46407,-3.7895,-2.9894
2.3649,0.11942,3.9895,2.4344,0.29852,0.43205,-3.8156,-3.0076
2.4089,0.16897,3.9941,2.4285,0.34139,0.39983,-3.8403,-3.0252
2.451,0.21909,3.9971,2.4226,0.38363,0.36738,-3.8635,-3.0422
2.4913,0.26975,3.9984,2.4168,0.42526,0.33471,-3.8852,-3.0587
2.5297,0.32092,3.9979,2.4109,0.46624,0.30181,-3.9055,-3.0745
2.5662,0.37258,3.9958,2.4051,0.50659,0.26869,-3.9242,-3.0898
2.6008,0.42471,3.9918,2.3993,0.54628,0.23533,-3.9414,-3.1045
2.6335,0.47726,3.9862,2.3936,0.58531,0.20174,-3.9571,-3.1186
2.6643,0.53022,3.9787,2.3879,0.62367,0.16792,-3.9712,-3.132
2.6932,0.58354,3.9695,2.3822,0.66136,0.13387,-3.9838,-3.1449
2.7201,0.63721,3.9585,2.3766,0.69836,0.099583,-3.9949,-3.1571
2.7451,0.69118,3.9458,2.3711,0.73468,0.065064,-4.0043,-3.1688
2.7682,0.74542,3.9312,2.3656,0.7703,0.030315,-4.0122,-3.1797
2.7893,0.7999,3.9149,2.3602,0.80522,-0.0046641,-4.0185,-3.1901
2.8085,0.85458,3.8967,2.3548,0.83943,-0.03987,-4.0232,-3.1997
2.8258,0.90944,3.8768,2.3495,0.87293,-0.0753,-4.0263,-3.2088
2.8412,0.96442,3.855,2.3443,0.90571,-0.11095,-4.0278,-3.2171
2.8546,1.0195,3.8315,2.3391,0.93778,-0.14682,-4.0278,-3.2248
2.8662,1.0747,3.8061,2.3339,0.96912,-0.1829,-4.0261,-3.2319
2.8759,1.1298,3.779,2.3288,0.99973,-0.21918,-4.0228,-3.2382
2.8837,1.185,3.7501,2.3237,1.0296,-0.25567,-4.0179,-3.2439
2.8896,1.2401,3.7194,2.3186,1.0588,-0.29235,-4.0114,-3.2488
2.8937,1.2951,3.687,2.3136,1.0872,-0.32923,-4.0033,-3.2531
2.896,1.35,3.6527,2.3086,1.1149,-0.36628,-3.9936,-3.2566
2.8965,1.4047,3.6168,2.3036,1.1418,-0.40351,-3.9824,-3.2594
2.8952,1.4593,3.579,2.2985,1.168,-0.44091,-3.9695,-3.2615
2.8921,1.5136,3.5396,2.2935,1.1935,-0.47846,-3.9551,-3.2629
2.8873,1.5676,3.4984,2.2884,1.2182,-0.51616,-3.9391,-3.2636
2.8808,1.6213,3.4556,2.2833,1.2422,-0.55401,-3.9216,-3.2635
2.8727,1.6747,3.4111,2.2781,1.2655,-0.59198,-3.9025,-3.2627
2.8629,1.7277,3.3649,2.2729,1.2881,-0.63007,-3.8819,-3.2611
2.8514,1.7803,3.317,2.2676,1.3099,-0.66828,-3.8598,-3.2588
2.8384,1.8325,3.2676,2.2622,1.331,-0.70658,-3.8362,-3.2557
2.8239,1.8841,3.2165,2.2567,1.3513,-0.74497,-3.8111,-3.2519
2.8078,1.9353,3.1639,2.251,1.371,-0.78344,-3.7845,-3.2473
2.7903,1.9859,3.1098,2.2453,1.3899,-0.82197,-3.7565,-3.242
2.7713,2.0359,3.0541,2.2393,1.4082,-0.86056,-3.7271,-3.2359
2.7509,2.0854,2.9969,2.2332,1.4257,-0.89919,-3.6962,-3.229
2.7292,2.1342,2.9383,2.227,1.4425,-0.93785,-3.664,-3.2214
2.7062,2.1823,2.8782,2.2205,1.4587,-0.97653,-3.6304,-3.213
2.682,2.2297,2.8167,2.2138,1.4742,-1.0152,-3.5955,-3.2039
2.6565,2.2764,2.7539,2.2068,1.489,-1.0539,-3.5592,-3.194
2.6298,2.3224,2.6897,2.1997,1.5032,-1.0926,-3.5217,-3.1834
2.602,2.3675,2.6243,2.1922,1.5167,-1.1312,-3.4829,-3.172
2.5732,2.4119,2.5575,2.1845,1.5295,-1.1698,-3.4429,-3.1598
2.5433,2.4555,2.4896,2.1764,1.5418,-1.2083,-3.4018,-3.1469
2.5125,2.4982,2.4205,2.1681,1.5534,-1.2468,-3.3594,-3.1333
2.4807,2.5401,2.3502,2.1594,1.5644,-1.2851,-3.3159,-3.1189
2.4481,2.5811,2.2788,2.1503,1.5749,-1.3234,-3.2714,-3.1038
2.4147,2.6212,2.2064,2.1409,1.5848,-1.3616,-3.2257,-3.088
2.3805,2.6603,2.133,2.1311,1.5941,-1.3997,-3.1791,-3.0715
2.3456,2.6986,2.0586,2.1209,1.6028,-1.4376,-3.1315,-3.0543
2.31,2.7358,1.9832,2.1103,1.611,-1.4754,-3.0829,-3.0363
2.2739,2.7722,1.907,2.0993,1.6188,-1.513,-3.0334,-3.0177
2.2372,2.8075,1.83,2.0878,1.626,-1.5505,-2.983,-2.9985
2.2,2.8419,1.7522,2.0758,1.6327,-1.5878,-2.9318,-2.9785
2.1625,2.8753,1.6737,2.0634,1.639,-1.6249,-2.8799,-2.9579
2.1245,2.9076,1.5944,2.0506,1.6448,-1.6619,-2.8271,-2.9367
2.0863,2.939,1.5146,2.0372,1.6502,-1.6986,-2.7737,-2.9149
2.0478,2.9694,1.4342,2.0233,1.6552,-1.7351,-2.7196,-2.8925
2.0091,2.9987,1.3532,2.0089,1.6598,-1.7714,-2.665,-2.8695
1.9703,3.027,1.2718,1.994,1.6641,-1.8074,-2.6097,-2.8459
1.9314,3.0543,1.1899,1.9786,1.668,-1.8432,-2.5539,-2.8217
1.8924,3.0805,1.1077,1.9626,1.6716,-1.8788,-2.4977,-2.7971
1.8536,3.1057,1.0252,1.946,1.6749,-1.9141,-2.441,-2.7719
1.8148,3.1299,0.94245,1.929,1.6779,-1.9491,-2.384,-2.7462
1.7762,3.1531,0.85948,1.9113,1.6806,-1.9839,-2.3266,-2.72
1.7377,3.1753,0.77637,1.8931,1.6832,-2.0183,-2.269,-2.6934
1.6996,3.1964,0.69317,1.8743,1.6855,-2.0525,-2.2111,-2.6664
1.6618,3.2165,0.60994,1.8549,1.6876,-2.0864,-2.153,-2.6389
1.6244,3.2356,0.52673,1.835,1.6896,-2.12,-2.0948,-2.6111
1.5873,3.2537,0.44361,1.8144,1.6914,-2.1533,-2.0365,-2.5829
1.5508,3.2709,0.36063,1.7933,1.6932,-2.1862,-1.9782,-2.5544
1.5149,3.287,0.27785,1.7717,1.6948,-2.2189,-1.9199,-2.5255
1.4795,3.3022,0.19532,1.7494,1.6964,-2.2512,-1.8617,-2.4964
1.4447,3.3164,0.1131,1.7266,1.6979,-2.2832,-1.8036,-2.467
1.4107,3.3296,0.031254,1.7032,1.6995,-2.3149,-1.7456,-2.4374
1.3774,3.3419,-0.05017,1.6792,1.701,-2.3462,-1.6879,-2.4075
1.3449,3.3533,-0.13111,1.6546,1.7026,-2.3772,-1.6305,-2.3775
1.3133,3.3637,-0.21152,1.6295,1.7043,-2.4079,-1.5733,-2.3473
1.2825,3.3733,-0.29132,1.6039,1.706,-2.4382,-1.5165,-2.317
1.2527,3.3819,-0.37048,1.5777,1.7079,-2.4681,-1.4602,-2.2865
1.2238,3.3897,-0.44893,1.5509,1.7099,-2.4978,-1.4043,-2.256
