0.53153,-0.60455,1.6459,-1.0989,0.76452,0.53066,-0.94018,0.44985
0.46147,-0.55474,1.5889,-1.0701,0.72977,0.5218,-0.90772,0.44039
0.39119,-0.50419,1.5313,-1.0399,0.69502,0.512,-0.87521,0.43003
0.3207,-0.45296,1.4732,-1.0082,0.66026,0.50131,-0.84262,0.41879
0.25002,-0.40111,1.4145,-0.97526,0.6255,0.48975,-0.80996,0.4067
0.17918,-0.3487,1.3553,-0.94098,0.59071,0.47734,-0.77722,0.39379
0.10821,-0.29579,1.2956,-0.90544,0.55591,0.46412,-0.7444,0.38011
0.037119,-0.24243,1.2353,-0.86866,0.52108,0.45012,-0.71147,0.36567
-0.034057,-0.18871,1.1745,-0.83071,0.48623,0.43537,-0.67845,0.35053
-0.10529,-0.13466,1.1133,-0.79161,0.45133,0.4199,-0.64532,0.33471
-0.17657,-0.080373,1.0515,-0.75143,0.41641,0.40375,-0.61207,0.31825
-0.24784,-0.025896,0.98934,-0.71019,0.38143,0.38695,-0.5787,0.30119
-0.3191,0.028701,0.92668,-0.66795,0.34641,0.36955,-0.54521,0.28357
-0.3903,0.083354,0.86359,-0.62477,0.31135,0.35156,-0.51158,0.26543
-0.46142,0.138,0.80008,-0.58069,0.27622,0.33304,-0.47781,0.24681
-0.53243,0.19256,0.73616,-0.53575,0.24104,0.31402,-0.4439,0.22775
-0.60329,0.24698,0.67185,-0.49003,0.2058,0.29454,-0.40984,0.20829
-0.67397,0.30119,0.60718,-0.44356,0.1705,0.27464,-0.37562,0.18847
-0.74444,0.35513,0.54216,-0.39642,0.13514,0.25435,-0.34125,0.16835
-0.81466,0.40872,0.4768,-0.34864,0.099703,0.23372,-0.30671,0.14795
-0.8846,0.46189,0.41114,-0.30029,0.064204,0.21278,-0.272,0.12733
-0.95423,0.5146,0.34519,-0.25143,0.028637,0.19159,-0.23713,0.10653
-1.0235,0.56676,0.27898,-0.20211,-0.0069978,0.17017,-0.20208,0.085589
-1.0924,0.61831,0.21252,-0.15241,-0.0427,0.14857,-0.16686,0.064557
-1.1608,0.66918,0.14584,-0.10237,-0.078468,0.12684,-0.13146,0.043476
-1.2288,0.71931,0.078967,-0.052052,-0.1143,0.105,-0.095887,0.022392
-1.2962,0.76864,0.011926,-0.0015285,-0.15019,0.083117,-0.060136,0.0013478
-1.3632,0.8171,-0.055257,0.049143,-0.18615,0.061217,-0.02421,-0.019611
-1.4295,0.86463,-0.12255,0.099899,-0.22216,0.039346,0.011891,-0.04044
-1.4952,0.91116,-0.18994,0.15068,-0.25822,0.017545,0.048164,-0.061096
-1.5602,0.95663,-0.25738,0.20141,-0.29433,-0.0041442,0.084607,-0.081535
-1.6245,1.001,-0.32485,0.25205,-0.33047,-0.02568,0.12122,-0.10171
-1.688,1.0442,-0.39231,0.30251,-0.36666,-0.047022,0.15798,-0.12159
-1.7508,1.0861,-0.45974,0.35274,-0.40286,-0.06813,0.19491,-0.14112
-1.8127,1.1268,-0.52711,0.40267,-0.43909,-0.088962,0.23198,-0.16026
-1.8736,1.1661,-0.59437,0.45224,-0.47533,-0.10948,0.2692,-0.17897
-1.9337,1.204,-0.66149,0.50139,-0.51157,-0.12964,0.30655,-0.19721
-1.9928,1.2404,-0.72844,0.55004,-0.54779,-0.14941,0.34402,-0.21494
-2.0508,1.2754,-0.79519,0.59815,-0.584,-0.16875,0.38161,-0.23212
-2.1078,1.3087,-0.86169,0.64564,-0.62017,-0.18761,0.4193,-0.24871
-2.1637,1.3405,-0.92791,0.69245,-0.65629,-0.20598,0.45708,-0.26468
-2.2184,1.3706,-0.99382,0.73852,-0.69235,-0.2238,0.49495,-0.27999
-2.2719,1.399,-1.0594,0.7838,-0.72834,-0.24104,0.53287,-0.2946
-2.3241,1.4257,-1.1245,0.8282,-0.76424,-0.25767,0.57085,-0.30849
-2.3751,1.4506,-1.1892,0.87169,-0.80003,-0.27365,0.60886,-0.32161
-2.4247,1.4737,-1.2534,0.91419,-0.8357,-0.28896,0.64689,-0.33393
-2.4729,1.4949,-1.3171,0.95566,-0.87122,-0.30356,0.68492,-0.34543
-2.5197,1.5143,-1.3803,0.99603,-0.90659,-0.31741,0.72293,-0.35607
-2.565,1.5317,-1.4428,1.0352,-0.94177,-0.3305,0.7609,-0.36584
-2.6088,1.5471,-1.5047,1.0732,-0.97676,-0.34279,0.79881,-0.37469
-2.651,1.5606,-1.5659,1.11,-1.0115,-0.35426,0.83664,-0.38261
-2.6916,1.5721,-1.6264,1.1454,-1.046,-0.36488,0.87437,-0.38958
-2.7306,1.5815,-1.6861,1.1795,-1.0803,-0.37462,0.91197,-0.39557
-2.7679,1.5889,-1.7449,1.2121,-1.1143,-0.38347,0.94942,-0.40056
-2.8035,1.5943,-1.8029,1.2433,-1.1479,-0.3914,0.98669,-0.40453
-2.8373,1.5975,-1.86,1.2729,-1.1812,-0.39839,1.0238,-0.40747
-2.8693,1.5986,-1.9161,1.301,-1.2142,-0.40443,1.0606,-0.40936
-2.8995,1.5977,-1.9712,1.3275,-1.2468,-0.40949,1.0972,-0.41019
-2.9278,1.5946,-2.0252,1.3524,-1.2789,-0.41356,1.1335,-0.40995
-2.9542,1.5894,-2.0782,1.3756,-1.3107,-0.41663,1.1695,-0.40862
-2.9786,1.5821,-2.13,1.397,-1.3419,-0.41868,1.2051,-0.40621
-3.0011,1.5727,-2.1806,1.4167,-1.3727,-0.4197,1.2404,-0.4027
-3.0215,1.5611,-2.23,1.4346,-1.403,-0.41969,1.2753,-0.39808
-3.0399,1.5475,-2.2781,1.4507,-1.4327,-0.41863,1.3098,-0.39237
-3.0563,1.5317,-2.3248,1.465,-1.4618,-0.41652,1.3437,-0.38554
-3.0706,1.5139,-2.3703,1.4773,-1.4903,-0.41336,1.3772,-0.37762
-3.0827,1.494,-2.4143,1.4878,-1.5182,-0.40914,1.4102,-0.36859
-3.0927,1.472,-2.4568,1.4963,-1.5454,-0.40386,1.4426,-0.35847
-3.1005,1.448,-2.4979,1.5028,-1.5719,-0.39753,1.4744,-0.34727
-3.1062,1.422,-2.5374,1.5074,-1.5978,-0.39014,1.5056,-0.33498
-3.1096,1.394,-2.5753,1.51,-1.6228,-0.38169,1.5361,-0.32162
-3.1108,1.364,-2.6116,1.5107,-1.6471,-0.37221,1.5659,-0.30721
-3.1098,1.3321,-2.6463,1.5093,-1.6706,-0.36169,1.595,-0.29176
-3.1065,1.2983,-2.6793,1.5059,-1.6932,-0.35013,1.6234,-0.27527
-3.101,1.2627,-2.7105,1.5004,-1.715,-0.33757,1.6509,-0.25779
-3.0932,1.2252,-2.7399,1.493,-1.7359,-0.32399,1.6777,-0.23931
-3.0832,1.186,-2.7676,1.4835,-1.7559,-0.30943,1.7036,-0.21986
-3.0708,1.1451,-2.7934,1.472,-1.7749,-0.2939,1.7286,-0.19947
-3.0562,1.1025,-2.8173,1.4585,-1.793,-0.27741,1.7526,-0.17816
-3.0392,1.0582,-2.8393,1.4429,-1.81,-0.25998,1.7758,-0.15596
-3.02,1.0124,-2.8594,1.4254,-1.826,-0.24164,1.7979,-0.13289
-2.9985,0.96508,-2.8775,1.4058,-1.841,-0.22241,1.819,-0.10899
-2.9747,0.91629,-2.8936,1.3843,-1.8548,-0.20231,1.8391,-0.084282
-2.9487,0.86611,-2.9077,1.3609,-1.8676,-0.18137,1.8581,-0.058804
-2.9203,0.81459,-2.9197,1.3355,-1.8792,-0.15962,1.876,-0.032589
-2.8897,0.7618,-2.9297,1.3082,-1.8897,-0.13708,1.8927,-0.0056736
-2.8569,0.70781,-2.9376,1.279,-1.899,-0.11379,1.9083,0.021906
-2.8219,0.65269,-2.9433,1.2479,-1.9071,-0.08978,1.9227,0.050111
-2.7846,0.59652,-2.947,1.2151,-1.914,-0.06508,1.9359,0.078901
-2.7451,0.53936,-2.9485,1.1804,-1.9197,-0.039727,1.9479,0.10824
-2.7035,0.48129,-2.9478,1.144,-1.924,-0.013758,1.9586,0.13807
-2.6597,0.42239,-2.945,1.1059,-1.9271,0.012789,1.968,0.16837
-2.6137,0.36275,-2.94,1.0661,-1.9289,0.039875,1.976,0.19908
-2.5657,0.30243,-2.9328,1.0247,-1.9294,0.067461,1.9828,0.23015
-2.5156,0.24153,-2.9234,0.98171,-1.9286,0.095503,1.9882,0.26155
-2.4634,0.18013,-2.9118,0.9372,-1.9264,0.12396,1.9922,0.29322
-2.4092,0.11831,-2.898,0.89122,-1.9228,0.15279,1.9948,0.32512
-2.3531,0.056171,-2.8819,0.84382,-1.9179,0.18194,1.996,0.35719
-2.295,-0.0062116,-2.8637,0.79505,-1.9115,0.21138,1.9958,0.38939
-2.2349,-0.068743,-2.8433,0.74499,-1.9038,0.24104,1.9941,0.42166
-2.173,-0.13133,-2.8207,0.69369,-1.8947,0.27089,1.9909,0.45395
-2.1093,-0.19389,-2.7958,0.64121,-1.8841,0.30088,1.9863,0.48622
-2.0437,-0.25633,-2.7688,0.58763,-1.8721,0.33096,1.9802,0.5184
-1.9764,-0.31854,-2.7397,0.533,-1.8587,0.36107,1.9726,0.55045
-1.9074,-0.38045,-2.7083,0.47741,-1.8438,0.39116,1.9635,0.58231
-1.8367,-0.44196,-2.6749,0.42092,-1.8275,0.42119,1.9528,0.61393
-1.7644,-0.50296,-2.6393,0.36361,-1.8098,0.4511,1.9406,0.64525
-1.6905,-0.56338,-2.6015,0.30555,-1.7906,0.48084,1.9269,0.67622
-1.6151,-0.62311,-2.5617,0.24683,-1.7699,0.51035,1.9117,0.70679
-1.5381,-0.68207,-2.5199,0.18751,-1.7478,0.53958,1.8949,0.7369
-1.4598,-0.74015,-2.4759,0.12768,-1.7242,0.56849,1.8766,0.7665
-1.3801,-0.79727,-2.43,0.067433,-1.6992,0.597,1.8567,0.79552
-1.299,-0.85333,-2.3821,0.0068391,-1.6728,0.62508,1.8353,0.82393
-1.2166,-0.90825,-2.3322,-0.054013,-1.6449,0.65266,1.8123,0.85166
-1.133,-0.96193,-2.2803,-0.11504,-1.6155,0.67968,1.7878,0.87866
-1.0483,-1.0143,-2.2266,-0.17615,-1.5848,0.70611,1.7618,0.90488
-0.96238,-1.0652,-2.171,-0.23726,-1.5526,0.73188,1.7342,0.93027
-0.87541,-1.1147,-2.1136,-0.29827,-1.519,0.75693,1.7051,0.95477
-0.78744,-1.1625,-2.0543,-0.35911,-1.4839,0.78122,1.6744,0.97833
-0.6985,-1.2087,-1.9933,-0.41968,-1.4475,0.80468,1.6423,1.0009
-0.60866,-1.2531,-1.9306,-0.47989,-1.4097,0.82727,1.6086,1.0224
-0.51797,-1.2957,-1.8662,-0.53966,-1.3706,0.84894,1.5734,1.0429
-0.42649,-1.3364,-1.8002,-0.59888,-1.33,0.86963,1.5368,1.0622
-0.33427,-1.3751,-1.7325,-0.65748,-1.2882,0.88929,1.4986,1.0803
-0.24137,-1.4117,-1.6633,-0.71536,-1.245,0.90787,1.4591,1.0972
-0.14785,-1.4462,-1.5926,-0.77242,-1.2005,0.92532,1.418,1.1128
-0.053757,-1.4785,-1.5205,-0.82859,-1.1547,0.9416,1.3756,1.1271
0.040842,-1.5086,-1.4469,-0.88378,-1.1076,0.95664,1.3317,1.14
0.13589,-1.5362,-1.3719,-0.93789,-1.0592,0.97042,1.2865,1.1516
0.23134,-1.5616,-1.2956,-0.99083,-1.0097,0.98287,1.2398,1.1616
0.32713,-1.5844,-1.218,-1.0425,-0.95889,0.99397,1.1918,1.1702
0.4232,-1.6048,-1.1393,-1.0929,-0.90691,1.0037,1.1425,1.1773
0.5195,-1.6225,-1.0593,-1.1418,-0.85377,1.0119,1.0919,1.1828
0.61597,-1.6377,-0.9782,-1.1893,-0.79947,1.0186,1.04,1.1868
0.71255,-1.6503,-0.89604,-1.2351,-0.74405,1.0239,0.98676,1.1891
0.8092,-1.6601,-0.81285,-1.2793,-0.68754,1.0275,0.93234,1.1897
0.90584,-1.6672,-0.72869,-1.3218,-0.62996,1.0296,0.8767,1.1887
1.0024,-1.6715,-0.64361,-1.3624,-0.57134,1.03,0.81987,1.1859
1.0989,-1.6731,-0.55767,-1.4012,-0.5117,1.0288,0.76188,1.1814
1.1953,-1.6718,-0.47091,-1.438,-0.45107,1.0259,0.70276,1.1752
1.2914,-1.6677,-0.38339,-1.4727,-0.38949,1.0212,0.64254,1.1671
1.3872,-1.6607,-0.29517,-1.5054,-0.32698,1.0148,0.58125,1.1573
1.4827,-1.6509,-0.20629,-1.5359,-0.26357,1.0066,0.51892,1.1457
1.5779,-1.6381,-0.11682,-1.5641,-0.1993,0.99668,0.45557,1.1322
1.6726,-1.6224,-0.026798,-1.5901,-0.1342,0.9849,0.39126,1.1168
1.7669,-1.6039,0.063714,-1.6138,-0.068303,0.97129,0.32599,1.0996
1.8606,-1.5824,0.15466,-1.635,-0.0016366,0.95584,0.25982,1.0806
1.9537,-1.5581,0.246,-1.6538,0.065761,0.93852,0.19277,1.0596
2.0462,-1.5308,0.33766,-1.67,0.13385,0.91934,0.12489,1.0368
2.138,-1.5007,0.42961,-1.6838,0.20261,0.89828,0.056196,1.0121
2.2291,-1.4677,0.52177,-1.6949,0.27199,0.87534,-0.01326,0.98556
2.3195,-1.4319,0.61411,-1.7035,0.34195,0.85052,-0.083446,0.9571
2.409,-1.3932,0.70657,-1.7093,0.41247,0.82381,-0.15432,0.92678
2.4976,-1.3518,0.79909,-1.7125,0.48349,0.79521,-0.22585,0.89459
2.5853,-1.3076,0.89162,-1.713,0.55499,0.76474,-0.29799,0.86054
2.6721,-1.2607,0.98412,-1.7107,0.62693,0.7324,-0.37071,0.82465
2.7578,-1.2111,1.0765,-1.7056,0.69926,0.69819,-0.44396,0.78693
2.8425,-1.1588,1.1688,-1.6978,0.77194,0.66214,-0.51769,0.7474
2.9261,-1.104,1.2608,-1.6872,0.84493,0.62424,-0.59188,0.70608
3.0085,-1.0467,1.3527,-1.6738,0.9182,0.58454,-0.66648,0.66299
3.0898,-0.98681,1.4442,-1.6575,0.9917,0.54303,-0.74144,0.61815
3.1699,-0.92455,1.5354,-1.6385,1.0654,0.49975,-0.81673,0.57158
3.2486,-0.85991,1.6262,-1.6166,1.1392,0.45472,-0.89229,0.52333
3.3261,-0.79298,1.7165,-1.5919,1.2132,0.40797,-0.96809,0.47341
3.4022,-0.72382,1.8064,-1.5645,1.2872,0.35953,-1.0441,0.42187
3.477,-0.65249,1.8957,-1.5342,1.3612,0.30942,-1.1202,0.36873
3.5503,-0.57908,1.9844,-1.5012,1.4352,0.25769,-1.1965,0.31404
3.6222,-0.50366,2.0725,-1.4654,1.5091,0.20438,-1.2727,0.25783
3.6926,-0.42632,2.1599,-1.4269,1.5829,0.14952,-1.349,0.20015
3.7614,-0.34712,2.2465,-1.3857,1.6565,0.093149,-1.4253,0.14104
3.8287,-0.26616,2.3324,-1.3419,1.7299,0.035321,-1.5015,0.080537
3.8943,-0.18353,2.4175,-1.2954,1.8031,-0.023922,-1.5776,0.018701
3.9584,-0.099314,2.5017,-1.2463,1.876,-0.084531,-1.6534,-0.044422
4.0207,-0.013607,2.5849,-1.1947,1.9485,-0.14646,-1.7291,-0.10878
4.0814,0.073498,2.6673,-1.1405,2.0207,-0.20964,-1.8045,-0.17432
4.1404,0.1619,2.7486,-1.084,2.0924,-0.27403,-1.8796,-0.241
4.1975,0.25151,2.8289,-1.025,2.1637,-0.33958,-1.9543,-0.30874
4.2529,0.34223,2.9081,-0.96364,2.2344,-0.40622,-2.0286,-0.3775
4.3065,0.43394,2.9861,-0.90002,2.3045,-0.47388,-2.1024,-0.44721
4.3582,0.52656,3.063,-0.83419,2.3741,-0.54252,-2.1757,-0.51781
4.4081,0.61997,3.1387,-0.76619,2.4429,-0.61207,-2.2485,-0.58925
4.4561,0.71407,3.2131,-0.6961,2.5111,-0.68246,-2.3207,-0.66145
4.5021,0.80876,3.2863,-0.62399,2.5785,-0.75362,-2.3923,-0.73435
4.5462,0.90392,3.3581,-0.54994,2.6451,-0.82549,-2.4631,-0.8079
4.5883,0.99946,3.4285,-0.47402,2.7109,-0.89799,-2.5332,-0.88201
4.6285,1.0953,3.4975,-0.39631,2.7758,-0.97107,-2.6025,-0.95662
4.6666,1.1912,3.5651,-0.3169,2.8398,-1.0446,-2.671,-1.0317
4.7027,1.2872,3.6312,-0.23586,2.9028,-1.1186,-2.7387,-1.1071
4.7367,1.3832,3.6958,-0.15328,2.9647,-1.193,-2.8053,-1.1828
4.7687,1.4789,3.7588,-0.069258,3.0256,-1.2676,-2.8711,-1.2587
4.7986,1.5744,3.8202,0.016123,3.0855,-1.3424,-2.9358,-1.3348
4.8264,1.6695,3.8801,0.10277,3.1441,-1.4174,-2.9995,-1.411
4.8521,1.7641,3.9382,0.19059,3.2016,-1.4924,-3.062,-1.4872
4.8757,1.8582,3.9947,0.27948,3.2579,-1.5674,-3.1234,-1.5633
4.8971,1.9515,4.0494,0.36935,3.3129,-1.6423,-3.1837,-1.6392
4.9163,2.044,4.1024,0.4601,3.3666,-1.717,-3.2427,-1.715
4.9334,2.1356,4.1536,0.55163,3.419,-1.7914,-3.3004,-1.7905
4.9483,2.2261,4.203,0.64383,3.47,-1.8656,-3.3568,-1.8657
4.9611,2.3156,4.2505,0.73661,3.5196,-1.9393,-3.4119,-1.9404
4.9716,2.4039,4.2962,0.82987,3.5677,-2.0125,-3.4656,-2.0146
4.98,2.4908,4.34,0.92349,3.6144,-2.0852,-3.5179,-2.0883
4.9861,2.5763,4.3818,1.0174,3.6595,-2.1573,-3.5687,-2.1613
4.9901,2.6604,4.4217,1.1114,3.7031,-2.2286,-3.618,-2.2337
4.9918,2.7428,4.4596,1.2055,3.7451,-2.2992,-3.6657,-2.3052
4.9914,2.8236,4.4955,1.2996,3.7855,-2.3689,-3.7119,-2.3759
4.9887,2.9026,4.5294,1.3935,3.8242,-2.4377,-3.7565,-2.4458
4.9838,2.9797,4.5613,1.4871,3.8613,-2.5055,-3.7995,-2.5146
4.9767,3.055,4.5911,1.5804,3.8967,-2.5722,-3.8407,-2.5824
4.9674,3.1282,4.6188,1.6732,3.9303,-2.6378,-3.8803,-2.6491
4.9559,3.1993,4.6443,1.7654,3.9623,-2.7023,-3.9182,-2.7146
4.9422,3.2683,4.6678,1.857,3.9924,-2.7654,-3.9542,-2.7789
4.9263,3.335,4.6891,1.9478,4.0207,-2.8272,-3.9885,-2.8419
4.9082,3.3994,4.7083,2.0377,4.0473,-2.8876,-4.021,-2.9036
4.8879,3.4615,4.7253,2.1266,4.0719,-2.9466,-4.0517,-2.9639
4.8655,3.5211,4.7401,2.2145,4.0948,-3.004,-4.0805,-3.0227
4.8409,3.5783,4.7527,2.3012,4.1157,-3.0599,-4.1074,-3.08
4.8142,3.6329,4.7631,2.3866,4.1348,-3.1141,-4.1324,-3.1357
4.7853,3.6849,4.7713,2.4706,4.152,-3.1667,-4.1555,-3.1898
4.7543,3.7343,4.7772,2.5532,4.1673,-3.2175,-4.1766,-3.2422
4.7212,3.781,4.7809,2.6342,4.1806,-3.2666,-4.1958,-3.2929
4.686,3.825,4.7824,2.7137,4.192,-3.3138,-4.213,-3.3419
4.6488,3.8662,4.7816,2.7914,4.2015,-3.3592,-4.2282,-3.389
4.6095,3.9047,4.7785,2.8672,4.209,-3.4026,-4.2414,-3.4343
4.5682,3.9403,4.7732,2.9412,4.2146,-3.4441,-4.2526,-3.4778
4.5248,3.973,4.7656,3.0133,4.2182,-3.4836,-4.2618,-3.5192
4.4795,4.0029,4.7557,3.0833,4.2199,-3.521,-4.2689,-3.5588
4.4322,4.0299,4.7436,3.1512,4.2195,-3.5564,-4.274,-3.5963
4.3829,4.054,4.7292,3.2168,4.2173,-3.5897,-4.277,-3.6318
4.3318,4.0751,4.7125,3.2803,4.2131,-3.6209,-4.278,-3.6653
4.2787,4.0933,4.6936,3.3414,4.2069,-3.6499,-4.2769,-3.6967
4.2238,4.1086,4.6725,3.4001,4.1988,-3.6767,-4.2738,-3.726
4.1671,4.1209,4.649,3.4564,4.1887,-3.7014,-4.2686,-3.7531
4.1085,4.1303,4.6234,3.5102,4.1767,-3.7239,-4.2614,-3.7781
4.0482,4.1367,4.5955,3.5614,4.1628,-3.7441,-4.2521,-3.8009
3.9861,4.1403,4.5653,3.6101,4.147,-3.7621,-4.2408,-3.8216
3.9223,4.1409,4.533,3.656,4.1292,-3.7779,-4.2274,-3.84
3.8568,4.1386,4.4985,3.6993,4.1096,-3.7914,-4.212,-3.8563
3.7897,4.1334,4.4617,3.7399,4.0882,-3.8026,-4.1946,-3.8703
3.7209,4.1254,4.4228,3.7776,4.0648,-3.8116,-4.1752,-3.8821
3.6506,4.1145,4.3818,3.8126,4.0397,-3.8183,-4.1537,-3.8917
3.5787,4.1008,4.3386,3.8447,4.0127,-3.8228,-4.1303,-3.8991
3.5054,4.0843,4.2933,3.874,3.984,-3.8251,-4.1049,-3.9042
3.4305,4.0651,4.2459,3.9004,3.9535,-3.8251,-4.0775,-3.9071
3.3543,4.0432,4.1964,3.9239,3.9212,-3.8229,-4.0482,-3.9077
3.2767,4.0186,4.1449,3.9444,3.8873,-3.8184,-4.017,-3.9062
3.1977,3.9914,4.0913,3.9621,3.8516,-3.8118,-3.9839,-3.9024
3.1174,3.9616,4.0358,3.9768,3.8143,-3.803,-3.9489,-3.8965
3.0358,3.9292,3.9782,3.9885,3.7754,-3.792,-3.9121,-3.8883
2.953,3.8944,3.9188,3.9973,3.7349,-3.7789,-3.8734,-3.878
2.8691,3.8571,3.8574,4.0031,3.6928,-3.7637,-3.8329,-3.8655
2.784,3.8174,3.7941,4.006,3.6491,-3.7465,-3.7907,-3.8509
2.6978,3.7754,3.7289,4.006,3.604,-3.7271,-3.7467,-3.8341
2.6105,3.7312,3.662,4.003,3.5574,-3.7058,-3.701,-3.8153
2.5223,3.6847,3.5932,3.9972,3.5093,-3.6824,-3.6536,-3.7944
2.433,3.636,3.5227,3.9884,3.4599,-3.6572,-3.6045,-3.7715
2.3429,3.5853,3.4505,3.9768,3.4091,-3.63,-3.5538,-3.7465
2.2519,3.5325,3.3766,3.9623,3.3569,-3.6009,-3.5015,-3.7195
2.1601,3.4778,3.3011,3.945,3.3035,-3.57,-3.4477,-3.6906
2.0675,3.4212,3.2239,3.9249,3.2489,-3.5373,-3.3923,-3.6597
1.9741,3.3627,3.1453,3.902,3.193,-3.5029,-3.3355,-3.627
1.8801,3.3025,3.0651,3.8764,3.136,-3.4668,-3.2772,-3.5924
1.7855,3.2406,2.9834,3.8481,3.0779,-3.429,-3.2175,-3.556
1.6902,3.177,2.9003,3.8172,3.0187,-3.3896,-3.1564,-3.5178
1.5944,3.1119,2.8159,3.7837,2.9584,-3.3486,-3.094,-3.4778
1.4981,3.0454,2.7301,3.7477,2.8972,-3.3062,-3.0304,-3.4361
1.4013,2.9774,2.643,3.7091,2.835,-3.2623,-2.9654,-3.3928
1.3041,2.9081,2.5547,3.6681,2.7719,-3.217,-2.8993,-3.3479
1.2066,2.8375,2.4651,3.6246,2.7079,-3.1703,-2.832,-3.3013
1.1087,2.7657,2.3745,3.5789,2.6431,-3.1224,-2.7636,-3.2533
1.0106,2.6928,2.2828,3.5308,2.5775,-3.0732,-2.6941,-3.2037
0.91225,2.6189,2.19,3.4805,2.5111,-3.0228,-2.6236,-3.1527
0.81371,2.5439,2.0962,3.428,2.4441,-2.9713,-2.5521,-3.1004
0.71503,2.4681,2.0016,3.3735,2.3764,-2.9187,-2.4797,-3.0466
0.61625,2.3914,1.906,3.3169,2.3081,-2.865,-2.4064,-2.9916
0.51742,2.314,1.8096,3.2583,2.2393,-2.8105,-2.3322,-2.9353
0.41858,2.2358,1.7124,3.1978,2.1699,-2.7549,-2.2572,-2.8778
0.31978,2.157,1.6146,3.1355,2.1001,-2.6986,-2.1815,-2.8192
0.22104,2.0777,1.5161,3.0714,2.0297,-2.6414,-2.105,-2.7594
0.12243,1.9978,1.4169,3.0056,1.959,-2.5835,-2.0279,-2.6986
0.02397,1.9176,1.3172,2.9382,1.888,-2.5249,-1.9502,-2.6368
-0.074293,1.8369,1.2171,2.8692,1.8166,-2.4656,-1.8718,-2.574
-0.17232,1.7559,1.1165,2.7988,1.7449,-2.4058,-1.793,-2.5104
-0.27008,1.6747,1.0155,2.7269,1.673,-2.3454,-1.7137,-2.4458
-0.36752,1.5933,0.91422,2.6537,1.6009,-2.2846,-1.6339,-2.3805
-0.46462,1.5118,0.81267,2.5793,1.5287,-2.2233,-1.5538,-2.3144
-0.56134,1.4302,0.71092,2.5036,1.4563,-2.1616,-1.4733,-2.2477
-0.65765,1.3486,0.60902,2.4269,1.3838,-2.0996,-1.3926,-2.1802
-0.7535,1.267,0.50703,2.3491,1.3113,-2.0373,-1.3115,-2.1122
-0.84887,1.1855,0.40502,2.2704,1.2387,-1.9748,-1.2303,-2.0436
-0.94372,1.1041,0.30302,2.1908,1.1662,-1.912,-1.1489,-1.9745
-1.038,1.0229,0.20112,2.1104,1.0937,-1.8491,-1.0674,-1.9049
-1.1318,0.94189,0.099348,2.0293,1.0213,-1.7862,-0.98578,-1.835
-1.2249,0.86118,-0.0022224,1.9475,0.949,-1.7231,-0.90415,-1.7646
-1.3174,0.78076,-0.10354,1.8652,0.87684,-1.66,-0.82253,-1.694
-1.4093,0.70069,-0.20455,1.7823,0.80484,-1.597,-0.74096,-1.6231
-1.5004,0.62101,-0.30519,1.699,0.73304,-1.534,-0.65948,-1.5519
-1.5909,0.54173,-0.40542,1.6154,0.66146,-1.471,-0.57814,-1.4806
-1.6806,0.4629,-0.50517,1.5314,0.59013,-1.4082,-0.49697,-1.4091
-1.7696,0.38455,-0.6044,1.4473,0.51906,-1.3456,-0.41601,-1.3375
-1.8578,0.3067,-0.70304,1.363,0.44829,-1.2831,-0.33529,-1.2659
-1.9452,0.22937,-0.80106,1.2786,0.37783,-1.2208,-0.25487,-1.1942
-2.0318,0.1526,-0.89838,1.1942,0.3077,-1.1588,-0.17477,-1.1226
-2.1176,0.076403,-0.99498,1.1098,0.23793,-1.097,-0.095024,-1.051
-2.2025,0.00079593,-1.0908,1.0256,0.16853,-1.0355,-0.015674,-0.9795
-2.2866,-0.074203,-1.1858,0.94156,0.099517,-0.97434,0.063248,-0.90815
-2.3698,-0.14858,-1.2799,0.85776,0.030905,-0.91348,0.14171,-0.83697
-2.4521,-0.22232,-1.373,0.77425,-0.037291,-0.85296,0.21968,-0.76599
-2.5336,-0.29542,-1.4652,0.69111,-0.10506,-0.7928,0.29712,-0.69525
-2.6141,-0.36786,-1.5564,0.60838,-0.17239,-0.733,0.37401,-0.62477
-2.6937,-0.43964,-1.6465,0.52612,-0.23926,-0.67358,0.45032,-0.55458
-2.7724,-0.51076,-1.7355,0.44439,-0.30568,-0.61455,0.52601,-0.48472
-2.8501,-0.5812,-1.8233,0.36324,-0.37163,-0.55592,0.60107,-0.41522
-2.9269,-0.65098,-1.91,0.28271,-0.43712,-0.4977,0.67546,-0.34609
-3.0028,-0.72009,-1.9954,0.20286,-0.50212,-0.43988,0.74916,-0.27737
-3.0777,-0.78853,-2.0796,0.12373,-0.56664,-0.38247,0.82215,-0.20908
-3.1517,-0.85631,-2.1624,0.045358,-0.63068,-0.32547,0.8944,-0.14125
-3.2247,-0.92343,-2.244,-0.032203,-0.69423,-0.26888,0.96589,-0.073885
-3.2967,-0.9899,-2.3241,-0.10892,-0.75729,-0.2127,1.0366,-0.0070193
-3.3678,-1.0557,-2.4029,-0.18475,-0.81987,-0.15692,1.1065,0.059331
-3.4379,-1.1209,-2.4802,-0.25966,-0.88197,-0.10153,1.1756,0.12515
-3.507,-1.1855,-2.556,-0.33361,-0.94358,-0.046536,1.2439,0.19041
-3.5752,-1.2494,-2.6304,-0.40658,-1.0047,0.0080828,1.3113,0.25511
-3.6424,-1.3128,-2.7032,-0.47853,-1.0654,0.062332,1.3778,0.31922
-3.7086,-1.3756,-2.7745,-0.54944,-1.1256,0.11623,1.4435,0.38274
-3.7739,-1.4377,-2.8442,-0.61928,-1.1853,0.16977,1.5082,0.44565
-3.8382,-1.4994,-2.9124,-0.68802,-1.2446,0.22299,1.5721,0.50794
-3.9015,-1.5605,-2.9789,-0.75564,-1.3034,0.2759,1.635,0.56959
-3.9639,-1.621,-3.0438,-0.82213,-1.3618,0.3285,1.697,0.6306
-4.0253,-1.6811,-3.107,-0.88746,-1.4198,0.38083,1.758,0.69096
-4.0858,-1.7406,-3.1686,-0.95162,-1.4773,0.43289,1.8181,0.75065
-4.1453,-1.7997,-3.2285,-1.0146,-1.5344,0.48471,1.8772,0.80968
-4.2038,-1.8582,-3.2868,-1.0764,-1.5912,0.53631,1.9354,0.86803
-4.2614,-1.9164,-3.3433,-1.1369,-1.6475,0.5877,1.9926,0.9257
-4.3181,-1.9741,-3.3981,-1.1963,-1.7035,0.63891,2.0488,0.98269
-4.3738,-2.0314,-3.4512,-1.2544,-1.759,0.68995,2.104,1.039
-4.4285,-2.0883,-3.5025,-1.3113,-1.8143,0.74085,2.1582,1.0946
-4.4824,-2.1448,-3.5521,-1.367,-1.8691,0.79164,2.2114,1.1495
-4.5352,-2.2009,-3.6,-1.4214,-1.9237,0.84233,2.2636,1.2037
-4.5871,-2.2567,-3.6461,-1.4745,-1.9779,0.89294,2.3148,1.2572
-4.6381,-2.3122,-3.6905,-1.5265,-2.0318,0.9435,2.3651,1.31
-4.6881,-2.3673,-3.7332,-1.5772,-2.0854,0.99402,2.4142,1.362
-4.7372,-2.4221,-3.7741,-1.6266,-2.1387,1.0445,2.4624,1.4134
-4.7853,-2.4765,-3.8132,-1.6749,-2.1917,1.0951,2.5096,1.4641
-4.8325,-2.5307,-3.8506,-1.7219,-2.2445,1.1456,2.5558,1.514
-4.8787,-2.5846,-3.8863,-1.7677,-2.2969,1.1962,2.6009,1.5632
-4.924,-2.6382,-3.9203,-1.8122,-2.3491,1.2469,2.645,1.6118
-4.9683,-2.6916,-3.9525,-1.8556,-2.4011,1.2976,2.6881,1.6596
-5.0116,-2.7447,-3.983,-1.8978,-2.4528,1.3485,2.7302,1.7067
-5.054,-2.7975,-4.0118,-1.9388,-2.5043,1.3995,2.7713,1.753
-5.0953,-2.8501,-4.0388,-1.9786,-2.5556,1.4506,2.8114,1.7987
-5.1357,-2.9024,-4.0642,-2.0173,-2.6066,1.5019,2.8504,1.8437
-5.1752,-2.9545,-4.0879,-2.0548,-2.6574,1.5533,2.8885,1.8879
-5.2136,-3.0063,-4.11,-2.0912,-2.708,1.6049,2.9255,1.9314
-5.251,-3.0579,-4.1303,-2.1264,-2.7584,1.6567,2.9615,1.9742
-5.2873,-3.1093,-4.149,-2.1606,-2.8085,1.7087,2.9965,2.0163
-5.3227,-3.1603,-4.1661,-2.1937,-2.8584,1.7609,3.0305,2.0577
-5.357,-3.2111,-4.1815,-2.2256,-2.9082,1.8133,3.0634,2.0984
-5.3902,-3.2617,-4.1954,-2.2566,-2.9577,1.866,3.0954,2.1383
-5.4224,-3.3119,-4.2076,-2.2864,-3.0069,1.9188,3.1263,2.1775
-5.4535,-3.3619,-4.2183,-2.3153,-3.056,1.9719,3.1562,2.216
-5.4835,-3.4116,-4.2274,-2.3431,-3.1048,2.0252,3.1851,2.2538
-5.5124,-3.461,-4.2349,-2.3699,-3.1533,2.0787,3.213,2.2908
-5.5401,-3.51,-4.2409,-2.3957,-3.2016,2.1325,3.2399,2.3271
-5.5667,-3.5587,-4.2453,-2.4205,-3.2497,2.1864,3.2658,2.3627
-5.5921,-3.6071,-4.2483,-2.4444,-3.2974,2.2406,3.2906,2.3975
-5.6164,-3.655,-4.2498,-2.4674,-3.3449,2.295,3.3144,2.4316
-5.6394,-3.7026,-4.2497,-2.4894,-3.3921,2.3495,3.3372,2.4649
-5.6612,-3.7498,-4.2483,-2.5105,-3.439,2.4043,3.3589,2.4975
-5.6818,-3.7965,-4.2453,-2.5307,-3.4855,2.4592,3.3797,2.5293
-5.7011,-3.8428,-4.241,-2.55,-3.5317,2.5142,3.3993,2.5604
-5.7191,-3.8886,-4.2352,-2.5684,-3.5775,2.5694,3.418,2.5906
-5.7358,-3.9339,-4.228,-2.586,-3.623,2.6247,3.4356,2.6202
-5.7511,-3.9786,-4.2195,-2.6027,-3.668,2.6801,3.4522,2.6489
-5.7651,-4.0228,-4.2095,-2.6186,-3.7126,2.7355,3.4677,2.6768
-5.7777,-4.0664,-4.1982,-2.6336,-3.7568,2.791,3.4822,2.704
-5.7889,-4.1093,-4.1856,-2.6479,-3.8004,2.8465,3.4956,2.7303
-5.7986,-4.1516,-4.1716,-2.6613,-3.8436,2.902,3.5079,2.7558
-5.8069,-4.1932,-4.1563,-2.6739,-3.8862,2.9575,3.5192,2.7805
-5.8137,-4.2341,-4.1398,-2.6857,-3.9283,3.0129,3.5294,2.8044
-5.8189,-4.2742,-4.1219,-2.6968,-3.9697,3.0682,3.5386,2.8274
-5.8226,-4.3135,-4.1027,-2.7071,-4.0106,3.1233,3.5466,2.8496
-5.8248,-4.352,-4.0823,-2.7166,-4.0508,3.1783,3.5535,2.8709
-5.8253,-4.3896,-4.0607,-2.7253,-4.0903,3.2331,3.5594,2.8914
-5.8243,-4.4263,-4.0378,-2.7333,-4.1291,3.2876,3.5641,2.911
-5.8215,-4.462,-4.0136,-2.7406,-4.1671,3.3418,3.5678,2.9297
-5.8171,-4.4968,-3.9883,-2.7471,-4.2044,3.3957,3.5703,2.9475
-5.811,-4.5306,-3.9618,-2.7528,-4.2408,3.4492,3.5717,2.9644
-5.8032,-4.5632,-3.934,-2.7579,-4.2764,3.5023,3.572,2.9804
-5.7936,-4.5948,-3.9051,-2.7621,-4.311,3.5549,3.5711,2.9955
-5.7822,-4.6252,-3.875,-2.7657,-4.3448,3.607,3.5691,3.0096
-5.769,-4.6544,-3.8437,-2.7685,-4.3775,3.6586,3.5659,3.0228
-5.7539,-4.6824,-3.8113,-2.7705,-4.4093,3.7095,3.5616,3.035
-5.737,-4.7092,-3.7778,-2.7719,-4.44,3.7599,3.5562,3.0462
-5.7182,-4.7345,-3.7431,-2.7724,-4.4696,3.8095,3.5495,3.0565
-5.6975,-4.7586,-3.7072,-2.7723,-4.4981,3.8583,3.5417,3.0658
-5.6748,-4.7812,-3.6703,-2.7714,-4.5254,3.9064,3.5327,3.0741
-5.6502,-4.8024,-3.6322,-2.7697,-4.5515,3.9536,3.5225,3.0814
-5.6235,-4.8221,-3.593,-2.7674,-4.5764,3.9999,3.5111,3.0877
-5.5949,-4.8403,-3.5528,-2.7642,-4.6,4.0452,3.4986,3.0929
-5.5643,-4.8569,-3.5114,-2.7603,-4.6222,4.0895,3.4848,3.0971
-5.5316,-4.8719,-3.469,-2.7556,-4.6431,4.1328,3.4698,3.1003
-5.4968,-4.8852,-3.4255,-2.7502,-4.6626,4.1749,3.4536,3.1024
-5.4599,-4.8969,-3.3809,-2.744,-4.6807,4.2159,3.4362,3.1034
-5.421,-4.9068,-3.3352,-2.737,-4.6972,4.2557,3.4176,3.1034
-5.3799,-4.9149,-3.2885,-2.7292,-4.7123,4.2942,3.3977,3.1023
-5.3367,-4.9212,-3.2408,-2.7206,-4.7258,4.3314,3.3767,3.1001
-5.2913,-4.9257,-3.192,-2.7113,-4.7377,4.3672,3.3544,3.0968
-5.2437,-4.9283,-3.1422,-2.7011,-4.748,4.4016,3.3308,3.0924
-5.194,-4.9289,-3.0913,-2.6901,-4.7566,4.4345,3.3061,3.0869
-5.1421,-4.9276,-3.0394,-2.6782,-4.7635,4.4658,3.2801,3.0803
-5.088,-4.9243,-2.9865,-2.6655,-4.7686,4.4957,3.2529,3.0726
-5.0316,-4.919,-2.9326,-2.652,-4.772,4.5238,3.2245,3.0637
-4.9731,-4.9116,-2.8777,-2.6377,-4.7737,4.5504,3.1948,3.0537
-4.9123,-4.9022,-2.8218,-2.6224,-4.7734,4.5751,3.1639,3.0426
-4.8494,-4.8906,-2.7649,-2.6064,-4.7713,4.5982,3.1318,3.0303
-4.7842,-4.8769,-2.707,-2.5894,-4.7674,4.6194,3.0984,3.0169
-4.7167,-4.8609,-2.6482,-2.5715,-4.7615,4.6388,3.0639,3.0023
-4.6471,-4.8428,-2.5884,-2.5528,-4.7536,4.6562,3.0281,2.9866
-4.5752,-4.8225,-2.5276,-2.5331,-4.7438,4.6718,2.9911,2.9697
-4.5011,-4.7999,-2.4659,-2.5126,-4.732,4.6853,2.9529,2.9517
-4.4248,-4.775,-2.4032,-2.4911,-4.7182,4.6969,2.9135,2.9325
-4.3463,-4.7479,-2.3396,-2.4687,-4.7023,4.7064,2.873,2.9122
-4.2656,-4.7185,-2.2751,-2.4454,-4.6844,4.7138,2.8312,2.8907
-4.1827,-4.6867,-2.2097,-2.4211,-4.6644,4.7191,2.7883,2.8681
-4.0977,-4.6526,-2.1434,-2.3959,-4.6423,4.7222,2.7442,2.8443
-4.0105,-4.6161,-2.0762,-2.3698,-4.6181,4.7232,2.6989,2.8194
-3.9212,-4.5773,-2.0081,-2.3427,-4.5918,4.7219,2.6525,2.7934
-3.8298,-4.5361,-1.9392,-2.3146,-4.5633,4.7184,2.605,2.7661
-3.7362,-4.4926,-1.8694,-2.2856,-4.5327,4.7126,2.5563,2.7378
-3.6406,-4.4467,-1.7988,-2.2556,-4.5,4.7045,2.5066,2.7083
-3.543,-4.3984,-1.7274,-2.2246,-4.465,4.6941,2.4557,2.6777
-3.4434,-4.3477,-1.6551,-2.1927,-4.428,4.6814,2.4038,2.646
-3.3417,-4.2947,-1.5821,-2.1598,-4.3887,4.6664,2.3508,2.6132
-3.2381,-4.2393,-1.5083,-2.1259,-4.3473,4.649,2.2967,2.5793
-3.1326,-4.1815,-1.4337,-2.091,-4.3037,4.6292,2.2416,2.5443
-3.0252,-4.1213,-1.3584,-2.0552,-4.2579,4.607,2.1855,2.5081
-2.916,-4.0589,-1.2823,-2.0184,-4.21,4.5824,2.1284,2.471
-2.8049,-3.9941,-1.2056,-1.9807,-4.1599,4.5554,2.0704,2.4327
-2.6921,-3.9269,-1.1282,-1.942,-4.1076,4.526,2.0113,2.3934
-2.5776,-3.8575,-1.0501,-1.9023,-4.0532,4.4942,1.9513,2.3531
-2.4614,-3.7858,-0.97143,-1.8617,-3.9967,4.46,1.8904,2.3117
-2.3435,-3.7119,-0.89211,-1.8201,-3.9381,4.4234,1.8287,2.2694
-2.2241,-3.6357,-0.8122,-1.7776,-3.8774,4.3844,1.766,2.226
-2.1032,-3.5574,-0.73172,-1.7341,-3.8146,4.343,1.7025,2.1816
-1.9808,-3.4768,-0.6507,-1.6898,-3.7497,4.2992,1.6382,2.1363
-1.8569,-3.3942,-0.56916,-1.6445,-3.6828,4.253,1.5731,2.09
-1.7317,-3.3094,-0.48714,-1.5983,-3.6138,4.2045,1.5072,2.0428
-1.6053,-3.2225,-0.40467,-1.5513,-3.5429,4.1536,1.4405,1.9947
-1.4776,-3.1337,-0.32176,-1.5033,-3.47,4.1004,1.3732,1.9457
-1.3487,-3.0428,-0.23846,-1.4546,-3.3952,4.0449,1.3052,1.8958
-1.2187,-2.95,-0.15478,-1.4049,-3.3185,3.9871,1.2365,1.845
-1.0877,-2.8553,-0.070776,-1.3545,-3.2399,3.9271,1.1671,1.7934
-0.95566,-2.7588,0.013533,-1.3032,-3.1595,3.8649,1.0972,1.741
-0.82276,-2.6604,0.098111,-1.2512,-3.0773,3.8004,1.0267,1.6878
-0.68904,-2.5603,0.18292,-1.1984,-2.9933,3.7338,0.95574,1.6339
-0.55456,-2.4585,0.26793,-1.1449,-2.9076,3.665,0.88422,1.5792
-0.4194,-2.3551,0.3531,-1.0906,-2.8202,3.5942,0.81225,1.5238
-0.28365,-2.2501,0.43838,-1.0357,-2.7312,3.5212,0.73984,1.4677
-0.14737,-2.1435,0.52376,-0.98003,-2.6406,3.4463,0.66703,1.4109
-0.010647,-2.0355,0.60917,-0.92377,-2.5484,3.3694,0.59387,1.3535
0.12644,-1.9261,0.69459,-0.8669,-2.4548,3.2906,0.52038,1.2954
0.2638,-1.8154,0.77997,-0.80944,-2.3597,3.2099,0.4466,1.2368
0.40136,-1.7033,0.86527,-0.75142,-2.2632,3.1274,0.37258,1.1777
0.53903,-1.5901,0.95044,-0.69288,-2.1654,3.043,0.29835,1.118
0.67673,-1.4758,1.0354,-0.63384,-2.0664,2.957,0.22395,1.0578
0.81438,-1.3603,1.1202,-0.57435,-1.9661,2.8693,0.14942,0.99715
0.95187,-1.2439,1.2048,-0.51443,-1.8646,2.7799,0.074797,0.93607
1.0891,-1.1266,1.289,-0.45411,-1.762,2.689,0.00012614,0.87459
1.2261,-1.0084,1.3729,-0.39345,-1.6584,2.5966,-0.074552,0.81275
1.3626,-0.88945,1.4563,-0.33246,-1.5538,2.5027,-0.1492,0.75058
1.4986,-0.7698,1.5394,-0.27119,-1.4483,2.4075,-0.22376,0.6881
1.6341,-0.64952,1.6219,-0.20968,-1.342,2.3109,-0.29821,0.62536
1.7688,-0.52871,1.7039,-0.14797,-1.2348,2.2131,-0.37249,0.56239
1.9028,-0.40742,1.7852,-0.086095,-1.1269,2.1141,-0.44656,0.49923
2.036,-0.28575,1.866,-0.024097,-1.0184,2.014,-0.52039,0.43591
2.1681,-0.16376,1.946,0.037983,-0.90929,1.9128,-0.59391,0.37247
2.2993,-0.041548,2.0252,0.1001,-0.79966,1.8106,-0.6671,0.30894
2.4293,0.080817,2.1037,0.16222,-0.68959,1.7076,-0.7399,0.24536
2.5581,0.20325,2.1813,0.22429,-0.57914,1.6036,-0.81226,0.18178
2.6856,0.32568,2.258,0.28627,-0.46839,1.4989,-0.88415,0.11822
2.8117,0.44802,2.3337,0.34811,-0.35741,1.3936,-0.95551,0.054735
2.9363,0.57019,2.4084,0.40978,-0.24627,1.2875,-1.0263,-0.0086482
3.0593,0.69211,2.482,0.47122,-0.13505,1.181,-1.0965,-0.071887
3.1807,0.81371,2.5545,0.5324,-0.023811,1.0739,-1.166,-0.13494
3.3003,0.93489,2.6258,0.59327,0.087362,0.96648,-1.2348,-0.19777
3.4182,1.0556,2.6959,0.65377,0.1984,0.8587,-1.3028,-0.26034
3.5341,1.1757,2.7647,0.71387,0.30922,0.75067,-1.3701,-0.3226
3.648,1.2952,2.8321,0.77353,0.41976,0.64246,-1.4365,-0.38453
3.7599,1.414,2.8981,0.83269,0.52994,0.53415,-1.502,-0.44606
3.8696,1.532,2.9627,0.89131,0.63969,0.42581,-1.5665,-0.50718
3.9771,1.6491,3.0258,0.94934,0.74893,0.31752,-1.6301,-0.56783
4.0824,1.7653,3.0873,1.0067,0.85759,0.20935,-1.6926,-0.62798
4.1852,1.8804,3.1472,1.0635,0.96559,0.10137,-1.7541,-0.68758
4.2857,1.9945,3.2054,1.1195,1.0729,-0.0063267,-1.8144,-0.7466
4.3836,2.1074,3.2619,1.1747,1.1793,-0.11368,-1.8736,-0.80499
4.479,2.2191,3.3167,1.2292,1.2849,-0.22062,-1.9315,-0.86272
4.5717,2.3295,3.3696,1.2828,1.3896,-0.32707,-1.9882,-0.91975
4.6618,2.4385,3.4207,1.3355,1.4932,-0.43295,-2.0436,-0.97603
4.7491,2.546,3.4698,1.3872,1.5957,-0.5382,-2.0976,-1.0315
4.8336,2.6521,3.517,1.438,1.6971,-0.64274,-2.1503,-1.0862
4.9153,2.7566,3.5622,1.4878,1.7973,-0.74651,-2.2015,-1.14
4.994,2.8595,3.6053,1.5365,1.8962,-0.84943,-2.2512,-1.1929
5.0699,2.9607,3.6463,1.5841,1.9937,-0.95145,-2.2995,-1.2449
5.1427,3.0602,3.6852,1.6306,2.0897,-1.0525,-2.3462,-1.2959
5.2125,3.1579,3.7219,1.6759,2.1843,-1.1525,-2.3913,-1.3459
5.2792,3.2537,3.7564,1.72,2.2774,-1.2514,-2.4348,-1.3949
5.3428,3.3477,3.7886,1.7629,2.3688,-1.3491,-2.4766,-1.4427
5.4033,3.4397,3.8185,1.8044,2.4586,-1.4456,-2.5167,-1.4895
5.4606,3.5297,3.8461,1.8447,2.5466,-1.5408,-2.5551,-1.5351
5.5147,3.6176,3.8713,1.8836,2.6328,-1.6346,-2.5918,-1.5795
5.5656,3.7035,3.8941,1.9211,2.7172,-1.7271,-2.6266,-1.6226
5.6133,3.7872,3.9144,1.9573,2.7997,-1.818,-2.6596,-1.6646
5.6577,3.8687,3.9323,1.992,2.8802,-1.9075,-2.6908,-1.7052
5.6989,3.9481,3.9477,2.0252,2.9588,-1.9954,-2.7201,-1.7445
5.7368,4.0252,3.9606,2.0569,3.0353,-2.0817,-2.7475,-1.7825
5.7714,4.1,3.9709,2.0871,3.1097,-2.1663,-2.7729,-1.8191
5.8028,4.1725,3.9787,2.1158,3.1819,-2.2492,-2.7964,-1.8543
5.8309,4.2426,3.9839,2.143,3.252,-2.3303,-2.8179,-1.8881
5.8557,4.3104,3.9864,2.1685,3.3199,-2.4097,-2.8373,-1.9204
5.8772,4.3759,3.9864,2.1924,3.3855,-2.4872,-2.8548,-1.9512
5.8956,4.4388,3.9837,2.2147,3.4488,-2.5628,-2.8702,-1.9805
5.9107,4.4994,3.9784,2.2354,3.5097,-2.6365,-2.8836,-2.0083
5.9225,4.5575,3.9704,2.2544,3.5683,-2.7083,-2.8949,-2.0346
5.9312,4.6131,3.9598,2.2718,3.6246,-2.778,-2.9041,-2.0593
5.9368,4.6663,3.9465,2.2875,3.6784,-2.8458,-2.9112,-2.0824
5.9391,4.717,3.9306,2.3015,3.7297,-2.9115,-2.9162,-2.1038
5.9384,4.7651,3.912,2.3137,3.7786,-2.9751,-2.9191,-2.1237
5.9346,4.8108,3.8907,2.3243,3.825,-3.0367,-2.9199,-2.1419
5.9278,4.8539,3.8668,2.3332,3.869,-3.0961,-2.9186,-2.1585
5.918,4.8945,3.8403,2.3403,3.9104,-3.1533,-2.9151,-2.1734
5.9052,4.9326,3.8111,2.3458,3.9492,-3.2085,-2.9095,-2.1866
5.8896,4.9681,3.7793,2.3495,3.9856,-3.2614,-2.9018,-2.1981
5.871,5.0012,3.7448,2.3515,4.0193,-3.3121,-2.892,-2.208
5.8497,5.0317,3.7078,2.3517,4.0506,-3.3607,-2.8801,-2.2161
5.8256,5.0598,3.6683,2.3503,4.0793,-3.407,-2.866,-2.2225
5.7988,5.0853,3.6262,2.3471,4.1054,-3.4511,-2.8499,-2.2272
5.7694,5.1084,3.5815,2.3422,4.129,-3.493,-2.8317,-2.2302
5.7374,5.1289,3.5344,2.3356,4.15,-3.5326,-2.8114,-2.2315
5.7029,5.1471,3.4848,2.3274,4.1685,-3.57,-2.7891,-2.231
5.6659,5.1627,3.4328,2.3174,4.1844,-3.6052,-2.7647,-2.2289
5.6265,5.176,3.3784,2.3058,4.1978,-3.6382,-2.7383,-2.225
5.5849,5.1869,3.3216,2.2926,4.2087,-3.6689,-2.7098,-2.2194
5.541,5.1953,3.2626,2.2776,4.2172,-3.6974,-2.6795,-2.2121
5.4949,5.2014,3.2012,2.2611,4.2231,-3.7236,-2.6471,-2.2031
5.4467,5.2052,3.1377,2.243,4.2266,-3.7477,-2.6129,-2.1925
5.3965,5.2067,3.0719,2.2233,4.2277,-3.7696,-2.5767,-2.1801
5.3443,5.2058,3.004,2.202,4.2264,-3.7893,-2.5386,-2.1661
5.2903,5.2028,2.934,2.1791,4.2227,-3.8068,-2.4988,-2.1504
5.2345,5.1975,2.862,2.1548,4.2166,-3.8221,-2.4571,-2.1331
5.177,5.1899,2.788,2.1289,4.2082,-3.8354,-2.4136,-2.1142
5.1178,5.1803,2.7121,2.1016,4.1976,-3.8465,-2.3684,-2.0937
5.0571,5.1685,2.6343,2.0728,4.1847,-3.8555,-2.3216,-2.0715
4.9949,5.1546,2.5548,2.0426,4.1695,-3.8625,-2.273,-2.0478
4.9314,5.1386,2.4734,2.011,4.1522,-3.8674,-2.2229,-2.0226
4.8665,5.1206,2.3904,1.978,4.1328,-3.8703,-2.1711,-1.9959
4.8004,5.1006,2.3058,1.9437,4.1113,-3.8711,-2.1179,-1.9676
4.7332,5.0787,2.2197,1.9081,4.0878,-3.8701,-2.0631,-1.9379
4.6649,5.0549,2.1321,1.8713,4.0622,-3.8671,-2.0069,-1.9067
4.5956,5.0291,2.043,1.8332,4.0347,-3.8621,-1.9493,-1.8741
4.5255,5.0016,1.9526,1.7938,4.0053,-3.8553,-1.8904,-1.8401
4.4545,4.9722,1.861,1.7534,3.974,-3.8467,-1.8302,-1.8047
4.3828,4.9411,1.7682,1.7117,3.941,-3.8363,-1.7688,-1.768
4.3104,4.9082,1.6742,1.669,3.9062,-3.8241,-1.7061,-1.73
4.2375,4.8737,1.5792,1.6252,3.8696,-3.8101,-1.6423,-1.6907
4.1641,4.8375,1.4833,1.5804,3.8315,-3.7945,-1.5775,-1.6501
4.0903,4.7998,1.3864,1.5346,3.7918,-3.7772,-1.5116,-1.6084
4.0161,4.7605,1.2888,1.4878,3.7505,-3.7582,-1.4447,-1.5655
3.9417,4.7196,1.1904,1.4401,3.7078,-3.7377,-1.377,-1.5214
3.8671,4.6773,1.0913,1.3915,3.6636,-3.7157,-1.3083,-1.4763
3.7924,4.6336,0.99169,1.3421,3.6181,-3.6921,-1.2389,-1.4301
3.7177,4.5885,0.89156,1.2919,3.5714,-3.6671,-1.1687,-1.3828
3.643,4.542,0.79103,1.2409,3.5233,-3.6406,-1.0979,-1.3346
3.5684,4.4943,0.69015,1.1892,3.4742,-3.6128,-1.0264,-1.2854
3.494,4.4452,0.58902,1.1368,3.4239,-3.5836,-0.95436,-1.2353
3.4198,4.395,0.48771,1.0837,3.3725,-3.5532,-0.88181,-1.1843
3.3459,4.3436,0.38631,1.03,3.3202,-3.5215,-0.80882,-1.1325
3.2724,4.291,0.28489,0.97574,3.2669,-3.4885,-0.73544,-1.0799
3.1993,4.2373,0.18353,0.92094,3.2128,-3.4544,-0.66173,-1.0265
3.1267,4.1826,0.082322,0.86563,3.1579,-3.4192,-0.58775,-0.97245
3.0547,4.1268,-0.018669,0.80987,3.1023,-3.3829,-0.51356,-0.91771
2.9832,4.07,-0.11936,0.75367,3.046,-3.3456,-0.43923,-0.86234
2.9124,4.0123,-0.21968,0.69708,2.989,-3.3072,-0.3648,-0.80638
2.8423,3.9537,-0.31953,0.64014,2.9315,-3.2679,-0.29034,-0.74987
2.7729,3.8943,-0.41886,0.58288,2.8736,-3.2277,-0.21591,-0.69285
2.7044,3.834,-0.51759,0.52533,2.8152,-3.1866,-0.14156,-0.63537
2.6367,3.7729,-0.61563,0.46754,2.7564,-3.1447,-0.067352,-0.57747
2.5698,3.711,-0.71292,0.40954,2.6973,-3.102,0.0066602,-0.51918
2.5039,3.6484,-0.80939,0.35135,2.638,-3.0586,0.08042,-0.46055
2.4389,3.5851,-0.90496,0.29302,2.5784,-3.0144,0.15387,-0.40161
2.375,3.5212,-0.99956,0.23458,2.5188,-2.9696,0.22697,-0.34242
2.312,3.4566,-1.0931,0.17605,2.459,-2.9241,0.29965,-0.283
2.2501,3.3915,-1.1856,0.11748,2.3993,-2.8781,0.37186,-0.22341
2.1893,3.3258,-1.2769,0.058887,2.3395,-2.8315,0.44355,-0.16367
2.1296,3.2595,-1.367,0.000307,2.2799,-2.7844,0.51468,-0.10383
2.071,3.1928,-1.4558,-0.058232,2.2203,-2.7368,0.5852,-0.043922
2.0135,3.1256,-1.5432,-0.1167,2.161,-2.6888,0.65505,0.016011
1.9572,3.058,-1.6292,-0.17507,2.1019,-2.6404,0.72419,0.075932
1.9021,2.9899,-1.7138,-0.23332,2.0431,-2.5916,0.79257,0.13581
1.8482,2.9215,-1.7968,-0.29141,1.9846,-2.5425,0.86016,0.1956
1.7955,2.8527,-1.8783,-0.34932,1.9265,-2.4931,0.92691,0.25527
1.744,2.7836,-1.9581,-0.40703,1.8688,-2.4434,0.99277,0.31478
1.6937,2.7143,-2.0362,-0.46452,1.8116,-2.3935,1.0577,0.37411
1.6447,2.6446,-2.1127,-0.52175,1.7549,-2.3433,1.1217,0.43322
1.5968,2.5747,-2.1873,-0.57871,1.6987,-2.293,1.1847,0.49207
1.5502,2.5046,-2.2602,-0.63537,1.6431,-2.2426,1.2467,0.55064
1.5048,2.4343,-2.3312,-0.69172,1.5882,-2.192,1.3076,0.60889
1.4606,2.3638,-2.4003,-0.74773,1.5339,-2.1414,1.3674,0.66679
1.4177,2.2931,-2.4675,-0.80338,1.4802,-2.0907,1.426,0.72432
1.3759,2.2224,-2.5328,-0.85866,1.4273,-2.0399,1.4836,0.78145
1.3353,2.1515,-2.596,-0.91355,1.3752,-1.9892,1.5399,0.83814
1.2959,2.0805,-2.6573,-0.96802,1.3238,-1.9385,1.595,0.89438
1.2577,2.0095,-2.7165,-1.0221,1.2732,-1.8877,1.649,0.95013
1.2206,1.9385,-2.7736,-1.0757,1.2235,-1.8371,1.7016,1.0054
1.1846,1.8674,-2.8286,-1.1288,1.1746,-1.7865,1.753,1.0601
1.1497,1.7963,-2.8815,-1.1815,1.1266,-1.7361,1.8031,1.1143
1.1159,1.7253,-2.9323,-1.2337,1.0794,-1.6857,1.8519,1.1678
1.0832,1.6543,-2.981,-1.2853,1.0332,-1.6355,1.8994,1.2208
1.0515,1.5833,-3.0275,-1.3365,0.98792,-1.5854,1.9456,1.2732
1.0209,1.5125,-3.0718,-1.3872,0.94356,-1.5356,1.9904,1.325
0.9912,1.4417,-3.114,-1.4373,0.90014,-1.4859,2.0339,1.3761
0.96248,1.371,-3.154,-1.4868,0.85768,-1.4364,2.076,1.4265
0.93468,1.3005,-3.1918,-1.5358,0.81619,-1.3871,2.1167,1.4763
0.90778,1.2301,-3.2274,-1.5843,0.77567,-1.338,2.1561,1.5253
0.88174,1.1598,-3.2608,-1.6321,0.73613,-1.2892,2.1941,1.5737
0.85653,1.0898,-3.2921,-1.6794,0.69757,-1.2406,2.2308,1.6213
0.83212,1.0199,-3.3212,-1.7261,0.65999,-1.1923,2.2661,1.6682
0.80847,0.95028,-3.3481,-1.7722,0.62339,-1.1443,2.3,1.7143
0.78555,0.88086,-3.3728,-1.8177,0.58778,-1.0965,2.3325,1.7597
0.76331,0.81168,-3.3955,-1.8625,0.55314,-1.0491,2.3637,1.8044
0.74172,0.74276,-3.4159,-1.9067,0.51947,-1.0019,2.3935,1.8482
0.72075,0.6741,-3.4343,-1.9503,0.48676,-0.955,2.422,1.8913
0.70035,0.60574,-3.4506,-1.9933,0.45501,-0.90843,2.4492,1.9337
0.68049,0.53767,-3.4648,-2.0356,0.4242,-0.86217,2.475,1.9752
0.66112,0.46992,-3.4769,-2.0773,0.39432,-0.81622,2.4995,2.0159
0.64221,0.40249,-3.487,-2.1183,0.36537,-0.7706,2.5227,2.0559
0.62371,0.33541,-3.4951,-2.1587,0.33732,-0.7253,2.5447,2.095
0.60558,0.26868,-3.5012,-2.1984,0.31016,-0.68032,2.5653,2.1334
0.58779,0.20233,-3.5054,-2.2375,0.28388,-0.63566,2.5848,2.1709
0.57029,0.13635,-3.5076,-2.2758,0.25845,-0.59134,2.6029,2.2077
0.55304,0.070769,-3.508,-2.3135,0.23385,-0.54734,2.6199,2.2437
0.536,0.0055952,-3.5065,-2.3505,0.21007,-0.50367,2.6357,2.2788
0.51913,-0.059158,-3.5032,-2.3869,0.18708,-0.46032,2.6503,2.3132
0.50238,-0.12348,-3.498,-2.4225,0.16486,-0.41731,2.6638,2.3468
0.48573,-0.18735,-3.4912,-2.4574,0.14338,-0.37461,2.6761,2.3795
0.46912,-0.25077,-3.4826,-2.4917,0.12263,-0.33224,2.6874,2.4115
0.45251,-0.31372,-3.4723,-2.5252,0.10257,-0.2902,2.6975,2.4427
0.43588,-0.37618,-3.4604,-2.558,0.083173,-0.24847,2.7066,2.4732
0.41916,-0.43815,-3.4469,-2.5902,0.064418,-0.20705,2.7147,2.5028
0.40234,-0.49962,-3.4318,-2.6216,0.046274,-0.16595,2.7218,2.5317
0.38537,-0.56057,-3.4153,-2.6522,0.028711,-0.12516,2.7279,2.5599
0.3682,-0.621,-3.3973,-2.6822,0.0117,-0.084672,2.7331,2.5872
0.35081,-0.68088,-3.3778,-2.7114,-0.0047891,-0.044486,2.7373,2.6138
0.33315,-0.74022,-3.357,-2.7399,-0.020788,-0.0045959,2.7407,2.6397
0.3152,-0.799,-3.3348,-2.7676,-0.036329,0.035002,2.7432,2.6648
0.29691,-0.8572,-3.3114,-2.7946,-0.051442,0.074312,2.7448,2.6892
0.27825,-0.91483,-3.2867,-2.8209,-0.066162,0.11334,2.7457,2.7129
0.25918,-0.97186,-3.2608,-2.8464,-0.080519,0.15209,2.7458,2.7359
0.23968,-1.0283,-3.2338,-2.8711,-0.094547,0.19057,2.7451,2.7581
0.2197,-1.0841,-3.2057,-2.895,-0.10828,0.22878,2.7438,2.7796
0.19923,-1.1393,-3.1765,-2.9182,-0.12175,0.26673,2.7417,2.8005
0.17822,-1.1939,-3.1463,-2.9406,-0.13499,0.30442,2.739,2.8206
0.15666,-1.2478,-3.1152,-2.9622,-0.14803,0.34186,2.7357,2.8401
0.1345,-1.3011,-3.0832,-2.983,-0.16091,0.37905,2.7317,2.8589
0.11173,-1.3538,-3.0503,-3.003,-0.17367,0.416,2.7272,2.877
0.088318,-1.4057,-3.0166,-3.0222,-0.18632,0.45272,2.7222,2.8945
0.064236,-1.457,-2.9821,-3.0406,-0.19892,0.48921,2.7166,2.9113
0.039462,-1.5076,-2.9469,-3.0582,-0.21148,0.52548,2.7106,2.9274
0.013973,-1.5576,-2.9111,-3.0749,-0.22404,0.56152,2.7041,2.943
-0.012251,-1.6068,-2.8746,-3.0908,-0.23664,0.59735,2.6972,2.9578
-0.039233,-1.6553,-2.8376,-3.1059,-0.2493,0.63298,2.6899,2.9721
-0.066991,-1.7031,-2.8,-3.1201,-0.26207,0.6684,2.6822,2.9858
-0.095543,-1.7503,-2.762,-3.1334,-0.27496,0.70361,2.6741,2.9988
-0.12491,-1.7966,-2.7235,-3.1459,-0.288,0.73864,2.6657,3.0112
-0.1551,-1.8423,-2.6846,-3.1575,-0.30124,0.77348,2.6571,3.023
-0.18613,-1.8872,-2.6454,-3.1682,-0.31469,0.80813,2.6481,3.0342
-0.21801,-1.9314,-2.6058,-3.178,-0.32839,0.84259,2.6389,3.0448
-0.25076,-1.9749,-2.566,-3.1869,-0.34236,0.87689,2.6295,3.0549
-0.28439,-2.0175,-2.526,-3.195,-0.35663,0.91101,2.6199,3.0643
-0.3189,-2.0595,-2.4858,-3.2021,-0.37123,0.94495,2.61,3.0732
-0.3543,-2.1007,-2.4454,-3.2083,-0.38619,0.97874,2.6001,3.0815
-0.3906,-2.1411,-2.405,-3.2135,-0.40152,1.0124,2.5899,3.0892
-0.42781,-2.1808,-2.3645,-3.2178,-0.41725,1.0458,2.5797,3.0964
-0.46592,-2.2196,-2.3239,-3.2212,-0.4334,1.0791,2.5694,3.103
-0.50494,-2.2578,-2.2834,-3.2237,-0.45001,1.1123,2.5589,3.1091
-0.54488,-2.2951,-2.2429,-3.2251,-0.46708,1.1453,2.5484,3.1145
-0.58572,-2.3317,-2.2025,-3.2256,-0.48463,1.1781,2.5379,3.1195
-0.62747,-2.3674,-2.1622,-3.2252,-0.5027,1.2108,2.5273,3.1239
-0.67012,-2.4025,-2.1221,-3.2238,-0.52129,1.2434,2.5167,3.1277
-0.71368,-2.4367,-2.0821,-3.2213,-0.54042,1.2758,2.506,3.131
-0.75812,-2.4701,-2.0424,-3.2179,-0.56011,1.308,2.4954,3.1337
-0.80346,-2.5028,-2.0028,-3.2135,-0.58037,1.3402,2.4848,3.1359
-0.84967,-2.5346,-1.9636,-3.2082,-0.60122,1.3721,2.4743,3.1376
-0.89675,-2.5657,-1.9246,-3.2018,-0.62267,1.404,2.4637,3.1387
-0.94468,-2.596,-1.886,-3.1944,-0.64474,1.4357,2.4532,3.1392
-0.99346,-2.6255,-1.8477,-3.1859,-0.66742,1.4672,2.4428,3.1393
-1.0431,-2.6542,-1.8098,-3.1765,-0.69074,1.4986,2.4325,3.1388
-1.0935,-2.6821,-1.7723,-3.1661,-0.7147,1.5299,2.4222,3.1377
-1.1447,-2.7092,-1.7351,-3.1546,-0.73931,1.561,2.412,3.1361
-1.1967,-2.7356,-1.6984,-3.1421,-0.76457,1.592,2.4019,3.134
-1.2495,-2.7611,-1.6622,-3.1286,-0.79049,1.6229,2.3918,3.1313
-1.3029,-2.7859,-1.6265,-3.1141,-0.81708,1.6535,2.3819,3.1281
-1.3571,-2.8099,-1.5912,-3.0986,-0.84433,1.6841,2.3721,3.1244
-1.412,-2.8331,-1.5564,-3.082,-0.87224,1.7145,2.3624,3.1201
-1.4676,-2.8555,-1.5221,-3.0644,-0.90082,1.7447,2.3527,3.1153
-1.5238,-2.8771,-1.4884,-3.0458,-0.93007,1.7747,2.3432,3.1099
-1.5806,-2.898,-1.4552,-3.0262,-0.95999,1.8047,2.3338,3.104
-1.6381,-2.9181,-1.4226,-3.0055,-0.99056,1.8344,2.3245,3.0975
-1.696,-2.9374,-1.3905,-2.9839,-1.0218,1.864,2.3153,3.0905
-1.7545,-2.9559,-1.359,-2.9612,-1.0537,1.8934,2.3062,3.083
-1.8135,-2.9737,-1.3281,-2.9375,-1.0862,1.9226,2.2972,3.0749
-1.873,-2.9907,-1.2977,-2.9129,-1.1194,1.9517,2.2883,3.0662
-1.9329,-3.0069,-1.268,-2.8872,-1.1532,1.9805,2.2796,3.057
-1.9931,-3.0223,-1.2388,-2.8605,-1.1876,2.0092,2.2709,3.0473
-2.0538,-3.037,-1.2103,-2.8329,-1.2226,2.0377,2.2622,3.0369
-2.1148,-3.051,-1.1823,-2.8043,-1.2582,2.066,2.2537,3.0261
-2.176,-3.0642,-1.1549,-2.7747,-1.2944,2.0941,2.2453,3.0147
-2.2375,-3.0766,-1.1282,-2.7442,-1.3312,2.122,2.2369,3.0027
-2.2992,-3.0883,-1.102,-2.7127,-1.3685,2.1497,2.2286,2.9902
-2.3611,-3.0992,-1.0764,-2.6803,-1.4063,2.1771,2.2203,2.9771
-2.4232,-3.1094,-1.0514,-2.6469,-1.4447,2.2043,2.2121,2.9634
-2.4853,-3.1188,-1.027,-2.6126,-1.4836,2.2313,2.2039,2.9492
-2.5474,-3.1275,-1.0032,-2.5775,-1.5229,2.258,2.1958,2.9344
-2.6096,-3.1355,-0.97996,-2.5414,-1.5627,2.2845,2.1877,2.919
-2.6717,-3.1427,-0.95728,-2.5044,-1.603,2.3108,2.1796,2.9031
-2.7337,-3.1492,-0.93515,-2.4666,-1.6437,2.3368,2.1715,2.8866
-2.7957,-3.155,-0.91358,-2.4279,-1.6847,2.3625,2.1634,2.8695
-2.8574,-3.16,-0.89254,-2.3884,-1.7262,2.3879,2.1553,2.8519
-2.9189,-3.1643,-0.87203,-2.3481,-1.7679,2.4131,2.1471,2.8337
-2.9802,-3.168,-0.85204,-2.3069,-1.8101,2.438,2.1389,2.8149
-3.0412,-3.1708,-0.83255,-2.265,-1.8525,2.4625,2.1307,2.7955
-3.1018,-3.173,-0.81354,-2.2223,-1.8951,2.4868,2.1224,2.7755
-3.162,-3.1745,-0.79502,-2.1788,-1.938,2.5107,2.114,2.755
-3.2218,-3.1753,-0.77695,-2.1346,-1.9812,2.5343,2.1055,2.7339
-3.281,-3.1753,-0.75933,-2.0896,-2.0245,2.5576,2.097,2.7122
-3.3398,-3.1747,-0.74213,-2.044,-2.0679,2.5805,2.0883,2.6899
-3.3979,-3.1734,-0.72534,-1.9976,-2.1115,2.6031,2.0795,2.667
-3.4554,-3.1714,-0.70895,-1.9506,-2.1552,2.6253,2.0705,2.6436
-3.5123,-3.1687,-0.69293,-1.9029,-2.199,2.6471,2.0614,2.6195
-3.5684,-3.1653,-0.67727,-1.8545,-2.2427,2.6685,2.0521,2.5949
-3.6238,-3.1612,-0.66194,-1.8056,-2.2865,2.6896,2.0427,2.5697
-3.6783,-3.1565,-0.64692,-1.756,-2.3303,2.7102,2.033,2.5439
-3.732,-3.1511,-0.6322,-1.7059,-2.3739,2.7304,2.0231,2.5175
-3.7847,-3.145,-0.61776,-1.6552,-2.4175,2.7502,2.013,2.4905
-3.8366,-3.1383,-0.60357,-1.604,-2.461,2.7696,2.0027,2.4629
-3.8874,-3.1309,-0.58961,-1.5522,-2.5042,2.7885,1.9921,2.4347
-3.9372,-3.1229,-0.57585,-1.5,-2.5473,2.807,1.9812,2.406
-3.9858,-3.1142,-0.56228,-1.4472,-2.5902,2.8249,1.9701,2.3766
-4.0334,-3.1049,-0.54888,-1.394,-2.6327,2.8424,1.9586,2.3467
-4.0798,-3.0949,-0.53561,-1.3404,-2.675,2.8594,1.9468,2.3161
-4.125,-3.0843,-0.52246,-1.2863,-2.7169,2.8759,1.9347,2.285
-4.1689,-3.0731,-0.5094,-1.2319,-2.7585,2.8919,1.9223,2.2533
-4.2115,-3.0613,-0.49641,-1.177,-2.7996,2.9074,1.9094,2.221
-4.2528,-3.0489,-0.48346,-1.1218,-2.8403,2.9223,1.8962,2.1881
-4.2927,-3.0358,-0.47053,-1.0663,-2.8805,2.9367,1.8826,2.1547
-4.3312,-3.0222,-0.4576,-1.0104,-2.9202,2.9505,1.8686,2.1206
-4.3682,-3.008,-0.44464,-0.95426,-2.9594,2.9637,1.8542,2.086
-4.4038,-2.9932,-0.43162,-0.89782,-2.9979,2.9763,1.8393,2.0508
-4.4378,-2.9778,-0.41853,-0.84113,-3.0359,2.9884,1.824,2.015
-4.4703,-2.9619,-0.40533,-0.78419,-3.0732,2.9998,1.8082,1.9786
-4.5012,-2.9454,-0.392,-0.72704,-3.1098,3.0107,1.7919,1.9417
-4.5304,-2.9284,-0.37852,-0.6697,-3.1456,3.0209,1.7751,1.9042
-4.558,-2.9108,-0.36487,-0.61218,-3.1808,3.0305,1.7578,1.8662
-4.584,-2.8928,-0.35101,-0.5545,-3.2151,3.0394,1.74,1.8275
-4.6082,-2.8742,-0.33694,-0.49669,-3.2486,3.0477,1.7216,1.7884
-4.6306,-2.8551,-0.32261,-0.43876,-3.2813,3.0553,1.7027,1.7486
-4.6514,-2.8355,-0.30801,-0.38074,-3.3131,3.0622,1.6832,1.7083
-4.6703,-2.8154,-0.29312,-0.32264,-3.344,3.0684,1.6631,1.6675
-4.6874,-2.7949,-0.27791,-0.26449,-3.3739,3.074,1.6424,1.6262
-4.7026,-2.7739,-0.26236,-0.20631,-3.4029,3.0788,1.6211,1.5843
-4.716,-2.7525,-0.24645,-0.14811,-3.4308,3.083,1.5992,1.5419
-4.7275,-2.7306,-0.23015,-0.089924,-3.4578,3.0864,1.5767,1.4989
-4.7371,-2.7084,-0.21345,-0.031761,-3.4836,3.0891,1.5535,1.4555
-4.7448,-2.6857,-0.19632,0.026354,-3.5084,3.0911,1.5296,1.4115
-4.7506,-2.6627,-0.17874,0.084402,-3.5321,3.0924,1.5051,1.3671
-4.7545,-2.6393,-0.1607,0.14236,-3.5546,3.0929,1.4799,1.3221
-4.7563,-2.6155,-0.14217,0.20022,-3.576,3.0926,1.4541,1.2767
-4.7562,-2.5914,-0.12314,0.25794,-3.5962,3.0916,1.4275,1.2308
-4.7542,-2.5669,-0.10358,0.31552,-3.6152,3.0899,1.4002,1.1845
-4.7501,-2.5422,-0.083484,0.37293,-3.6329,3.0874,1.3722,1.1377
-4.7441,-2.5171,-0.062828,0.43015,-3.6494,3.0841,1.3435,1.0904
-4.736,-2.4918,-0.041598,0.48716,-3.6646,3.0801,1.314,1.0428
-4.726,-2.4662,-0.019778,0.54394,-3.6786,3.0753,1.2838,0.99466
-4.7139,-2.4404,0.0026476,0.60048,-3.6912,3.0697,1.2529,0.94616
-4.6999,-2.4144,0.025692,0.65674,-3.7025,3.0634,1.2212,0.89726
-4.6838,-2.3881,0.049369,0.71272,-3.7125,3.0563,1.1887,0.84798
-4.6657,-2.3617,0.073691,0.76839,-3.7211,3.0484,1.1555,0.79833
-4.6457,-2.3351,0.09867,0.82373,-3.7283,3.0398,1.1215,0.74833
-4.6236,-2.3083,0.12432,0.87872,-3.7342,3.0304,1.0868,0.69797
-4.5996,-2.2814,0.15064,0.93334,-3.7387,3.0203,1.0513,0.6473
-4.5736,-2.2544,0.17766,0.98757,-3.7418,3.0094,1.015,0.5963
-4.5456,-2.2273,0.20536,1.0414,-3.7434,2.9977,0.97798,0.54501
-4.5156,-2.2001,0.23378,1.0948,-3.7437,2.9853,0.94016,0.49344
-4.4838,-2.1728,0.2629,1.1477,-3.7425,2.9722,0.90157,0.4416
-4.4499,-2.1455,0.29274,1.2002,-3.74,2.9583,0.86221,0.38951
-4.4142,-2.1181,0.3233,1.2522,-3.7359,2.9438,0.82208,0.33719
-4.3766,-2.0907,0.35458,1.3036,-3.7305,2.9284,0.78119,0.28465
-4.3371,-2.0633,0.38659,1.3546,-3.7236,2.9124,0.73953,0.23191
-4.2957,-2.036,0.41933,1.405,-3.7153,2.8957,0.69711,0.17899
-4.2525,-2.0086,0.4528,1.4548,-3.7055,2.8783,0.65395,0.12592
-4.2074,-1.9813,0.487,1.504,-3.6944,2.8602,0.61003,0.072694
-4.1606,-1.9541,0.52193,1.5527,-3.6817,2.8414,0.56538,0.019348
-4.112,-1.927,0.55758,1.6007,-3.6677,2.822,0.51999,-0.034101
-4.0616,-1.8999,0.59396,1.648,-3.6523,2.8019,0.47388,-0.087635
-4.0095,-1.873,0.63106,1.6947,-3.6354,2.7812,0.42705,-0.14123
-3.9557,-1.8462,0.66887,1.7407,-3.6172,2.7599,0.37952,-0.19488
-3.9003,-1.8195,0.70739,1.786,-3.5975,2.738,0.3313,-0.24854
-3.8432,-1.7929,0.74661,1.8306,-3.5765,2.7155,0.28239,-0.30221
-3.7845,-1.7665,0.78652,1.8744,-3.5541,2.6924,0.23281,-0.35586
-3.7242,-1.7403,0.82712,1.9175,-3.5303,2.6687,0.18257,-0.40947
-3.6624,-1.7142,0.86838,1.9599,-3.5053,2.6445,0.13169,-0.46302
-3.599,-1.6884,0.91031,2.0014,-3.4788,2.6197,0.080174,-0.51649
-3.5342,-1.6627,0.95289,2.0421,-3.4511,2.5945,0.028047,-0.56986
-3.468,-1.6372,0.99611,2.082,-3.4221,2.5687,-0.024678,-0.6231
-3.4004,-1.6119,1.0399,2.1211,-3.3918,2.5425,-0.077985,-0.67619
-3.3313,-1.5869,1.0844,2.1593,-3.3602,2.5158,-0.13186,-0.72912
-3.261,-1.5621,1.1294,2.1966,-3.3274,2.4886,-0.18627,-0.78186
-3.1894,-1.5375,1.175,2.2331,-3.2934,2.461,-0.24122,-0.83438
-3.1165,-1.5131,1.2212,2.2686,-3.2582,2.4331,-0.29667,-0.88667
-3.0424,-1.489,1.2679,2.3033,-3.2219,2.4047,-0.35261,-0.9387
-2.9671,-1.465,1.3151,2.337,-3.1844,2.3759,-0.40902,-0.99046
-2.8908,-1.4414,1.3628,2.3698,-3.1457,2.3468,-0.46587,-1.0419
-2.8133,-1.4179,1.411,2.4017,-3.106,2.3173,-0.52315,-1.0931
-2.7348,-1.3947,1.4596,2.4325,-3.0652,2.2876,-0.58082,-1.1439
-2.6553,-1.3717,1.5086,2.4625,-3.0233,2.2575,-0.63888,-1.1943
-2.5748,-1.349,1.5581,2.4914,-2.9804,2.2272,-0.69728,-1.2444
-2.4934,-1.3264,1.6079,2.5194,-2.9366,2.1965,-0.75602,-1.294
-2.4111,-1.3041,1.6581,2.5463,-2.8917,2.1657,-0.81506,-1.3433
-2.3281,-1.282,1.7086,2.5723,-2.8459,2.1346,-0.87438,-1.3921
-2.2442,-1.2601,1.7594,2.5972,-2.7993,2.1033,-0.93395,-1.4404
-2.1596,-1.2383,1.8104,2.6211,-2.7517,2.0718,-0.99375,-1.4883
-2.0743,-1.2168,1.8617,2.6441,-2.7033,2.0401,-1.0537,-1.5357
-1.9884,-1.1955,1.9132,2.6659,-2.6541,2.0082,-1.1139,-1.5825
-1.9019,-1.1743,1.9649,2.6868,-2.6041,1.9763,-1.1742,-1.6288
-1.8148,-1.1532,2.0167,2.7066,-2.5533,1.9441,-1.2347,-1.6746
-1.7273,-1.1323,2.0687,2.7254,-2.5018,1.9119,-1.2952,-1.7198
-1.6393,-1.1115,2.1207,2.7432,-2.4496,1.8796,-1.3558,-1.7645
-1.5508,-1.0909,2.1727,2.7599,-2.3968,1.8472,-1.4164,-1.8085
-1.4621,-1.0703,2.2248,2.7756,-2.3433,1.8147,-1.477,-1.8519
-1.373,-1.0498,2.2768,2.7903,-2.2892,1.7821,-1.5376,-1.8947
-1.2836,-1.0293,2.3288,2.8039,-2.2346,1.7496,-1.5981,-1.9369
-1.1941,-1.0089,2.3807,2.8166,-2.1794,1.7169,-1.6586,-1.9784
-1.1043,-0.98856,2.4325,2.8282,-2.1237,1.6843,-1.7189,-2.0193
-1.0145,-0.96819,2.4841,2.8387,-2.0676,1.6517,-1.7791,-2.0595
-0.92453,-0.94781,2.5355,2.8483,-2.011,1.619,-1.8391,-2.099
-0.83457,-0.92738,2.5866,2.8569,-1.954,1.5864,-1.899,-2.1378
-0.74464,-0.90691,2.6375,2.8645,-1.8967,1.5538,-1.9585,-2.1759
-0.65478,-0.88635,2.6881,2.8711,-1.839,1.5212,-2.0178,-2.2133
-0.56503,-0.8657,2.7383,2.8768,-1.7809,1.4886,-2.0769,-2.25
-0.47544,-0.84492,2.7881,2.8815,-1.7226,1.4561,-2.1355,-2.286
-0.38607,-0.824,2.8375,2.8852,-1.6641,1.4237,-2.1939,-2.3212
-0.29695,-0.80291,2.8865,2.888,-1.6053,1.3912,-2.2518,-2.3557
-0.20813,-0.78163,2.9349,2.8899,-1.5464,1.3589,-2.3093,-2.3895
-0.11966,-0.76015,2.9828,2.8909,-1.4873,1.3266,-2.3664,-2.4225
-0.031581,-0.73842,3.0301,2.891,-1.428,1.2944,-2.423,-2.4548
0.056056,-0.71644,3.0768,2.8902,-1.3687,1.2623,-2.4791,-2.4863
0.14321,-0.69418,3.1228,2.8886,-1.3093,1.2302,-2.5347,-2.5171
0.22983,-0.67161,3.1681,2.8861,-1.2499,1.1982,-2.5897,-2.5471
0.31589,-0.64871,3.2127,2.8828,-1.1904,1.1663,-2.6441,-2.5764
0.40132,-0.62547,3.2565,2.8787,-1.131,1.1345,-2.6978,-2.6049
0.4861,-0.60186,3.2995,2.8739,-1.0716,1.1027,-2.751,-2.6326
0.57017,-0.57785,3.3416,2.8683,-1.0123,1.071,-2.8034,-2.6597
0.6535,-0.55343,3.3829,2.8619,-0.95312,1.0394,-2.8551,-2.6859
0.73605,-0.52857,3.4232,2.8548,-0.89404,1.0079,-2.9061,-2.7115
0.81776,-0.50326,3.4626,2.847,-0.83511,0.97637,-2.9563,-2.7362
0.89861,-0.47748,3.5009,2.8386,-0.77636,0.94496,-3.0058,-2.7603
0.97855,-0.4512,3.5383,2.8295,-0.71781,0.9136,-3.0544,-2.7836
1.0575,-0.42441,3.5745,2.8198,-0.65949,0.88231,-3.1021,-2.8062
1.1355,-0.39709,3.6096,2.8095,-0.60142,0.85106,-3.149,-2.8281
1.2125,-0.36922,3.6436,2.7986,-0.54363,0.81986,-3.195,-2.8493
1.2884,-0.3408,3.6765,2.7872,-0.48613,0.7887,-3.2401,-2.8697
1.3633,-0.31179,3.7081,2.7752,-0.42896,0.75758,-3.2842,-2.8895
1.4369,-0.2822,3.7384,2.7628,-0.37213,0.72648,-3.3274,-2.9086
1.5094,-0.252,3.7675,2.7499,-0.31566,0.69541,-3.3696,-2.9269
1.5808,-0.22119,3.7953,2.7365,-0.25958,0.66435,-3.4107,-2.9446
1.6508,-0.18976,3.8218,2.7227,-0.2039,0.63331,-3.4508,-2.9617
1.7196,-0.15769,3.8468,2.7085,-0.14865,0.60226,-3.4898,-2.978
1.7871,-0.12498,3.8705,2.6939,-0.093837,0.5712,-3.5278,-2.9938
1.8532,-0.091616,3.8927,2.679,-0.039492,0.54013,-3.5646,-3.0088
1.918,-0.057599,3.9135,2.6637,0.014372,0.50904,-3.6003,-3.0233
1.9814,-0.022922,3.9328,2.6482,0.067736,0.47792,-3.6349,-3.0371
2.0434,0.012419,3.9506,2.6324,0.12058,0.44676,-3.6683,-3.0503
2.1039,0.048424,3.9669,2.6163,0.1729,0.41555,-3.7005,-3.0629
2.1629,0.085095,3.9816,2.6,0.22466,0.38429,-3.7314,-3.0749
2.2204,0.12243,3.9947,2.5835,0.27586,0.35297,-3.7612,-3.0863
2.2764,0.16043,4.0062,2.5669,0.32647,0.32157,-3.7897,-3.0971
2.3309,0.19909,4.0161,2.55,0.37649,0.29011,-3.817,-3.1074
2.3837,0.2384,4.0243,2.5331,0.4259,0.25855,-3.843,-3.117
2.435,0.27836,4.0309,2.516,0.47468,0.22691,-3.8677,-3.1262
2.4846,0.31896,4.0358,2.4989,0.52283,0.19516,-3.891,-3.1347
2.5326,0.36019,4.0389,2.4816,0.57032,0.16331,-3.9131,-3.1428
2.5789,0.40204,4.0404,2.4644,0.61716,0.13135,-3.9338,-3.1503
2.6236,0.4445,4.0401,2.4471,0.66331,0.099267,-3.9532,-3.1572
2.6666,0.48756,4.0381,2.4298,0.70878,0.067061,-3.9712,-3.1637
2.7078,0.5312,4.0344,2.4124,0.75355,0.034725,-3.9878,-3.1696
2.7473,0.57541,4.0288,2.3952,0.79761,0.0022527,-4.003,-3.1751
2.7851,0.62016,4.0215,2.3779,0.84095,-0.030359,-4.0169,-3.18
2.8212,0.66544,4.0124,2.3607,0.88356,-0.063116,-4.0293,-3.1844
2.8555,0.71124,4.0015,2.3436,0.92543,-0.096022,-4.0403,-3.1884
2.888,0.75753,3.9888,2.3266,0.96656,-0.12908,-4.0499,-3.1918
2.9188,0.80428,3.9743,2.3097,1.0069,-0.16229,-4.058,-3.1948
2.9477,0.85148,3.958,2.2928,1.0465,-0.19566,-4.0647,-3.1973
2.9749,0.8991,3.9399,2.2761,1.0854,-0.22919,-4.0699,-3.1993
3.0003,0.94713,3.9199,2.2596,1.1234,-0.26288,-4.0737,-3.2008
3.0239,0.99552,3.8982,2.2431,1.1607,-0.29674,-4.076,-3.2019
3.0457,1.0443,3.8746,2.2268,1.1972,-0.33075,-4.0769,-3.2025
3.0657,1.0933,3.8492,2.2107,1.2328,-0.36493,-4.0763,-3.2026
3.0839,1.1426,3.822,2.1947,1.2677,-0.39927,-4.0742,-3.2022
3.1003,1.1922,3.7931,2.1789,1.3018,-0.43377,-4.0706,-3.2014
3.1149,1.2421,3.7623,2.1633,1.335,-0.46843,-4.0655,-3.2001
3.1278,1.2921,3.7297,2.1478,1.3675,-0.50325,-4.059,-3.1984
3.1389,1.3423,3.6954,2.1325,1.3991,-0.53822,-4.0509,-3.1961
3.1482,1.3926,3.6593,2.1173,1.4299,-0.57334,-4.0414,-3.1934
3.1557,1.443,3.6214,2.1024,1.4599,-0.60861,-4.0304,-3.1902
3.1615,1.4935,3.5818,2.0876,1.489,-0.64402,-4.018,-3.1866
3.1655,1.544,3.5405,2.073,1.5174,-0.67957,-4.004,-3.1824
3.1679,1.5946,3.4975,2.0585,1.5449,-0.71524,-3.9886,-3.1778
3.1685,1.6451,3.4527,2.0442,1.5715,-0.75105,-3.9717,-3.1727
3.1674,1.6955,3.4063,2.0301,1.5974,-0.78697,-3.9534,-3.1671
3.1647,1.7458,3.3583,2.0161,1.6224,-0.823,-3.9336,-3.161
3.1602,1.796,3.3086,2.0023,1.6465,-0.85914,-3.9124,-3.1544
3.1542,1.846,3.2573,1.9886,1.6699,-0.89538,-3.8897,-3.1473
3.1465,1.8958,3.2044,1.9751,1.6924,-0.9317,-3.8656,-3.1397
3.1373,1.9454,3.1499,1.9616,1.7141,-0.9681,-3.84,-3.1316
3.1264,1.9947,3.0939,1.9483,1.735,-1.0046,-3.8131,-3.123
3.1141,2.0437,3.0364,1.9351,1.7551,-1.0411,-3.7848,-3.1139
3.1002,2.0924,2.9774,1.9219,1.7744,-1.0777,-3.755,-3.1042
3.0848,2.1406,2.917,1.9089,1.7928,-1.1143,-3.7239,-3.094
3.068,2.1885,2.8551,1.8959,1.8105,-1.151,-3.6915,-3.0833
3.0497,2.2359,2.7919,1.8829,1.8274,-1.1876,-3.6577,-3.072
3.03,2.2829,2.7273,1.87,1.8434,-1.2243,-3.6226,-3.0602
3.009,2.3293,2.6613,1.8571,1.8587,-1.261,-3.5862,-3.0479
2.9866,2.3752,2.5941,1.8442,1.8733,-1.2977,-3.5485,-3.0349
2.9629,2.4206,2.5256,1.8313,1.8871,-1.3343,-3.5096,-3.0215
2.938,2.4653,2.456,1.8184,1.9001,-1.3709,-3.4694,-3.0075
2.9118,2.5094,2.3851,1.8055,1.9124,-1.4075,-3.428,-2.9929
2.8844,2.5529,2.3131,1.7925,1.9239,-1.444,-3.3854,-2.9777
2.8559,2.5956,2.24,1.7794,1.9347,-1.4804,-3.3416,-2.962
2.8263,2.6377,2.1659,1.7663,1.9448,-1.5167,-3.2967,-2.9457
2.7957,2.679,2.0907,1.753,1.9543,-1.5529,-3.2506,-2.9289
2.7639,2.7196,2.0146,1.7397,1.963,-1.5891,-3.2035,-2.9114
2.7313,2.7593,1.9375,1.7262,1.9711,-1.6251,-3.1553,-2.8934
2.6976,2.7983,1.8596,1.7125,1.9785,-1.6609,-3.106,-2.8748
2.6631,2.8364,1.7808,1.6987,1.9852,-1.6967,-3.0558,-2.8557
2.6277,2.8737,1.7012,1.6846,1.9914,-1.7322,-3.0046,-2.8359
2.5916,2.9101,1.6209,1.6704,1.9969,-1.7676,-2.9524,-2.8156
2.5546,2.9456,1.5399,1.656,2.0018,-1.8028,-2.8993,-2.7947
2.517,2.9802,1.4583,1.6413,2.0062,-1.8378,-2.8454,-2.7732
2.4787,3.0138,1.376,1.6264,2.0099,-1.8726,-2.7906,-2.7512
2.4398,3.0465,1.2933,1.6112,2.0132,-1.9072,-2.735,-2.7286
2.4003,3.0782,1.21,1.5958,2.0159,-1.9416,-2.6787,-2.7054
2.3603,3.109,1.1262,1.58,2.0181,-1.9757,-2.6216,-2.6817
2.3198,3.1388,1.0421,1.564,2.0199,-2.0096,-2.5638,-2.6574
2.279,3.1675,0.9576,1.5476,2.0211,-2.0432,-2.5054,-2.6325
2.2378,3.1952,0.87283,1.5309,2.0219,-2.0766,-2.4463,-2.6072
2.1962,3.222,0.78781,1.5138,2.0223,-2.1096,-2.3867,-2.5813
2.1544,3.2476,0.70261,1.4964,2.0223,-2.1424,-2.3266,-2.5548
2.1124,3.2723,0.61727,1.4786,2.022,-2.1749,-2.266,-2.5279
2.0702,3.2958,0.53184,1.4604,2.0212,-2.2071,-2.2049,-2.5004
2.028,3.3184,0.44639,1.4418,2.0201,-2.2389,-2.1435,-2.4725
1.9857,3.3398,0.36096,1.4228,2.0188,-2.2705,-2.0816,-2.444
1.9433,3.3602,0.27561,1.4035,2.0171,-2.3017,-2.0195,-2.4151
1.9011,3.3796,0.19038,1.3837,2.0152,-2.3325,-1.9571,-2.3858
1.8589,3.3978,0.10534,1.3635,2.013,-2.3631,-1.8945,-2.356
1.8169,3.415,0.020537,1.3428,2.0106,-2.3932,-1.8318,-2.3257
1.7751,3.4311,-0.063976,1.3217,2.008,-2.423,-1.7689,-2.2951
1.7335,3.4462,-0.14815,1.3002,2.0053,-2.4525,-1.7059,-2.264
1.6923,3.4602,-0.23192,1.2782,2.0024,-2.4815,-1.6429,-2.2326
1.6514,3.4731,-0.31524,1.2558,1.9994,-2.5102,-1.5799,-2.2008
1.6109,3.4849,-0.39806,1.2329,1.9963,-2.5385,-1.517,-2.1686
1.5709,3.4957,-0.48033,1.2096,1.9931,-2.5664,-1.4542,-2.1361
1.5314,3.5055,-0.56198,1.1858,1.9899,-2.594,-1.3916,-2.1033
1.4925,3.5142,-0.64298,1.1616,1.9867,-2.6211,-1.3292,-2.0702
1.4541,3.5219,-0.72327,1.137,1.9835,-2.6478,-1.267,-2.0369
1.4164,3.5286,-0.8028,1.1119,1.9804,-2.6742,-1.2051,-2.0033
1.3794,3.5342,-0.88152,1.0863,1.9773,-2.7001,-1.1436,-1.9695
