0.11395,-0.31336,1.5995,-0.75148,0.75356,0.37535,-0.99332,0.26786
0.0057633,-0.26237,1.5048,-0.71657,0.68851,0.37614,-0.93287,0.26711
-0.10224,-0.21113,1.4096,-0.68034,0.62351,0.37602,-0.87232,0.26556
-0.20998,-0.15971,1.3139,-0.64285,0.55857,0.37503,-0.81169,0.26326
-0.31742,-0.10819,1.218,-0.60416,0.49371,0.37318,-0.751,0.26024
-0.42449,-0.056651,1.1216,-0.56434,0.42895,0.37054,-0.69025,0.25653
-0.53113,-0.0051869,1.025,-0.52344,0.36431,0.36712,-0.62947,0.25218
-0.63728,0.046124,0.92817,-0.48154,0.2998,0.36296,-0.56867,0.24722
-0.74287,0.0972,0.83112,-0.4387,0.23545,0.35811,-0.50787,0.2417
-0.84784,0.14796,0.73392,-0.39499,0.17126,0.35261,-0.44708,0.23566
-0.95213,0.19831,0.6366,-0.35048,0.10726,0.34648,-0.38632,0.22913
-1.0557,0.24818,0.53922,-0.30525,0.043472,0.33978,-0.3256,0.22217
-1.1584,0.29749,0.44182,-0.25936,-0.020095,0.33255,-0.26494,0.21481
-1.2603,0.34616,0.34445,-0.21289,-0.083418,0.32482,-0.20436,0.2071
-1.3612,0.3941,0.24714,-0.16592,-0.14648,0.31665,-0.14387,0.19909
-1.4611,0.44125,0.14996,-0.11852,-0.20926,0.30806,-0.083499,0.19081
-1.56,0.48751,0.052938,-0.07077,-0.27174,0.29912,-0.023254,0.18231
-1.6577,0.53283,-0.043869,-0.022746,-0.3339,0.28985,0.036843,0.17364
-1.7542,0.57712,-0.14041,0.025472,-0.39572,0.2803,0.096773,0.16483
-1.8494,0.62031,-0.23665,0.073807,-0.45718,0.27053,0.15652,0.15594
-1.9433,0.66234,-0.33252,0.12218,-0.51825,0.26056,0.21606,0.14701
-2.0357,0.70312,-0.42799,0.17051,-0.57893,0.25045,0.27537,0.13809
-2.1267,0.7426,-0.523,0.21871,-0.63918,0.24024,0.33445,0.12921
-2.2162,0.78072,-0.6175,0.26672,-0.69898,0.22997,0.39325,0.12041
-2.304,0.8174,-0.71143,0.31445,-0.75832,0.21968,0.45177,0.11176
-2.3902,0.85259,-0.80476,0.36181,-0.81716,0.20943,0.50998,0.10327
-2.4746,0.88623,-0.89742,0.40874,-0.8755,0.19924,0.56785,0.095002
-2.5572,0.91826,-0.98936,0.45515,-0.93329,0.18917,0.62537,0.086989
-2.6379,0.94863,-1.0805,0.50097,-0.99052,0.17925,0.68251,0.079273
-2.7167,0.9773,-1.1709,0.54612,-1.0472,0.16952,0.73925,0.071892
-2.7934,1.0042,-1.2604,0.59052,-1.1032,0.16003,0.79556,0.064884
-2.8681,1.0293,-1.3489,0.6341,-1.1586,0.15081,0.85141,0.058287
-2.9407,1.0526,-1.4365,0.67678,-1.2133,0.1419,0.90679,0.052135
-3.011,1.0739,-1.523,0.7185,-1.2673,0.13334,0.96166,0.046462
-3.0791,1.0934,-1.6084,0.75918,-1.3207,0.12516,1.016,0.041303
-3.1449,1.1109,-1.6927,0.79874,-1.3732,0.1174,1.0698,0.036689
-3.2082,1.1264,-1.7758,0.83713,-1.425,0.1101,1.1229,0.03265
-3.2692,1.1399,-1.8576,0.87427,-1.476,0.10328,1.1755,0.029214
-3.3276,1.1513,-1.9381,0.91011,-1.5262,0.096973,1.2274,0.02641
-3.3834,1.1607,-2.0172,0.94457,-1.5755,0.091213,1.2786,0.024261
-3.4367,1.168,-2.0949,0.9776,-1.6239,0.086027,1.3291,0.022793
-3.4872,1.1732,-2.1712,1.0091,-1.6714,0.081441,1.3789,0.022027
-3.535,1.1763,-2.2458,1.0391,-1.718,0.077481,1.4279,0.021984
-3.5801,1.1774,-2.3189,1.0675,-1.7635,0.074169,1.4761,0.022681
-3.6223,1.1763,-2.3904,1.0942,-1.8081,0.071528,1.5234,0.024135
-3.6617,1.173,-2.4601,1.1193,-1.8516,0.069579,1.5699,0.026361
-3.6981,1.1677,-2.5281,1.1425,-1.8941,0.068338,1.6155,0.029371
-3.7316,1.1603,-2.5942,1.164,-1.9354,0.067823,1.6601,0.033176
-3.762,1.1507,-2.6585,1.1836,-1.9756,0.068049,1.7037,0.037784
-3.7894,1.1391,-2.7209,1.2014,-2.0146,0.069028,1.7464,0.043201
-3.8137,1.1254,-2.7813,1.2173,-2.0524,0.070771,1.788,0.049433
-3.8349,1.1097,-2.8396,1.2312,-2.089,0.073287,1.8285,0.056481
-3.853,1.0919,-2.8959,1.2431,-2.1244,0.076584,1.8679,0.064344
-3.8679,1.0722,-2.9501,1.253,-2.1584,0.080666,1.9061,0.073023
-3.8795,1.0505,-3.002,1.2609,-2.1911,0.085536,1.9432,0.082511
-3.8879,1.0268,-3.0518,1.2668,-2.2224,0.091196,1.979,0.092803
-3.8931,1.0013,-3.0992,1.2706,-2.2524,0.097644,2.0135,0.10389
-3.8949,0.97387,-3.1443,1.2723,-2.2809,0.10488,2.0468,0.11576
-3.8935,0.94466,-3.1871,1.272,-2.308,0.11289,2.0788,0.12841
-3.8887,0.91369,-3.2274,1.2696,-2.3336,0.12168,2.1093,0.14181
-3.8806,0.881,-3.2653,1.265,-2.3577,0.13123,2.1385,0.15595
-3.8692,0.84665,-3.3006,1.2584,-2.3802,0.14153,2.1663,0.17081
-3.8545,0.81069,-3.3334,1.2497,-2.4011,0.15258,2.1926,0.18638
-3.8363,0.77319,-3.3636,1.2389,-2.4205,0.16435,2.2173,0.20262
-3.8149,0.73421,-3.3912,1.226,-2.4382,0.17682,2.2406,0.21951
-3.79,0.6938,-3.4161,1.211,-2.4543,0.18998,2.2623,0.23703
-3.7619,0.65205,-3.4382,1.194,-2.4687,0.20381,2.2824,0.25515
-3.7304,0.60901,-3.4577,1.175,-2.4814,0.21828,2.3008,0.27383
-3.6955,0.56476,-3.4744,1.154,-2.4923,0.23337,2.3176,0.29305
-3.6574,0.51938,-3.4883,1.1311,-2.5015,0.24906,2.3327,0.31277
-3.616,0.47294,-3.4993,1.1062,-2.5089,0.2653,2.3461,0.33295
-3.5712,0.42553,-3.5075,1.0793,-2.5145,0.28208,2.3578,0.35356
-3.5233,0.37722,-3.5129,1.0507,-2.5182,0.29935,2.3677,0.37456
-3.4721,0.3281,-3.5153,1.0202,-2.5202,0.31709,2.3757,0.39591
-3.4177,0.27826,-3.5148,0.98788,-2.5202,0.33526,2.382,0.41756
-3.3601,0.22777,-3.5113,0.95386,-2.5184,0.35383,2.3864,0.43947
-3.2994,0.17674,-3.5049,0.91816,-2.5146,0.37274,2.3889,0.4616
-3.2356,0.12526,-3.4956,0.88083,-2.509,0.39197,2.3896,0.4839
-3.1688,0.073404,-3.4832,0.84193,-2.5014,0.41147,2.3883,0.50632
-3.0989,0.021279,-3.4679,0.80152,-2.4918,0.43119,2.3852,0.52883
-3.0261,-0.031023,-3.4496,0.75967,-2.4803,0.4511,2.38,0.55135
-2.9503,-0.083407,-3.4283,0.71642,-2.4669,0.47114,2.3729,0.57386
-2.8717,-0.13578,-3.404,0.67187,-2.4514,0.49128,2.3639,0.59629
-2.7903,-0.18803,-3.3766,0.62607,-2.434,0.51145,2.3528,0.61859
-2.7061,-0.24008,-3.3463,0.5791,-2.4145,0.53162,2.3398,0.64071
-2.6192,-0.29183,-3.313,0.53103,-2.3931,0.55172,2.3247,0.66261
-2.5297,-0.34316,-3.2768,0.48195,-2.3696,0.57172,2.3076,0.68421
-2.4376,-0.394,-3.2375,0.43194,-2.3442,0.59155,2.2885,0.70548
-2.343,-0.44423,-3.1953,0.38107,-2.3167,0.61117,2.2673,0.72635
-2.2459,-0.49376,-3.1502,0.32943,-2.2873,0.63052,2.2442,0.74678
-2.1465,-0.5425,-3.1022,0.27711,-2.2558,0.64954,2.219,0.7667
-2.0447,-0.59034,-3.0512,0.2242,-2.2223,0.66819,2.1917,0.78606
-1.9408,-0.63719,-2.9974,0.17078,-2.1868,0.68641,2.1624,0.80481
-1.8347,-0.68295,-2.9408,0.11695,-2.1494,0.70413,2.1311,0.82289
-1.7265,-0.72754,-2.8813,0.062803,-2.1099,0.72132,2.0977,0.84024
-1.6163,-0.77085,-2.8191,0.0084294,-2.0685,0.7379,2.0624,0.85682
-1.5042,-0.81279,-2.7541,-0.046074,-2.0251,0.75383,2.025,0.87257
-1.3903,-0.85328,-2.6864,-0.10061,-1.9798,0.76904,1.9856,0.88743
-1.2746,-0.89223,-2.6161,-0.15509,-1.9326,0.78349,1.9442,0.90136
-1.1572,-0.92954,-2.5431,-0.2094,-1.8834,0.79712,1.9009,0.91429
-1.0383,-0.96514,-2.4675,-0.26346,-1.8323,0.80987,1.8556,0.92619
-0.91791,-0.99894,-2.3894,-0.31716,-1.7794,0.82169,1.8083,0.93699
-0.79609,-1.0309,-2.3088,-0.3704,-1.7246,0.83252,1.7591,0.94665
-0.67296,-1.0608,-2.2258,-0.42309,-1.6679,0.84232,1.708,0.95512
-0.54861,-1.0887,-2.1403,-0.47513,-1.6095,0.85102,1.655,0.96235
-0.42313,-1.1146,-2.0526,-0.52642,-1.5492,0.85858,1.6002,0.96829
-0.2966,-1.1382,-1.9626,-0.57685,-1.4872,0.86495,1.5435,0.9729
-0.16913,-1.1596,-1.8703,-0.62635,-1.4235,0.87007,1.485,0.97614
-0.04081,-1.1787,-1.776,-0.6748,-1.3581,0.8739,1.4247,0.97797
0.088275,-1.1954,-1.6795,-0.72211,-1.291,0.87639,1.3626,0.97833
0.21803,-1.2097,-1.581,-0.76819,-1.2222,0.87749,1.2989,0.9772
0.34835,-1.2215,-1.4806,-0.81294,-1.1519,0.87717,1.2334,0.97453
0.47916,-1.2308,-1.3782,-0.85627,-1.08,0.87536,1.1663,0.97029
0.61034,-1.2375,-1.2741,-0.8981,-1.0066,0.87205,1.0976,0.96445
0.74182,-1.2416,-1.1682,-0.93833,-0.93167,0.86717,1.0273,0.95697
0.87349,-1.243,-1.0606,-0.97688,-0.8553,0.86071,0.95541,0.94782
1.0053,-1.2418,-0.95147,-1.0137,-0.77752,0.85261,0.88205,0.93697
1.137,-1.2378,-0.84079,-1.0486,-0.69838,0.84285,0.80723,0.9244
1.2687,-1.231,-0.72866,-1.0816,-0.61792,0.8314,0.731,0.91008
1.4002,-1.2215,-0.61517,-1.1126,-0.53618,0.81822,0.65339,0.894
1.5315,-1.2091,-0.5004,-1.1415,-0.45321,0.80329,0.57445,0.87612
1.6623,-1.194,-0.38441,-1.1682,-0.36906,0.78657,0.49423,0.85644
1.7927,-1.176,-0.26731,-1.1928,-0.28377,0.76806,0.41278,0.83494
1.9226,-1.1552,-0.14917,-1.215,-0.19741,0.74772,0.33014,0.8116
2.0518,-1.1315,-0.030069,-1.2349,-0.11001,0.72555,0.24637,0.78642
2.1802,-1.1051,0.089902,-1.2523,-0.021627,0.70151,0.16152,0.75938
2.3079,-1.0757,0.21066,-1.2673,0.067678,0.67561,0.075644,0.73049
2.4346,-1.0436,0.33211,-1.2798,0.15785,0.64783,-0.011211,0.69974
2.5604,-1.0087,0.45418,-1.2897,0.24885,0.61816,-0.098986,0.66712
2.685,-0.97098,0.57678,-1.2969,0.3406,0.58659,-0.18763,0.63265
2.8085,-0.9305,0.69981,-1.3015,0.43306,0.55314,-0.27708,0.59632
2.9307,-0.8873,0.8232,-1.3034,0.52616,0.51779,-0.36728,0.55814
3.0516,-0.84139,0.94685,-1.3026,0.61985,0.48055,-0.45817,0.51813
3.171,-0.79282,1.0707,-1.299,0.71406,0.44143,-0.54969,0.47629
3.289,-0.74162,1.1946,-1.2926,0.80874,0.40043,-0.64179,0.43264
3.4053,-0.68784,1.3185,-1.2834,0.90382,0.35757,-0.73441,0.3872
3.52,-0.63152,1.4423,-1.2713,0.99924,0.31287,-0.82747,0.33999
3.633,-0.57272,1.5659,-1.2564,1.0949,0.26634,-0.92093,0.29104
3.7441,-0.5115,1.6893,-1.2387,1.1909,0.218,-1.0147,0.24036
3.8534,-0.44791,1.8123,-1.218,1.2869,0.16788,-1.1088,0.18798
3.9606,-0.38201,1.9348,-1.1945,1.3831,0.116,-1.203,0.13394
4.0659,-0.31388,2.0568,-1.1682,1.4793,0.062397,-1.2974,0.078273
4.169,-0.24357,2.1782,-1.139,1.5754,0.0070999,-1.3919,0.021007
4.27,-0.17118,2.2989,-1.1069,1.6714,-0.049855,-1.4863,-0.037816
4.3687,-0.096761,2.4188,-1.072,1.7673,-0.10843,-1.5808,-0.098157
4.4652,-0.020407,2.5378,-1.0344,1.8629,-0.16858,-1.6751,-0.15997
4.5593,0.057803,2.6558,-0.99388,1.9582,-0.23027,-1.7692,-0.22322
4.6509,0.13778,2.7728,-0.95066,2.0531,-0.29344,-1.863,-0.28785
4.7401,0.21944,2.8886,-0.90471,2.1476,-0.35806,-1.9566,-0.35381
4.8267,0.3027,3.0032,-0.85608,2.2416,-0.42406,-2.0498,-0.42106
4.9107,0.38745,3.1165,-0.80481,2.335,-0.4914,-2.1425,-0.48953
4.992,0.4736,3.2285,-0.75094,2.4278,-0.56002,-2.2347,-0.55918
5.0707,0.56105,3.3389,-0.69451,2.5199,-0.62985,-2.3264,-0.62995
5.1466,0.64971,3.4478,-0.6356,2.6111,-0.70084,-2.4174,-0.70177
5.2197,0.73947,3.5551,-0.57424,2.7016,-0.77293,-2.5077,-0.7746
5.29,0.83023,3.6607,-0.51051,2.7911,-0.84605,-2.5972,-0.84836
5.3574,0.92188,3.7645,-0.44445,2.8797,-0.92013,-2.686,-0.92299
5.4218,1.0143,3.8664,-0.37616,2.9672,-0.9951,-2.7738,-0.99843
5.4833,1.1074,3.9665,-0.30568,3.0536,-1.0709,-2.8606,-1.0746
5.5418,1.2011,4.0645,-0.2331,3.1389,-1.1474,-2.9465,-1.1515
5.5973,1.2953,4.1604,-0.1585,3.2229,-1.2247,-3.0313,-1.2289
5.6496,1.3898,4.2543,-0.081949,3.3056,-1.3025,-3.1149,-1.3069
5.6989,1.4845,4.3459,-0.003538,3.387,-1.3808,-3.1974,-1.3854
5.745,1.5794,4.4352,0.076649,3.467,-1.4596,-3.2786,-1.4642
5.788,1.6742,4.5222,0.15852,3.5455,-1.5388,-3.3584,-1.5434
5.8278,1.769,4.6069,0.24199,3.6224,-1.6182,-3.4369,-1.6228
5.8644,1.8636,4.689,0.32696,3.6978,-1.6979,-3.514,-1.7024
5.8978,1.9579,4.7686,0.41334,3.7715,-1.7776,-3.5896,-1.7821
5.928,2.0517,4.8457,0.50103,3.8435,-1.8575,-3.6637,-1.8618
5.9549,2.145,4.9201,0.58992,3.9137,-1.9372,-3.7361,-1.9414
5.9785,2.2376,4.9919,0.67992,3.9821,-2.0169,-3.807,-2.021
5.9989,2.3295,5.0609,0.77092,4.0486,-2.0963,-3.8761,-2.1003
6.016,2.4205,5.1271,0.86283,4.1133,-2.1754,-3.9435,-2.1793
6.0297,2.5105,5.1906,0.95552,4.1759,-2.2542,-4.0091,-2.258
6.0403,2.5995,5.2511,1.0489,4.2365,-2.3325,-4.0729,-2.3363
6.0475,2.6872,5.3087,1.1429,4.2951,-2.4102,-4.1347,-2.4141
6.0514,2.7737,5.3634,1.2373,4.3516,-2.4874,-4.1947,-2.4913
6.052,2.8588,5.415,1.3321,4.4059,-2.5638,-4.2527,-2.5678
6.0494,2.9425,5.4637,1.4271,4.458,-2.6394,-4.3087,-2.6436
6.0435,3.0245,5.5092,1.5223,4.5078,-2.7141,-4.3626,-2.7187
6.0343,3.1049,5.5517,1.6174,4.5554,-2.7879,-4.4145,-2.7928
6.0219,3.1835,5.5911,1.7125,4.6007,-2.8607,-4.4642,-2.866
6.0062,3.2603,5.6272,1.8075,4.6436,-2.9323,-4.5118,-2.9383
5.9873,3.3351,5.6603,1.9021,4.6842,-3.0028,-4.5572,-3.0094
5.9652,3.4079,5.6901,1.9963,4.7224,-3.072,-4.6003,-3.0794
5.9399,3.4786,5.7167,2.0899,4.7581,-3.1398,-4.6412,-3.1482
5.9115,3.5472,5.7401,2.183,4.7913,-3.2063,-4.6799,-3.2158
5.8799,3.6134,5.7602,2.2753,4.8221,-3.2712,-4.7162,-3.282
5.8453,3.6774,5.777,2.3667,4.8503,-3.3346,-4.7502,-3.3468
5.8075,3.739,5.7906,2.4572,4.876,-3.3964,-4.7819,-3.4101
5.7667,3.7981,5.8009,2.5467,4.8992,-3.4565,-4.8112,-3.472
5.7229,3.8547,5.8079,2.635,4.9198,-3.5149,-4.8381,-3.5323
5.676,3.9087,5.8117,2.722,4.9378,-3.5714,-4.8626,-3.5909
5.6263,3.9601,5.8121,2.8077,4.9532,-3.6261,-4.8846,-3.6479
5.5736,4.0088,5.8093,2.8919,4.966,-3.6789,-4.9043,-3.7032
5.5181,4.0548,5.8031,2.9746,4.9762,-3.7296,-4.9215,-3.7566
5.4597,4.098,5.7938,3.0557,4.9838,-3.7784,-4.9363,-3.8083
5.3985,4.1385,5.7811,3.135,4.9888,-3.8251,-4.9486,-3.8581
5.3346,4.176,5.7652,3.2125,4.9912,-3.8696,-4.9584,-3.906
5.268,4.2107,5.7461,3.2881,4.9909,-3.912,-4.9658,-3.9519
5.1988,4.2425,5.7237,3.3618,4.988,-3.9522,-4.9707,-3.9959
5.127,4.2714,5.6982,3.4333,4.9826,-3.9902,-4.9731,-4.0378
5.0526,4.2973,5.6694,3.5028,4.9745,-4.0258,-4.9731,-4.0776
4.9757,4.3202,5.6376,3.57,4.9638,-4.0592,-4.9707,-4.1154
4.8963,4.3401,5.6025,3.635,4.9506,-4.0902,-4.9657,-4.1511
4.8146,4.3571,5.5644,3.6976,4.9347,-4.1188,-4.9584,-4.1846
4.7305,4.371,5.5233,3.7578,4.9164,-4.1451,-4.9486,-4.2159
4.6442,4.382,5.4791,3.8156,4.8955,-4.169,-4.9364,-4.2451
4.5557,4.3899,5.4319,3.8708,4.8721,-4.1904,-4.9217,-4.272
4.465,4.3948,5.3817,3.9234,4.8462,-4.2094,-4.9047,-4.2967
4.3721,4.3968,5.3286,3.9734,4.8179,-4.2259,-4.8853,-4.3191
4.2773,4.3958,5.2726,4.0207,4.7871,-4.24,-4.8636,-4.3393
4.1805,4.3918,5.2138,4.0653,4.7539,-4.2516,-4.8395,-4.3572
4.0817,4.3848,5.1522,4.1072,4.7184,-4.2607,-4.8131,-4.3728
3.9812,4.3749,5.0879,4.1462,4.6805,-4.2674,-4.7844,-4.3861
3.8788,4.3621,5.0209,4.1824,4.6403,-4.2716,-4.7535,-4.3972
3.7747,4.3464,4.9512,4.2158,4.5979,-4.2733,-4.7203,-4.4059
3.669,4.3279,4.8789,4.2463,4.5532,-4.2726,-4.6849,-4.4123
3.5617,4.3066,4.8041,4.2738,4.5063,-4.2695,-4.6473,-4.4164
3.4529,4.2825,4.7268,4.2984,4.4572,-4.2639,-4.6076,-4.4183
3.3426,4.2556,4.6471,4.3201,4.4061,-4.2559,-4.5658,-4.4178
3.2309,4.226,4.565,4.3389,4.3529,-4.2455,-4.5219,-4.4151
3.1179,4.1938,4.4806,4.3546,4.2976,-4.2328,-4.4759,-4.4101
3.0037,4.1589,4.3939,4.3674,4.2404,-4.2177,-4.4279,-4.4028
2.8883,4.1215,4.3051,4.3773,4.1813,-4.2003,-4.378,-4.3933
2.7718,4.0816,4.2142,4.3841,4.1203,-4.1807,-4.3261,-4.3816
2.6543,4.0392,4.1212,4.388,4.0575,-4.1587,-4.2723,-4.3676
2.5358,3.9943,4.0262,4.389,3.9929,-4.1346,-4.2167,-4.3515
2.4163,3.9472,3.9293,4.387,3.9265,-4.1083,-4.1592,-4.3331
2.2961,3.8977,3.8305,4.382,3.8585,-4.0798,-4.1,-4.3126
2.1751,3.8459,3.73,4.3742,3.7889,-4.0492,-4.039,-4.29
2.0534,3.792,3.6278,4.3634,3.7177,-4.0165,-3.9764,-4.2653
1.9311,3.7359,3.5239,4.3498,3.6451,-3.9819,-3.9121,-4.2385
1.8082,3.6778,3.4184,4.3334,3.5709,-3.9452,-3.8462,-4.2096
1.6848,3.6177,3.3115,4.3141,3.4954,-3.9066,-3.7788,-4.1787
1.561,3.5556,3.2031,4.2921,3.4186,-3.8662,-3.7098,-4.1459
1.4368,3.4917,3.0934,4.2673,3.3404,-3.8239,-3.6394,-4.111
1.3124,3.426,2.9824,4.2397,3.2611,-3.7798,-3.5676,-4.0743
1.1877,3.3585,2.8701,4.2095,3.1806,-3.7339,-3.4944,-4.0356
1.0628,3.2893,2.7568,4.1767,3.099,-3.6864,-3.4199,-3.995
0.93791,3.2185,2.6424,4.1413,3.0164,-3.6373,-3.3441,-3.9527
0.81293,3.1462,2.527,4.1033,2.9327,-3.5866,-3.2671,-3.9085
0.68798,3.0724,2.4107,4.0629,2.8482,-3.5343,-3.189,-3.8626
0.56312,2.9972,2.2936,4.02,2.7627,-3.4806,-3.1097,-3.815
0.43841,2.9207,2.1757,3.9747,2.6765,-3.4255,-3.0293,-3.7657
0.31391,2.8428,2.0571,3.927,2.5895,-3.369,-2.9478,-3.7147
0.18967,2.7638,1.9379,3.877,2.5018,-3.3112,-2.8654,-3.6622
0.065756,2.6836,1.8181,3.8248,2.4135,-3.2522,-2.7821,-3.608
-0.057777,2.6023,1.6979,3.7705,2.3246,-3.192,-2.6979,-3.5524
-0.18087,2.52,1.5773,3.714,2.2352,-3.1307,-2.6128,-3.4952
-0.30348,2.4367,1.4564,3.6554,2.1453,-3.0682,-2.5269,-3.4367
-0.42555,2.3526,1.3352,3.5948,2.055,-3.0048,-2.4403,-3.3767
-0.54702,2.2676,1.2138,3.5323,1.9643,-2.9404,-2.353,-3.3153
-0.66785,2.1818,1.0923,3.4679,1.8733,-2.875,-2.265,-3.2527
-0.78798,2.0954,0.97069,3.4016,1.782,-2.8088,-2.1764,-3.1887
-0.90738,2.0082,0.84914,3.3336,1.6906,-2.7418,-2.0872,-3.1235
-1.026,1.9205,0.72767,3.2639,1.599,-2.6741,-1.9975,-3.0571
-1.1438,1.8322,0.60635,3.1926,1.5072,-2.6056,-1.9073,-2.9895
-1.2607,1.7435,0.48524,3.1197,1.4155,-2.5365,-1.8167,-2.9208
-1.3767,1.6543,0.36441,3.0452,1.3237,-2.4668,-1.7257,-2.851
-1.4917,1.5647,0.24391,2.9694,1.2319,-2.3965,-1.6343,-2.7802
-1.6057,1.4748,0.1238,2.8921,1.1402,-2.3257,-1.5427,-2.7083
-1.7187,1.3846,0.0041584,2.8135,1.0486,-2.2544,-1.4507,-2.6355
-1.8306,1.2942,-0.11497,2.7337,0.95717,-2.1827,-1.3585,-2.5618
-1.9415,1.2035,-0.23354,2.6526,0.86594,-2.1107,-1.2661,-2.4871
-2.0511,1.1128,-0.35147,2.5704,0.77495,-2.0383,-1.1736,-2.4116
-2.1596,1.0219,-0.46873,2.4872,0.68423,-1.9656,-1.0809,-2.3353
-2.267,0.93091,-0.58525,2.4029,0.59382,-1.8927,-0.98814,-2.2581
-2.373,0.83992,-0.70098,2.3176,0.50375,-1.8195,-0.89532,-2.1803
-2.4779,0.74894,-0.81589,2.2315,0.41405,-1.7461,-0.80249,-2.1017
-2.5814,0.658,-0.92991,2.1445,0.32476,-1.6726,-0.70967,-2.0224
-2.6836,0.56713,-1.043,2.0568,0.23591,-1.599,-0.61689,-1.9425
-2.7845,0.47638,-1.1551,1.9683,0.14753,-1.5253,-0.52419,-1.8619
-2.8841,0.38576,-1.2662,1.8791,0.059631,-1.4515,-0.4316,-1.7807
-2.9822,0.2953,-1.3763,1.7894,-0.027749,-1.3777,-0.33915,-1.699
-3.079,0.20504,-1.4852,1.6991,-0.11459,-1.3039,-0.24685,-1.6168
-3.1743,0.115,-1.593,1.6082,-0.20086,-1.2301,-0.15476,-1.5341
-3.2683,0.025207,-1.6997,1.5169,-0.28656,-1.1563,-0.062875,-1.4509
-3.3607,-0.064324,-1.8051,1.4252,-0.37165,-1.0826,0.02876,-1.3672
-3.4517,-0.15357,-1.9093,1.3331,-0.45612,-1.009,0.12013,-1.2831
-3.5413,-0.2425,-2.0122,1.2408,-0.53996,-0.93544,0.2112,-1.1987
-3.6293,-0.33111,-2.1138,1.1481,-0.62315,-0.86201,0.30195,-1.1139
-3.7159,-0.41938,-2.214,1.0553,-0.70567,-0.7887,0.39237,-1.0287
-3.8009,-0.50729,-2.3129,0.96222,-0.78751,-0.71552,0.48242,-0.94323
-3.8844,-0.59482,-2.4104,0.86904,-0.86867,-0.64248,0.5721,-0.85747
-3.9664,-0.68196,-2.5065,0.77577,-0.94913,-0.5696,0.66137,-0.77145
-4.0468,-0.7687,-2.6011,0.68244,-1.0289,-0.49687,0.75022,-0.68518
-4.1257,-0.85503,-2.6943,0.5891,-1.1079,-0.42431,0.83862,-0.5987
-4.203,-0.94093,-2.786,0.49578,-1.1862,-0.35192,0.92657,-0.51203
-4.2788,-1.0264,-2.8762,0.40252,-1.2638,-0.2797,1.014,-0.42518
-4.3529,-1.1114,-2.9649,0.30936,-1.3407,-0.20766,1.101,-0.33818
-4.4256,-1.196,-3.0521,0.21632,-1.4169,-0.1358,1.1875,-0.25104
-4.4966,-1.2801,-3.1377,0.12345,-1.4923,-0.064116,1.2734,-0.16381
-4.566,-1.3637,-3.2217,0.030773,-1.5669,0.0073906,1.3588,-0.07648
-4.6339,-1.4468,-3.3042,-0.06168,-1.6409,0.078722,1.4436,0.010912
-4.7001,-1.5295,-3.385,-0.15388,-1.714,0.14988,1.5279,0.09835
-4.7648,-1.6116,-3.4643,-0.24579,-1.7865,0.22087,1.6116,0.18581
-4.8278,-1.6932,-3.542,-0.33739,-1.8582,0.29169,1.6946,0.27328
-4.8892,-1.7744,-3.618,-0.42866,-1.9292,0.36234,1.7771,0.36073
-4.949,-1.855,-3.6924,-0.51955,-1.9995,0.43284,1.8589,0.44814
-5.0072,-1.9351,-3.7652,-0.61005,-2.069,0.50318,1.9401,0.53549
-5.0638,-2.0146,-3.8363,-0.70014,-2.1378,0.57338,2.0206,0.62277
-5.1187,-2.0936,-3.9058,-0.78978,-2.2059,0.64343,2.1004,0.70994
-5.172,-2.172,-3.9737,-0.87896,-2.2732,0.71335,2.1795,0.79699
-5.2237,-2.2499,-4.0398,-0.96765,-2.3398,0.78313,2.258,0.8839
-5.2737,-2.3272,-4.1044,-1.0558,-2.4057,0.85278,2.3357,0.97064
-5.3221,-2.404,-4.1672,-1.1435,-2.4709,0.92231,2.4126,1.0572
-5.3688,-2.4801,-4.2284,-1.2305,-2.5354,0.99172,2.4888,1.1435
-5.4139,-2.5556,-4.2879,-1.317,-2.5992,1.061,2.5643,1.2296
-5.4573,-2.6306,-4.3458,-1.4029,-2.6622,1.1302,2.6389,1.3155
-5.499,-2.7049,-4.402,-1.4882,-2.7245,1.1993,2.7128,1.401
-5.539,-2.7785,-4.4564,-1.5729,-2.7862,1.2682,2.7858,1.4863
-5.5773,-2.8516,-4.5093,-1.6568,-2.8471,1.3371,2.858,1.5712
-5.614,-2.9239,-4.5604,-1.7401,-2.9073,1.4059,2.9293,1.6558
-5.6489,-2.9956,-4.6098,-1.8227,-2.9668,1.4745,2.9998,1.7399
-5.6822,-3.0666,-4.6576,-1.9046,-3.0255,1.5431,3.0694,1.8237
-5.7137,-3.1369,-4.7037,-1.9857,-3.0836,1.6115,3.138,1.907
-5.7434,-3.2064,-4.748,-2.066,-3.1409,1.6799,3.2058,1.9899
-5.7715,-3.2752,-4.7907,-2.1455,-3.1975,1.7481,3.2725,2.0722
-5.7977,-3.3433,-4.8317,-2.2243,-3.2534,1.8162,3.3383,2.154
-5.8222,-3.4105,-4.871,-2.3021,-3.3085,1.8842,3.4031,2.2353
-5.845,-3.477,-4.9086,-2.3792,-3.3629,1.9521,3.4669,2.3159
-5.8659,-3.5426,-4.9444,-2.4553,-3.4165,2.0198,3.5296,2.396
-5.8851,-3.6074,-4.9786,-2.5306,-3.4693,2.0873,3.5913,2.4753
-5.9024,-3.6713,-5.0111,-2.6049,-3.5214,2.1547,3.6519,2.554
-5.9179,-3.7343,-5.0418,-2.6782,-3.5727,2.222,3.7113,2.632
-5.9316,-3.7964,-5.0708,-2.7506,-3.6232,2.289,3.7696,2.7092
-5.9435,-3.8576,-5.0981,-2.822,-3.6728,2.3558,3.8267,2.7856
-5.9534,-3.9178,-5.1236,-2.8924,-3.7216,2.4224,3.8827,2.8612
-5.9615,-3.977,-5.1474,-2.9617,-3.7696,2.4887,3.9374,2.9359
-5.9677,-4.0352,-5.1695,-3.03,-3.8167,2.5548,3.9908,3.0097
-5.972,-4.0923,-5.1897,-3.0972,-3.863,2.6206,4.043,3.0826
-5.9744,-4.1483,-5.2083,-3.1632,-3.9083,2.6861,4.0938,3.1544
-5.9749,-4.2032,-5.225,-3.2281,-3.9527,2.7512,4.1433,3.2253
-5.9734,-4.257,-5.24,-3.2918,-3.9962,2.816,4.1914,3.2951
-5.97,-4.3096,-5.2532,-3.3543,-4.0387,2.8804,4.2381,3.3638
-5.9646,-4.361,-5.2646,-3.4156,-4.0802,2.9444,4.2834,3.4314
-5.9572,-4.4111,-5.2742,-3.4756,-4.1206,3.0079,4.3272,3.4978
-5.9478,-4.46,-5.2819,-3.5343,-4.1601,3.0709,4.3696,3.563
-5.9364,-4.5076,-5.2879,-3.5917,-4.1985,3.1334,4.4103,3.627
-5.923,-4.5538,-5.292,-3.6478,-4.2358,3.1954,4.4496,3.6896
-5.9075,-4.5987,-5.2943,-3.7025,-4.2719,3.2568,4.4872,3.7509
-5.89,-4.6421,-5.2947,-3.7558,-4.3069,3.3175,4.5232,3.8109
-5.8705,-4.6841,-5.2932,-3.8077,-4.3408,3.3776,4.5575,3.8694
-5.8488,-4.7246,-5.2899,-3.8581,-4.3734,3.437,4.5902,3.9265
-5.8251,-4.7636,-5.2846,-3.9071,-4.4048,3.4957,4.6211,3.9821
-5.7993,-4.8011,-5.2775,-3.9545,-4.4349,3.5536,4.6503,4.0361
-5.7714,-4.837,-5.2684,-4.0004,-4.4637,3.6106,4.6777,4.0886
-5.7414,-4.8712,-5.2575,-4.0447,-4.4912,3.6668,4.7033,4.1395
-5.7092,-4.9038,-5.2446,-4.0874,-4.5174,3.7221,4.727,4.1887
-5.675,-4.9347,-5.2297,-4.1285,-4.5421,3.7764,4.7489,4.2362
-5.6386,-4.9639,-5.2129,-4.168,-4.5654,3.8297,4.7689,4.282
-5.6,-4.9913,-5.1942,-4.2057,-4.5873,3.882,4.7869,4.3261
-5.5593,-5.0169,-5.1734,-4.2418,-4.6076,3.9332,4.803,4.3683
-5.5165,-5.0407,-5.1507,-4.2761,-4.6264,3.9832,4.817,4.4087
-5.4715,-5.0626,-5.126,-4.3086,-4.6437,4.0321,4.8291,4.4473
-5.4244,-5.0827,-5.0993,-4.3394,-4.6594,4.0797,4.8392,4.4839
-5.3751,-5.1008,-5.0706,-4.3683,-4.6735,4.1261,4.8471,4.5186
-5.3237,-5.1169,-5.0398,-4.3954,-4.6859,4.1711,4.853,4.5513
-5.2701,-5.131,-5.0071,-4.4206,-4.6966,4.2147,4.8568,4.5821
-5.2144,-5.1431,-4.9723,-4.4439,-4.7057,4.257,4.8585,4.6108
-5.1565,-5.1532,-4.9355,-4.4653,-4.7129,4.2977,4.858,4.6375
-5.0965,-5.1612,-4.8966,-4.4848,-4.7184,4.337,4.8553,4.6621
-5.0344,-5.1671,-4.8557,-4.5023,-4.7222,4.3747,4.8505,4.6845
-4.9701,-5.1708,-4.8128,-4.5178,-4.724,4.4107,4.8434,4.7049
-4.9037,-5.1724,-4.7678,-4.5313,-4.7241,4.4452,4.8341,4.723
-4.8353,-5.1718,-4.7208,-4.5427,-4.7222,4.4779,4.8227,4.739
-4.7647,-5.1689,-4.6717,-4.5522,-4.7185,4.5089,4.8089,4.7528
-4.6921,-5.1639,-4.6206,-4.5595,-4.7128,4.5381,4.793,4.7644
-4.6174,-5.1566,-4.5674,-4.5648,-4.7052,4.5655,4.7747,4.7737
-4.5407,-5.147,-4.5123,-4.568,-4.6956,4.591,4.7542,4.7808
-4.4619,-5.1351,-4.455,-4.569,-4.684,4.6147,4.7315,4.7856
-4.3812,-5.1209,-4.3958,-4.568,-4.6704,4.6364,4.7064,4.7882
-4.2985,-5.1044,-4.3346,-4.5648,-4.6548,4.6561,4.6791,4.7884
-4.2139,-5.0855,-4.2713,-4.5594,-4.6371,4.6737,4.6495,4.7864
-4.1273,-5.0643,-4.2061,-4.5519,-4.6174,4.6894,4.6177,4.782
-4.0389,-5.0407,-4.1388,-4.5422,-4.5956,4.7029,4.5836,4.7753
-3.9485,-5.0148,-4.0696,-4.5303,-4.5718,4.7143,4.5472,4.7663
-3.8564,-4.9865,-3.9985,-4.5163,-4.5458,4.7236,4.5086,4.755
-3.7625,-4.9558,-3.9255,-4.5,-4.5178,4.7307,4.4677,4.7413
-3.6668,-4.9227,-3.8505,-4.4816,-4.4877,4.7356,4.4246,4.7253
-3.5694,-4.8873,-3.7736,-4.4609,-4.4554,4.7383,4.3793,4.707
-3.4703,-4.8494,-3.6949,-4.4381,-4.4211,4.7387,4.3319,4.6864
-3.3696,-4.8092,-3.6143,-4.4131,-4.3847,4.7369,4.2822,4.6635
-3.2673,-4.7666,-3.5319,-4.3858,-4.3462,4.7327,4.2304,4.6383
-3.1635,-4.7216,-3.4478,-4.3564,-4.3055,4.7263,4.1764,4.6108
-3.0581,-4.6742,-3.3619,-4.3248,-4.2628,4.7175,4.1203,4.581
-2.9514,-4.6245,-3.2742,-4.291,-4.218,4.7064,4.0622,4.549
-2.8432,-4.5725,-3.1849,-4.255,-4.1712,4.693,4.002,4.5147
-2.7337,-4.5181,-3.0939,-4.2169,-4.1223,4.6771,3.9398,4.4782
-2.6229,-4.4614,-3.0013,-4.1767,-4.0714,4.659,3.8756,4.4395
-2.5109,-4.4025,-2.9071,-4.1343,-4.0184,4.6384,3.8094,4.3986
-2.3977,-4.3412,-2.8114,-4.0897,-3.9635,4.6155,3.7413,4.3556
-2.2834,-4.2777,-2.7142,-4.0431,-3.9066,4.5902,3.6714,4.3104
-2.1681,-4.212,-2.6156,-3.9944,-3.8477,4.5626,3.5996,4.2631
-2.0518,-4.1441,-2.5155,-3.9436,-3.7869,4.5326,3.526,4.2137
-1.9346,-4.0741,-2.4141,-3.8908,-3.7242,4.5003,3.4507,4.1623
-1.8166,-4.0019,-2.3114,-3.836,-3.6597,4.4656,3.3737,4.1089
-1.6978,-3.9276,-2.2075,-3.7792,-3.5933,4.4286,3.295,4.0535
-1.5783,-3.8512,-2.1024,-3.7204,-3.5252,4.3892,3.2147,3.9961
-1.4582,-3.7728,-1.9961,-3.6597,-3.4553,4.3476,3.1329,3.9369
-1.3375,-3.6924,-1.8888,-3.5971,-3.3836,4.3037,3.0496,3.8758
-1.2164,-3.6101,-1.7804,-3.5326,-3.3103,4.2576,2.9648,3.8129
-1.0949,-3.5259,-1.6711,-3.4663,-3.2354,4.2092,2.8787,3.7482
-0.97302,-3.4398,-1.5609,-3.3982,-3.1589,4.1586,2.7912,3.6817
-0.85095,-3.352,-1.4499,-3.3283,-3.0809,4.1059,2.7025,3.6136
-0.72872,-3.2623,-1.3381,-3.2567,-3.0014,4.051,2.6126,3.5438
-0.60642,-3.171,-1.2256,-3.1834,-2.9204,3.994,2.5215,3.4725
-0.48413,-3.078,-1.1125,-3.1085,-2.8381,3.935,2.4294,3.3996
-0.36194,-2.9834,-0.99886,-3.0319,-2.7545,3.8739,2.3363,3.3252
-0.23994,-2.8872,-0.88471,-2.9538,-2.6696,3.8108,2.2422,3.2494
-0.11821,-2.7896,-0.77016,-2.8743,-2.5836,3.7458,2.1473,3.1722
0.0031711,-2.6905,-0.65528,-2.7932,-2.4963,3.679,2.0516,3.0936
0.1241,-2.5901,-0.54014,-2.7108,-2.4081,3.6102,1.9552,3.0138
0.24451,-2.4884,-0.42482,-2.6269,-2.3188,3.5397,1.8581,2.9328
0.36429,-2.3855,-0.30939,-2.5418,-2.2285,3.4674,1.7604,2.8507
0.48336,-2.2813,-0.19395,-2.4555,-2.1374,3.3934,1.6622,2.7674
0.60164,-2.1761,-0.078553,-2.3679,-2.0455,3.3178,1.5636,2.6832
0.71904,-2.0699,0.036704,-2.2792,-1.9529,3.2406,1.4647,2.5979
0.83546,-1.9626,0.15174,-2.1895,-1.8596,3.1619,1.3655,2.5118
0.95082,-1.8545,0.26648,-2.0987,-1.7657,3.0818,1.266,2.4248
1.065,-1.7456,0.38084,-2.0069,-1.6713,3.0002,1.1665,2.337
1.178,-1.6359,0.49473,-1.9142,-1.5764,2.9173,1.0669,2.2485
1.2896,-1.5255,0.60807,-1.8207,-1.4812,2.8332,0.9673,2.1593
1.3999,-1.4145,0.72078,-1.7264,-1.3857,2.7479,0.86784,2.0696
1.5086,-1.303,0.83278,-1.6314,-1.29,2.6614,0.76857,1.9794
1.6158,-1.191,0.94397,-1.5358,-1.1942,2.5739,0.66956,1.8887
1.7213,-1.0786,1.0543,-1.4395,-1.0983,2.4853,0.5709,1.7976
1.8251,-0.96599,1.1636,-1.3428,-1.0024,2.3959,0.47265,1.7061
1.927,-0.85311,1.2719,-1.2455,-0.90664,2.3056,0.37491,1.6145
2.027,-0.74007,1.3791,-1.1479,-0.81106,2.2146,0.27774,1.5226
2.1251,-0.62697,1.485,-1.0499,-0.71574,2.1228,0.18122,1.4306
2.221,-0.51387,1.5897,-0.95172,-0.62077,2.0305,0.085433,1.3386
2.3149,-0.40085,1.6929,-0.85331,-0.52621,1.9376,-0.0095526,1.2466
2.4065,-0.288,1.7947,-0.75477,-0.43216,1.8442,-0.10366,1.1546
2.4959,-0.17538,1.895,-0.65616,-0.33868,1.7504,-0.19681,1.0628
2.5829,-0.063075,1.9936,-0.55757,-0.24585,1.6563,-0.28894,0.97124
2.6676,0.048837,2.0905,-0.45905,-0.15376,1.562,-0.37998,0.87993
2.7497,0.16028,2.1857,-0.36066,-0.062481,1.4675,-0.46984,0.78896
2.8293,0.27118,2.279,-0.26249,0.027915,1.373,-0.55846,0.69839
2.9064,0.38146,2.3703,-0.16458,0.11735,1.2784,-0.64578,0.60829
2.9808,0.49104,2.4597,-0.067019,0.20575,1.1839,-0.73173,0.51873
3.0524,0.59985,2.547,0.030141,0.29304,1.0895,-0.81623,0.42976
3.1214,0.70781,2.6322,0.12683,0.37915,0.99538,-0.89923,0.34145
3.1875,0.81486,2.7151,0.22298,0.46402,0.90154,-0.98067,0.25385
3.2508,0.92092,2.7958,0.31854,0.54756,0.80807,-1.0605,0.16704
3.3113,1.0259,2.8741,0.41343,0.62971,0.71504,-1.1386,0.081059
3.3688,1.1298,2.9501,0.5076,0.71041,0.62253,-1.215,-0.0040231
3.4234,1.2324,3.0236,0.60097,0.7896,0.53062,-1.2895,-0.088152
3.475,1.3338,3.0945,0.6935,0.8672,0.43936,-1.3623,-0.17127
3.5236,1.4339,3.1629,0.78512,0.94316,0.34885,-1.4331,-0.25333
3.5692,1.5326,3.2287,0.87576,1.0174,0.25913,-1.5019,-0.33426
3.6117,1.6298,3.2918,0.96538,1.0899,0.17029,-1.5688,-0.41403
3.6512,1.7254,3.3522,1.0539,1.1606,0.082386,-1.6336,-0.49257
3.6877,1.8195,3.4098,1.1413,1.2294,-0.0045116,-1.6963,-0.56984
3.721,1.912,3.4646,1.2275,1.2963,-0.09034,-1.7569,-0.64579
3.7513,2.0027,3.5166,1.3124,1.3613,-0.17504,-1.8153,-0.72037
3.7785,2.0917,3.5656,1.396,1.4242,-0.25854,-1.8715,-0.79353
3.8026,2.1788,3.6118,1.4783,1.4851,-0.34079,-1.9254,-0.86524
3.8236,2.2641,3.6551,1.5592,1.5439,-0.42173,-1.9771,-0.93544
3.8416,2.3475,3.6954,1.6386,1.6005,-0.5013,-2.0265,-1.0041
3.8565,2.4289,3.7326,1.7164,1.655,-0.57945,-2.0735,-1.0712
3.8684,2.5083,3.7669,1.7928,1.7073,-0.65613,-2.1182,-1.1366
3.8773,2.5856,3.7982,1.8675,1.7574,-0.73128,-2.1606,-1.2005
3.8833,2.6608,3.8264,1.9406,1.8052,-0.80486,-2.2005,-1.2626
3.8862,2.7339,3.8516,2.012,1.8507,-0.87682,-2.238,-1.323
3.8863,2.8048,3.8737,2.0817,1.8939,-0.94711,-2.2731,-1.3816
3.8835,2.8735,3.8928,2.1496,1.9348,-1.0157,-2.3058,-1.4384
3.8779,2.9399,3.9088,2.2157,1.9734,-1.0825,-2.3361,-1.4935
3.8694,3.004,3.9218,2.28,2.0096,-1.1476,-2.3638,-1.5467
3.8583,3.0659,3.9318,2.3424,2.0434,-1.2108,-2.3892,-1.598
3.8444,3.1254,3.9387,2.4029,2.0749,-1.2722,-2.4121,-1.6475
3.8279,3.1825,3.9426,2.4615,2.104,-1.3317,-2.4326,-1.695
3.8088,3.2372,3.9435,2.5181,2.1307,-1.3893,-2.4506,-1.7407
3.7871,3.2895,3.9414,2.5727,2.155,-1.4449,-2.4662,-1.7843
3.763,3.3394,3.9364,2.6253,2.177,-1.4986,-2.4793,-1.8261
3.7366,3.3868,3.9284,2.6758,2.1966,-1.5502,-2.4901,-1.8659
3.7077,3.4318,3.9176,2.7243,2.2138,-1.5999,-2.4985,-1.9036
3.6767,3.4743,3.9039,2.7707,2.2287,-1.6475,-2.5045,-1.9395
3.6434,3.5143,3.8874,2.815,2.2413,-1.6931,-2.5082,-1.9733
3.6081,3.5518,3.8681,2.8572,2.2516,-1.7367,-2.5095,-2.0051
3.5707,3.5868,3.8461,2.8972,2.2596,-1.7781,-2.5085,-2.0349
3.5314,3.6193,3.8214,2.9351,2.2653,-1.8175,-2.5053,-2.0627
3.4902,3.6494,3.7941,2.9708,2.2688,-1.8548,-2.4998,-2.0885
3.4472,3.6769,3.7642,3.0043,2.27,-1.8901,-2.4921,-2.1124
3.4025,3.7019,3.7317,3.0357,2.2691,-1.9232,-2.4822,-2.1342
3.3562,3.7244,3.6968,3.0649,2.2661,-1.9542,-2.4702,-2.154
3.3084,3.7445,3.6595,3.0919,2.2609,-1.9832,-2.4561,-2.1718
3.2592,3.762,3.6198,3.1167,2.2537,-2.0101,-2.44,-2.1877
3.2086,3.7771,3.5779,3.1393,2.2444,-2.0349,-2.4218,-2.2016
3.1568,3.7898,3.5338,3.1597,2.2331,-2.0577,-2.4017,-2.2136
3.1038,3.8,3.4875,3.1779,2.2199,-2.0784,-2.3797,-2.2236
3.0498,3.8079,3.4392,3.1939,2.2048,-2.097,-2.3557,-2.2317
2.9948,3.8133,3.3888,3.2078,2.1879,-2.1137,-2.33,-2.2379
2.939,3.8163,3.3366,3.2194,2.1691,-2.1283,-2.3025,-2.2422
2.8824,3.817,3.2825,3.2289,2.1486,-2.141,-2.2733,-2.2446
2.8251,3.8154,3.2267,3.2362,2.1265,-2.1516,-2.2424,-2.2452
2.7672,3.8115,3.1692,3.2414,2.1026,-2.1604,-2.21,-2.244
2.7089,3.8054,3.1101,3.2445,2.0772,-2.1672,-2.176,-2.241
2.6501,3.797,3.0495,3.2454,2.0503,-2.1721,-2.1405,-2.2362
2.5911,3.7863,2.9875,3.2442,2.022,-2.1752,-2.1036,-2.2297
2.5319,3.7736,2.9241,3.2409,1.9922,-2.1764,-2.0653,-2.2214
2.4725,3.7587,2.8595,3.2356,1.9611,-2.1758,-2.0257,-2.2115
2.4132,3.7417,2.7937,3.2282,1.9287,-2.1734,-1.9849,-2.1999
2.3539,3.7226,2.7269,3.2188,1.8951,-2.1694,-1.943,-2.1867
2.2948,3.7015,2.659,3.2074,1.8604,-2.1636,-1.8999,-2.1719
2.236,3.6785,2.5903,3.194,1.8246,-2.1561,-1.8558,-2.1556
2.1775,3.6535,2.5207,3.1786,1.7878,-2.147,-1.8107,-2.1377
2.1194,3.6266,2.4505,3.1613,1.75,-2.1363,-1.7647,-2.1184
2.0618,3.5979,2.3796,3.1421,1.7114,-2.1241,-1.7179,-2.0976
2.0049,3.5674,2.3081,3.121,1.672,-2.1103,-1.6703,-2.0753
1.9486,3.5351,2.2362,3.0981,1.6318,-2.0951,-1.622,-2.0518
1.8931,3.5011,2.164,3.0734,1.5909,-2.0784,-1.5731,-2.0268
1.8384,3.4655,2.0914,3.0469,1.5495,-2.0604,-1.5236,-2.0006
1.7846,3.4282,2.0187,3.0186,1.5075,-2.041,-1.4735,-1.9731
1.7317,3.3894,1.9458,2.9886,1.4651,-2.0203,-1.4231,-1.9445
1.68,3.3491,1.873,2.9569,1.4222,-1.9984,-1.3722,-1.9146
1.6293,3.3074,1.8001,2.9236,1.379,-1.9753,-1.3211,-1.8836
1.5798,3.2642,1.7275,2.8887,1.3356,-1.951,-1.2697,-1.8515
1.5316,3.2197,1.655,2.8522,1.292,-1.9256,-1.2181,-1.8184
1.4846,3.1739,1.5828,2.8141,1.2482,-1.8991,-1.1664,-1.7842
1.439,3.1269,1.511,2.7745,1.2043,-1.8716,-1.1147,-1.7491
1.3948,3.0786,1.4397,2.7335,1.1605,-1.8431,-1.0629,-1.7131
1.3521,3.0293,1.3689,2.691,1.1167,-1.8138,-1.0112,-1.6761
1.3108,2.9788,1.2986,2.6472,1.0731,-1.7835,-0.9597,-1.6384
1.2711,2.9274,1.2291,2.602,1.0296,-1.7524,-0.90833,-1.5998
1.233,2.8749,1.1603,2.5555,0.98635,-1.7205,-0.85721,-1.5605
1.1965,2.8216,1.0922,2.5077,0.94341,-1.6879,-0.80638,-1.5204
1.1616,2.7674,1.0251,2.4587,0.90084,-1.6546,-0.7559,-1.4797
1.1285,2.7124,0.95882,2.4085,0.85868,-1.6207,-0.70583,-1.4384
1.097,2.6566,0.89356,2.3572,0.81698,-1.5861,-0.65621,-1.3965
1.0673,2.6002,0.82933,2.3047,0.77581,-1.551,-0.60709,-1.354
1.0393,2.5431,0.76619,2.2513,0.73521,-1.5154,-0.55853,-1.311
1.0131,2.4855,0.70419,2.1967,0.69523,-1.4794,-0.51057,-1.2676
0.98871,2.4273,0.64338,2.1412,0.65592,-1.4429,-0.46325,-1.2237
0.9661,2.3686,0.58381,2.0848,0.61733,-1.4061,-0.41662,-1.1795
0.94529,2.3096,0.52551,2.0275,0.57949,-1.369,-0.37072,-1.1348
0.9263,2.2501,0.46853,1.9693,0.54246,-1.3315,-0.32558,-1.0899
0.90912,2.1904,0.41291,1.9104,0.50627,-1.2938,-0.28125,-1.0447
0.89376,2.1304,0.35867,1.8506,0.47095,-1.256,-0.23776,-0.99931
0.88019,2.0702,0.30586,1.7902,0.43655,-1.218,-0.19514,-0.95368
0.86843,2.0098,0.25449,1.729,0.4031,-1.1798,-0.15343,-0.90789
0.85845,1.9493,0.2046,1.6673,0.37064,-1.1416,-0.11265,-0.86197
0.85024,1.8888,0.15621,1.6049,0.33918,-1.1033,-0.072828,-0.81595
0.84379,1.8283,0.10933,1.542,0.30877,-1.0651,-0.033995,-0.76988
0.83907,1.7678,0.063994,1.4786,0.27942,-1.0269,0.003829,-0.72377
0.83606,1.7074,0.020206,1.4147,0.25116,-0.98872,0.040623,-0.67767
0.83473,1.6472,-0.02202,1.3505,0.22401,-0.95069,0.076367,-0.6316
0.83507,1.5871,-0.062676,1.2858,0.19799,-0.91279,0.11105,-0.5856
0.83703,1.5273,-0.10176,1.2208,0.17311,-0.87507,0.14464,-0.53969
0.84058,1.4677,-0.13925,1.1555,0.1494,-0.83756,0.17715,-0.4939
0.84569,1.4085,-0.17517,1.0899,0.12686,-0.80029,0.20855,-0.44826
0.85231,1.3496,-0.20952,1.0241,0.1055,-0.76329,0.23884,-0.40279
0.86041,1.2911,-0.24228,0.95818,0.085341,-0.72658,0.26801,-0.35753
0.86993,1.2331,-0.27349,0.8921,0.066376,-0.69019,0.29606,-0.31249
0.88085,1.1755,-0.30313,0.82593,0.048614,-0.65416,0.32299,-0.2677
0.8931,1.1185,-0.33123,0.75971,0.032056,-0.61851,0.34879,-0.22318
0.90664,1.062,-0.35781,0.69347,0.016703,-0.58325,0.37347,-0.17895
0.92142,1.0061,-0.38287,0.62726,0.0025503,-0.54843,0.39703,-0.13504
0.93737,0.95089,-0.40644,0.56112,-0.010405,-0.51404,0.41947,-0.091466
0.95446,0.89629,-0.42854,0.49508,-0.02217,-0.48013,0.44081,-0.048241
0.97261,0.8424,-0.4492,0.42919,-0.032752,-0.44671,0.46105,-0.0053874
0.99177,0.78922,-0.46843,0.36347,-0.042163,-0.41379,0.48021,0.037078
1.0119,0.7368,-0.48627,0.29798,-0.050414,-0.38139,0.4983,0.07914
1.0329,0.68517,-0.50275,0.23274,-0.057521,-0.34954,0.51532,0.12078
1.0547,0.63434,-0.5179,0.16779,-0.063498,-0.31825,0.53131,0.16199
1.0773,0.58435,-0.53176,0.10317,-0.068364,-0.28752,0.54627,0.20275
1.1006,0.53523,-0.54435,0.038911,-0.072139,-0.25738,0.56023,0.24306
1.1245,0.48698,-0.55571,-0.024947,-0.074844,-0.22784,0.5732,0.28289
1.149,0.43964,-0.56589,-0.088371,-0.076502,-0.19891,0.58521,0.32223
1.1739,0.39323,-0.57493,-0.15133,-0.077137,-0.17059,0.59629,0.36109
1.1993,0.34776,-0.58286,-0.21378,-0.076776,-0.1429,0.60645,0.39944
1.2251,0.30326,-0.58972,-0.2757,-0.075446,-0.11584,0.61573,0.43728
1.2511,0.25974,-0.59556,-0.33705,-0.073176,-0.089429,0.62414,0.47461
1.2774,0.21721,-0.60043,-0.3978,-0.069997,-0.063663,0.63173,0.5114
1.3038,0.1757,-0.60437,-0.45792,-0.06594,-0.03855,0.63852,0.54767
1.3303,0.1352,-0.60742,-0.51737,-0.061039,-0.014092,0.64454,0.5834
1.3567,0.095745,-0.60963,-0.57613,-0.055327,0.0097053,0.64982,0.61858
1.3832,0.057329,-0.61106,-0.63417,-0.04884,0.032842,0.65439,0.65322
1.4094,0.019965,-0.61174,-0.69145,-0.041613,0.055316,0.6583,0.68731
1.4355,-0.016339,-0.61173,-0.74794,-0.033685,0.077127,0.66156,0.72084
1.4613,-0.051577,-0.61108,-0.80363,-0.025094,0.098277,0.66422,0.75381
1.4868,-0.085746,-0.60982,-0.85848,-0.015878,0.11877,0.66631,0.78622
1.5118,-0.11884,-0.60803,-0.91246,-0.0060767,0.1386,0.66786,0.81807
1.5364,-0.15086,-0.60573,-0.96554,0.0042685,0.15777,0.66892,0.84936
1.5604,-0.1818,-0.60299,-1.0177,0.015117,0.1763,0.66951,0.88008
1.5838,-0.21167,-0.59985,-1.0689,0.026426,0.19418,0.66969,0.91024
1.6066,-0.24046,-0.59636,-1.1192,0.038155,0.21142,0.66947,0.93983
1.6286,-0.26818,-0.59257,-1.1685,0.050261,0.22803,0.6689,0.96886
1.6497,-0.29483,-0.58853,-1.2167,0.0627,0.24401,0.66801,0.99732
1.67,-0.32041,-0.58429,-1.2639,0.07543,0.25937,0.66685,1.0252
1.6894,-0.34494,-0.57989,-1.3101,0.088407,0.27412,0.66545,1.0526
1.7078,-0.36843,-0.57538,-1.3551,0.10159,0.28827,0.66384,1.0793
1.7251,-0.39087,-0.57081,-1.3991,0.11493,0.30183,0.66206,1.1056
1.7413,-0.41228,-0.56622,-1.442,0.12838,0.3148,0.66015,1.1312
1.7563,-0.43267,-0.56166,-1.4837,0.14191,0.32721,0.65815,1.1563
1.7702,-0.45205,-0.55717,-1.5243,0.15547,0.33905,0.65608,1.1809
1.7827,-0.47043,-0.5528,-1.5636,0.16901,0.35035,0.65399,1.2049
1.7939,-0.48784,-0.54858,-1.6018,0.1825,0.36111,0.6519,1.2283
1.8038,-0.50427,-0.54456,-1.6389,0.19588,0.37135,0.64986,1.2512
1.8122,-0.51975,-0.54077,-1.6746,0.20913,0.38108,0.64789,1.2736
1.8192,-0.5343,-0.53726,-1.7092,0.22219,0.39031,0.64603,1.2954
1.8247,-0.54792,-0.53407,-1.7425,0.23502,0.39906,0.64431,1.3167
1.8286,-0.56065,-0.53122,-1.7746,0.24759,0.40734,0.64276,1.3375
1.8309,-0.57249,-0.52876,-1.8054,0.25985,0.41517,0.64141,1.3577
1.8316,-0.58347,-0.52671,-1.8349,0.27177,0.42255,0.64028,1.3774
1.8307,-0.5936,-0.52511,-1.8632,0.2833,0.42952,0.63942,1.3966
1.828,-0.60292,-0.52399,-1.8902,0.29441,0.43608,0.63884,1.4152
1.8236,-0.61143,-0.52338,-1.9159,0.30507,0.44224,0.63856,1.4334
1.8175,-0.61916,-0.52331,-1.9403,0.31522,0.44803,0.63863,1.451
1.8096,-0.62614,-0.5238,-1.9634,0.32485,0.45346,0.63905,1.4681
1.7999,-0.63238,-0.52487,-1.9851,0.33391,0.45854,0.63986,1.4847
1.7884,-0.63792,-0.52656,-2.0056,0.34238,0.4633,0.64107,1.5008
1.775,-0.64276,-0.52887,-2.0248,0.35022,0.46774,0.6427,1.5164
1.7598,-0.64694,-0.53184,-2.0427,0.35739,0.47189,0.64478,1.5315
1.7428,-0.65049,-0.53547,-2.0592,0.36388,0.47576,0.64733,1.5461
1.7238,-0.65342,-0.53978,-2.0745,0.36965,0.47936,0.65035,1.5603
1.703,-0.65576,-0.5448,-2.0885,0.37467,0.48272,0.65387,1.5739
1.6802,-0.65755,-0.55053,-2.1011,0.37892,0.48585,0.65789,1.5871
1.6556,-0.65879,-0.55697,-2.1125,0.38238,0.48877,0.66244,1.5997
1.6291,-0.65952,-0.56416,-2.1226,0.38501,0.49149,0.66753,1.6119
1.6007,-0.65976,-0.57208,-2.1315,0.38681,0.49403,0.67316,1.6236
1.5704,-0.65954,-0.58075,-2.139,0.38774,0.49641,0.67934,1.6349
1.5382,-0.65888,-0.59017,-2.1453,0.38779,0.49863,0.68609,1.6457
1.5042,-0.65782,-0.60034,-2.1504,0.38695,0.50073,0.6934,1.656
1.4683,-0.65637,-0.61127,-2.1542,0.38519,0.5027,0.70129,1.6658
1.4306,-0.65455,-0.62296,-2.1568,0.3825,0.50457,0.70976,1.6752
1.391,-0.65241,-0.6354,-2.1582,0.37886,0.50636,0.71881,1.6842
1.3497,-0.64995,-0.64858,-2.1585,0.37428,0.50807,0.72844,1.6927
1.3065,-0.6472,-0.66251,-2.1575,0.36872,0.50973,0.73865,1.7007
1.2616,-0.64419,-0.67718,-2.1554,0.3622,0.51134,0.74944,1.7083
1.215,-0.64094,-0.69258,-2.1521,0.35469,0.51292,0.76082,1.7154
1.1667,-0.63748,-0.70869,-2.1477,0.3462,0.51449,0.77276,1.7221
1.1168,-0.63382,-0.72552,-2.1422,0.33672,0.51605,0.78528,1.7283
1.0652,-0.63,-0.74303,-2.1356,0.32625,0.51762,0.79836,1.7341
1.012,-0.62602,-0.76123,-2.128,0.31479,0.51921,0.812,1.7395
0.9573,-0.62192,-0.78009,-2.1193,0.30233,0.52083,0.82619,1.7444
0.90109,-0.61772,-0.7996,-2.1096,0.28889,0.5225,0.84091,1.7489
0.84342,-0.61342,-0.81974,-2.0989,0.27446,0.52423,0.85616,1.753
0.78434,-0.60907,-0.84049,-2.0872,0.25905,0.52602,0.87193,1.7567
0.7239,-0.60466,-0.86183,-2.0746,0.24266,0.52789,0.88819,1.7599
0.66216,-0.60023,-0.88373,-2.061,0.22531,0.52985,0.90495,1.7627
0.59916,-0.59579,-0.90617,-2.0465,0.20701,0.5319,0.92218,1.7651
0.53497,-0.59135,-0.92913,-2.0312,0.18776,0.53405,0.93986,1.767
0.46964,-0.58694,-0.95258,-2.015,0.16759,0.53631,0.95798,1.7686
0.40322,-0.58256,-0.9765,-1.998,0.1465,0.53869,0.97652,1.7697
0.33579,-0.57824,-1.0009,-1.9802,0.1245,0.5412,0.99546,1.7704
0.2674,-0.57399,-1.0256,-1.9616,0.10163,0.54383,1.0148,1.7707
0.19812,-0.56983,-1.0507,-1.9423,0.077895,0.54661,1.0345,1.7706
0.12801,-0.56575,-1.0762,-1.9223,0.053316,0.54952,1.0545,1.7701
0.05715,-0.56178,-1.102,-1.9016,0.027916,0.55258,1.0748,1.7692
-0.014401,-0.55794,-1.1281,-1.8803,0.0017173,0.55579,1.0955,1.7679
-0.086569,-0.55422,-1.1544,-1.8583,-0.025255,0.55916,1.1163,1.7662
-0.15928,-0.55064,-1.181,-1.8357,-0.052976,0.56268,1.1375,1.7641
-0.23247,-0.54721,-1.2077,-1.8126,-0.081419,0.56635,1.1588,1.7616
-0.30606,-0.54393,-1.2346,-1.7889,-0.11056,0.57019,1.1804,1.7588
-0.37997,-0.54082,-1.2615,-1.7647,-0.14036,0.57418,1.2021,1.7555
-0.45413,-0.53788,-1.2886,-1.7401,-0.17079,0.57833,1.2239,1.7518
-0.52846,-0.53512,-1.3156,-1.715,-0.20183,0.58264,1.2459,1.7478
-0.60289,-0.53254,-1.3427,-1.6895,-0.23344,0.58711,1.2679,1.7433
-0.67734,-0.53016,-1.3697,-1.6635,-0.26558,0.59174,1.29,1.7385
-0.75172,-0.52796,-1.3967,-1.6373,-0.29823,0.59651,1.3121,1.7334
-0.82597,-0.52597,-1.4235,-1.6107,-0.33134,0.60144,1.3342,1.7278
-0.90001,-0.52417,-1.4502,-1.5838,-0.36489,0.60652,1.3562,1.7219
-0.97374,-0.52258,-1.4766,-1.5566,-0.39883,0.61173,1.3782,1.7155
-1.0471,-0.52119,-1.5029,-1.5292,-0.43312,0.61709,1.4001,1.7089
-1.12,-0.52002,-1.5288,-1.5015,-0.46773,0.62258,1.4219,1.7018
-1.1924,-0.51905,-1.5544,-1.4737,-0.50262,0.6282,1.4434,1.6944
-1.2642,-0.51829,-1.5797,-1.4457,-0.53775,0.63393,1.4648,1.6867
-1.3353,-0.51774,-1.6046,-1.4176,-0.57308,0.63979,1.486,1.6785
-1.4056,-0.51741,-1.629,-1.3894,-0.60856,0.64575,1.5069,1.6701
-1.4751,-0.51728,-1.653,-1.361,-0.64416,0.65181,1.5275,1.6612
-1.5436,-0.51737,-1.6764,-1.3327,-0.67983,0.65796,1.5478,1.652
-1.6112,-0.51766,-1.6993,-1.3043,-0.71553,0.6642,1.5677,1.6425
-1.6777,-0.51816,-1.7216,-1.2759,-0.75123,0.67051,1.5872,1.6326
-1.7431,-0.51887,-1.7432,-1.2475,-0.78687,0.67688,1.6064,1.6224
-1.8072,-0.51979,-1.7642,-1.2191,-0.82241,0.68332,1.625,1.6119
-1.8701,-0.52091,-1.7845,-1.1908,-0.85781,0.6898,1.6432,1.601
-1.9316,-0.52224,-1.804,-1.1626,-0.89303,0.69632,1.6609,1.5897
-1.9918,-0.52376,-1.8227,-1.1345,-0.92803,0.70286,1.678,1.5782
-2.0504,-0.52548,-1.8406,-1.1065,-0.96276,0.70942,1.6946,1.5663
-2.1075,-0.5274,-1.8577,-1.0787,-0.99718,0.71599,1.7105,1.5541
-2.163,-0.52952,-1.8739,-1.0511,-1.0312,0.72255,1.7258,1.5416
-2.2168,-0.53182,-1.8891,-1.0236,-1.0649,0.72909,1.7404,1.5287
-2.2688,-0.53432,-1.9033,-0.99641,-1.0982,0.73561,1.7544,1.5156
-2.3191,-0.53701,-1.9166,-0.9694,-1.1309,0.74209,1.7676,1.5021
-2.3676,-0.53988,-1.9289,-0.94264,-1.1632,0.74852,1.78,1.4883
-2.4141,-0.54294,-1.94,-0.91614,-1.1948,0.75489,1.7917,1.4742
-2.4587,-0.54618,-1.9501,-0.88992,-1.2259,0.7612,1.8026,1.4598
-2.5013,-0.5496,-1.9591,-0.864,-1.2564,0.76742,1.8126,1.4452
-2.5419,-0.55321,-1.9669,-0.8384,-1.2861,0.77354,1.8217,1.4302
-2.5804,-0.55699,-1.9736,-0.81312,-1.3152,0.77957,1.83,1.4149
-2.6168,-0.56094,-1.979,-0.78819,-1.3435,0.78548,1.8374,1.3994
-2.651,-0.56508,-1.9832,-0.76361,-1.371,0.79127,1.8438,1.3836
-2.683,-0.56938,-1.9862,-0.7394,-1.3977,0.79692,1.8492,1.3675
-2.7128,-0.57387,-1.9879,-0.71558,-1.4235,0.80243,1.8537,1.3511
-2.7403,-0.57852,-1.9883,-0.69214,-1.4485,0.80779,1.8572,1.3345
-2.7655,-0.58335,-1.9873,-0.66912,-1.4725,0.81299,1.8596,1.3176
-2.7885,-0.58835,-1.9851,-0.6465,-1.4956,0.81801,1.861,1.3005
-2.8091,-0.59351,-1.9815,-0.62432,-1.5177,0.82286,1.8614,1.2831
-2.8273,-0.59885,-1.9765,-0.60257,-1.5388,0.82751,1.8606,1.2654
-2.8432,-0.60437,-1.9701,-0.58126,-1.5588,0.83198,1.8588,1.2475
-2.8567,-0.61005,-1.9623,-0.5604,-1.5778,0.83624,1.8558,1.2294
-2.8679,-0.6159,-1.9531,-0.54001,-1.5957,0.84029,1.8518,1.2111
-2.8766,-0.62192,-1.9424,-0.52008,-1.6125,0.84412,1.8465,1.1925
-2.8829,-0.62811,-1.9304,-0.50063,-1.6282,0.84773,1.8402,1.1737
-2.8869,-0.63448,-1.9169,-0.48166,-1.6427,0.85111,1.8326,1.1547
-2.8884,-0.64101,-1.9019,-0.46317,-1.656,0.85427,1.8239,1.1354
-2.8875,-0.64772,-1.8855,-0.44517,-1.6682,0.85718,1.814,1.116
-2.8843,-0.65459,-1.8676,-0.42767,-1.6792,0.85986,1.803,1.0964
-2.8787,-0.66164,-1.8483,-0.41066,-1.6889,0.86229,1.7907,1.0765
-2.8708,-0.66886,-1.8275,-0.39416,-1.6974,0.86447,1.7772,1.0565
-2.8605,-0.67625,-1.8053,-0.37816,-1.7047,0.86641,1.7625,1.0363
-2.8479,-0.68381,-1.7816,-0.36267,-1.7107,0.86809,1.7466,1.016
-2.833,-0.69154,-1.7564,-0.34768,-1.7155,0.86953,1.7295,0.99545
-2.8158,-0.69944,-1.7298,-0.3332,-1.719,0.87071,1.7112,0.97476
-2.7964,-0.70751,-1.7017,-0.31923,-1.7213,0.87164,1.6917,0.95391
-2.7748,-0.71575,-1.6723,-0.30577,-1.7223,0.87232,1.6709,0.93291
-2.751,-0.72416,-1.6414,-0.29282,-1.722,0.87275,1.649,0.91177
-2.7251,-0.73273,-1.6091,-0.28037,-1.7204,0.87293,1.6259,0.8905
-2.6971,-0.74147,-1.5754,-0.26843,-1.7176,0.87286,1.6015,0.86909
-2.667,-0.75037,-1.5404,-0.25698,-1.7136,0.87255,1.576,0.84756
-2.635,-0.75943,-1.504,-0.24604,-1.7083,0.872,1.5494,0.82592
-2.601,-0.76864,-1.4662,-0.23559,-1.7017,0.87121,1.5215,0.80416
-2.565,-0.77801,-1.4272,-0.22564,-1.6939,0.87019,1.4925,0.78231
-2.5273,-0.78753,-1.3868,-0.21616,-1.6849,0.86895,1.4624,0.76035
-2.4877,-0.79719,-1.3452,-0.20718,-1.6747,0.86748,1.4312,0.73831
-2.4464,-0.80699,-1.3023,-0.19866,-1.6633,0.86579,1.3988,0.71618
-2.4034,-0.81693,-1.2582,-0.19061,-1.6508,0.86389,1.3654,0.69398
-2.3587,-0.827,-1.2129,-0.18303,-1.637,0.86179,1.3308,0.6717
-2.3125,-0.8372,-1.1665,-0.1759,-1.6221,0.8595,1.2953,0.64937
-2.2648,-0.84751,-1.119,-0.16921,-1.6062,0.85701,1.2587,0.62698
-2.2157,-0.85793,-1.0703,-0.16297,-1.5891,0.85434,1.2211,0.60453
-2.1653,-0.86846,-1.0206,-0.15715,-1.5709,0.85149,1.1825,0.58205
-2.1135,-0.87907,-0.96987,-0.15174,-1.5517,0.84848,1.143,0.55953
-2.0605,-0.88977,-0.91815,-0.14675,-1.5315,0.84531,1.1025,0.53697
-2.0064,-0.90055,-0.86549,-0.14215,-1.5103,0.84199,1.0611,0.5144
-1.9512,-0.91139,-0.81193,-0.13794,-1.4882,0.83853,1.0188,0.4918
-1.8949,-0.92228,-0.75749,-0.13409,-1.4651,0.83494,0.97574,0.4692
-1.8378,-0.93322,-0.70224,-0.13061,-1.4411,0.83123,0.93182,0.44658
-1.7798,-0.94418,-0.64621,-0.12748,-1.4163,0.8274,0.88711,0.42397
-1.7211,-0.95516,-0.58944,-0.12467,-1.3906,0.82346,0.84166,0.40137
-1.6617,-0.96615,-0.53199,-0.12219,-1.3641,0.81944,0.79548,0.37878
-1.6016,-0.97712,-0.4739,-0.12001,-1.3369,0.81533,0.74862,0.3562
-1.541,-0.98807,-0.41521,-0.11811,-1.309,0.81114,0.70112,0.33365
-1.48,-0.99897,-0.35599,-0.11649,-1.2804,0.80688,0.65301,0.31113
-1.4186,-1.0098,-0.29627,-0.11512,-1.2511,0.80257,0.60432,0.28864
-1.3569,-1.0206,-0.23611,-0.11398,-1.2213,0.79821,0.5551,0.26619
-1.295,-1.0313,-0.17556,-0.11307,-1.1909,0.79381,0.50538,0.24378
-1.233,-1.0419,-0.11468,-0.11236,-1.16,0.78939,0.45522,0.22142
-1.1709,-1.0523,-0.053511,-0.11183,-1.1286,0.78494,0.40464,0.19912
-1.1089,-1.0626,0.0078826,-0.11146,-1.0967,0.78048,0.35368,0.17688
-1.047,-1.0728,0.069449,-0.11124,-1.0645,0.77601,0.3024,0.15469
-0.98523,-1.0827,0.13113,-0.11114,-1.032,0.77155,0.25083,0.13257
-0.92376,-1.0925,0.19287,-0.11115,-0.99913,0.7671,0.19903,0.11053
-0.86264,-1.102,0.25462,-0.11123,-0.96602,0.76268,0.14702,0.088555
-0.80194,-1.1114,0.31632,-0.11138,-0.9327,0.75827,0.094854,0.06666
-0.74174,-1.1204,0.3779,-0.11157,-0.89921,0.75391,0.042583,0.044847
-0.68212,-1.1291,0.43931,-0.11177,-0.86561,0.74958,-0.009753,0.023118
-0.62314,-1.1376,0.5005,-0.11197,-0.83193,0.7453,-0.062107,0.0014769
-0.56489,-1.1457,0.5614,-0.11215,-0.79821,0.74107,-0.11443,-0.020073
-0.50744,-1.1535,0.62196,-0.11227,-0.76452,0.7369,-0.16669,-0.04153
-0.45085,-1.1609,0.68212,-0.11232,-0.73088,0.7328,-0.21882,-0.06289
-0.39519,-1.168,0.74182,-0.11228,-0.69734,0.72876,-0.27079,-0.084152
-0.34053,-1.1746,0.80099,-0.11211,-0.66395,0.72479,-0.32255,-0.10531
-0.28694,-1.1808,0.85959,-0.11181,-0.63075,0.7209,-0.37404,-0.12637
-0.23448,-1.1866,0.91755,-0.11134,-0.59779,0.71708,-0.42524,-0.14732
-0.18322,-1.1918,0.97482,-0.11068,-0.5651,0.71335,-0.47608,-0.16816
-0.1332,-1.1966,1.0313,-0.10981,-0.53273,0.7097,-0.52652,-0.18889
-0.084496,-1.2009,1.087,-0.1087,-0.50072,0.70614,-0.57653,-0.20951
-0.037158,-1.2047,1.1419,-0.10734,-0.46912,0.70266,-0.62604,-0.23002
0.0087583,-1.2079,1.1958,-0.10569,-0.43795,0.69927,-0.67503,-0.25041
0.053202,-1.2105,1.2487,-0.10374,-0.40727,0.69597,-0.72343,-0.27069
0.096123,-1.2126,1.3007,-0.10147,-0.37711,0.69276,-0.77121,-0.29085
0.13747,-1.214,1.3515,-0.098848,-0.34751,0.68963,-0.81833,-0.31088
0.17721,-1.2149,1.4012,-0.095857,-0.3185,0.68659,-0.86474,-0.3308
0.21529,-1.2151,1.4496,-0.092475,-0.29013,0.68363,-0.9104,-0.35059
0.25167,-1.2146,1.4969,-0.088681,-0.26242,0.68075,-0.95526,-0.37026
0.28631,-1.2135,1.5428,-0.084455,-0.23541,0.67795,-0.9993,-0.3898
0.31919,-1.2117,1.5874,-0.079777,-0.20914,0.67523,-1.0425,-0.40922
0.35026,-1.2092,1.6306,-0.074629,-0.18363,0.67258,-1.0847,-0.42851
0.3795,-1.206,1.6724,-0.068991,-0.15892,0.66999,-1.126,-0.44766
0.40687,-1.2021,1.7126,-0.062846,-0.13503,0.66748,-1.1663,-0.46669
0.43236,-1.1974,1.7514,-0.056176,-0.11199,0.66502,-1.2056,-0.48558
0.45595,-1.192,1.7885,-0.048966,-0.089835,0.66261,-1.2438,-0.50433
0.47761,-1.1859,1.8241,-0.041199,-0.068581,0.66026,-1.2809,-0.52295
0.49732,-1.179,1.8579,-0.032862,-0.048256,0.65794,-1.3168,-0.54144
0.51508,-1.1713,1.8901,-0.02394,-0.028881,0.65566,-1.3517,-0.55978
0.53087,-1.1629,1.9205,-0.014421,-0.010478,0.65342,-1.3853,-0.57798
0.54468,-1.1537,1.9492,-0.0042935,0.0069348,0.65119,-1.4177,-0.59603
0.55651,-1.1437,1.976,0.0064541,0.023338,0.64898,-1.4488,-0.61394
0.56636,-1.133,2.001,0.017831,0.038716,0.64678,-1.4787,-0.6317
0.57422,-1.1214,2.0241,0.029846,0.053054,0.64457,-1.5072,-0.64931
0.5801,-1.1091,2.0454,0.042506,0.066338,0.64236,-1.5344,-0.66676
0.584,-1.096,2.0646,0.055817,0.078556,0.64014,-1.5603,-0.68406
0.58594,-1.0821,2.082,0.069786,0.089699,0.63789,-1.5848,-0.7012
0.58592,-1.0674,2.0973,0.084415,0.099757,0.6356,-1.6079,-0.71818
0.58396,-1.0519,2.1107,0.099707,0.10872,0.63327,-1.6295,-0.73499
0.58008,-1.0357,2.122,0.11566,0.11659,0.63089,-1.6498,-0.75164
0.57428,-1.0187,2.1313,0.13229,0.12337,0.62845,-1.6686,-0.76812
0.5666,-1.001,2.1385,0.14957,0.12903,0.62594,-1.6859,-0.78442
0.55706,-0.98252,2.1437,0.16752,0.1336,0.62335,-1.7017,-0.80055
0.54569,-0.96329,2.1468,0.18612,0.13706,0.62067,-1.7161,-0.8165
0.53252,-0.94334,2.1478,0.20538,0.13943,0.6179,-1.729,-0.83226
0.51757,-0.92266,2.1467,0.22528,0.1407,0.61501,-1.7403,-0.84784
0.50088,-0.90127,2.1435,0.24582,0.14089,0.612,-1.7502,-0.86323
0.4825,-0.8792,2.1382,0.26699,0.14,0.60887,-1.7585,-0.87843
0.46246,-0.85644,2.1308,0.28878,0.13803,0.6056,-1.7654,-0.89343
0.44079,-0.83301,2.1213,0.31118,0.13501,0.60218,-1.7707,-0.90823
0.41756,-0.80894,2.1097,0.33418,0.13095,0.5986,-1.7745,-0.92283
0.39279,-0.78423,2.0961,0.35775,0.12585,0.59485,-1.7768,-0.93722
0.36655,-0.75891,2.0803,0.38189,0.11974,0.59093,-1.7776,-0.9514
0.33887,-0.73299,2.0625,0.40658,0.11263,0.58681,-1.7769,-0.96537
0.30982,-0.70649,2.0427,0.43181,0.10454,0.5825,-1.7747,-0.97913
0.27944,-0.67942,2.0208,0.45754,0.095497,0.57798,-1.7711,-0.99267
0.2478,-0.65182,1.9969,0.48377,0.085518,0.57325,-1.766,-1.006
0.21495,-0.62369,1.971,0.51047,0.074628,0.56828,-1.7594,-1.0191
0.18096,-0.59506,1.9431,0.53762,0.062853,0.56308,-1.7514,-1.032
0.14587,-0.56596,1.9133,0.5652,0.050219,0.55763,-1.742,-1.0446
0.10977,-0.53639,1.8816,0.59319,0.036754,0.55192,-1.7312,-1.057
0.072704,-0.50639,1.848,0.62155,0.022488,0.54595,-1.719,-1.0692
0.034746,-0.47597,1.8125,0.65026,0.0074524,0.5397,-1.7055,-1.0811
-0.0040359,-0.44517,1.7752,0.6793,-0.0083213,0.53316,-1.6907,-1.0929
-0.043575,-0.41399,1.7362,0.70864,-0.024799,0.52634,-1.6745,-1.1043
-0.0838,-0.38246,1.6954,0.73825,-0.041946,0.5192,-1.6571,-1.1156
-0.12464,-0.35062,1.6529,0.76811,-0.059727,0.51175,-1.6385,-1.1266
-0.16602,-0.31847,1.6088,0.79817,-0.078103,0.50398,-1.6186,-1.1374
-0.20788,-0.28604,1.5631,0.82842,-0.097037,0.49588,-1.5976,-1.148
-0.25013,-0.25335,1.5158,0.85882,-0.11649,0.48744,-1.5755,-1.1583
-0.29271,-0.22043,1.467,0.88934,-0.13642,0.47865,-1.5522,-1.1684
-0.33553,-0.1873,1.4167,0.91995,-0.15678,0.4695,-1.5279,-1.1782
-0.37852,-0.15398,1.3651,0.95061,-0.17754,0.45998,-1.5026,-1.1879
-0.42161,-0.12049,1.3121,0.98131,-0.19865,0.45009,-1.4763,-1.1973
-0.46473,-0.086857,1.2578,1.012,-0.22007,0.43982,-1.4491,-1.2065
-0.50778,-0.053098,1.2024,1.0427,-0.24174,0.42915,-1.421,-1.2154
-0.5507,-0.019235,1.1457,1.0732,-0.26363,0.41808,-1.3921,-1.2242
-0.59342,0.014712,1.088,1.1037,-0.28569,0.40661,-1.3624,-1.2328
-0.63584,0.048722,1.0292,1.1341,-0.30787,0.39472,-1.3319,-1.2411
-0.67791,0.082777,0.96946,1.1642,-0.33012,0.3824,-1.3007,-1.2493
-0.71953,0.11686,0.90883,1.1942,-0.3524,0.36965,-1.2689,-1.2573
-0.76065,0.15094,0.84737,1.224,-0.37465,0.35647,-1.2365,-1.2651
-0.80117,0.18502,0.78515,1.2535,-0.39683,0.34283,-1.2036,-1.2727
-0.84103,0.21907,0.72226,1.2827,-0.41888,0.32874,-1.1702,-1.2801
-0.88015,0.25307,0.65875,1.3116,-0.44076,0.31419,-1.1364,-1.2874
-0.91846,0.28701,0.59471,1.3401,-0.46242,0.29918,-1.1022,-1.2946
-0.95589,0.32088,0.53021,1.3683,-0.48381,0.28368,-1.0677,-1.3016
-0.99236,0.35466,0.46533,1.396,-0.50487,0.26771,-1.0329,-1.3084
-1.0278,0.38833,0.40014,1.4233,-0.52555,0.25125,-0.99793,-1.3152
-1.0622,0.42189,0.33473,1.4501,-0.54581,0.23429,-0.96283,-1.3218
-1.0953,0.45531,0.26917,1.4765,-0.56559,0.21683,-0.92765,-1.3284
-1.1273,0.4886,0.20354,1.5023,-0.58485,0.19887,-0.89246,-1.3348
-1.158,0.52173,0.13792,1.5276,-0.60353,0.18039,-0.85731,-1.3412
-1.1873,0.5547,0.072393,1.5523,-0.62159,0.1614,-0.82226,-1.3475
-1.2152,0.58749,0.0070373,1.5764,-0.63897,0.14188,-0.78738,-1.3538
-1.2416,0.62011,-0.058066,1.6,-0.65562,0.12184,-0.75272,-1.36
-1.2664,0.65253,-0.12283,1.6228,-0.6715,0.10127,-0.71835,-1.3662
-1.2897,0.68476,-0.18719,1.6451,-0.68656,0.080157,-0.68433,-1.3724
-1.3113,0.71679,-0.25105,1.6666,-0.70076,0.058505,-0.65071,-1.3786
-1.3312,0.7486,-0.31434,1.6875,-0.71403,0.036309,-0.61757,-1.3849
-1.3493,0.78021,-0.37697,1.7076,-0.72635,0.013566,-0.58495,-1.3911
-1.3657,0.81159,-0.43886,1.7271,-0.73766,-0.009728,-0.55292,-1.3974
-1.3801,0.84274,-0.49994,1.7458,-0.74792,-0.033576,-0.52154,-1.4038
-1.3927,0.87368,-0.56013,1.7637,-0.75708,-0.057979,-0.49087,-1.4103
-1.4033,0.90438,-0.61935,1.7809,-0.76511,-0.082941,-0.46096,-1.4168
-1.412,0.93484,-0.67752,1.7972,-0.77197,-0.10846,-0.43187,-1.4235
-1.4186,0.96507,-0.73457,1.8129,-0.7776,-0.13454,-0.40367,-1.4303
-1.4232,0.99507,-0.79042,1.8277,-0.78198,-0.16119,-0.3764,-1.4373
-1.4257,1.0248,-0.845,1.8417,-0.78507,-0.18839,-0.35012,-1.4444
