0.77834,-0.56148,0.92869,-0.75994,0.56107,0.30221,-0.61812,0.22805
0.76035,-0.55124,0.91962,-0.75822,0.55502,0.30229,-0.60817,0.23884
0.74198,-0.54059,0.91058,-0.75614,0.54896,0.30213,-0.59822,0.24946
0.72322,-0.5295,0.90157,-0.75372,0.54289,0.30173,-0.58827,0.25991
0.70405,-0.51799,0.89257,-0.75094,0.5368,0.30107,-0.5783,0.27016
0.68447,-0.50604,0.88357,-0.74779,0.53067,0.30017,-0.56832,0.2802
0.66446,-0.49366,0.87455,-0.74427,0.5245,0.29901,-0.55832,0.29001
0.64402,-0.48084,0.8655,-0.74036,0.51827,0.29761,-0.5483,0.29958
0.62312,-0.46758,0.85641,-0.73607,0.51198,0.29596,-0.53825,0.30889
0.60177,-0.45387,0.84726,-0.73138,0.50562,0.29406,-0.52817,0.31792
0.57995,-0.43972,0.83803,-0.7263,0.49918,0.29191,-0.51805,0.32667
0.55766,-0.42513,0.82872,-0.7208,0.49264,0.28951,-0.5079,0.33512
0.53488,-0.41008,0.8193,-0.71488,0.48599,0.28686,-0.4977,0.34325
0.5116,-0.39459,0.80975,-0.70854,0.47923,0.28396,-0.48745,0.35105
0.48783,-0.37865,0.80007,-0.70178,0.47235,0.28081,-0.47714,0.3585
0.46355,-0.36227,0.79024,-0.69457,0.46532,0.27742,-0.46677,0.3656
0.43875,-0.34544,0.78023,-0.68693,0.45816,0.27379,-0.45634,0.37232
0.41344,-0.32817,0.77003,-0.67884,0.45083,0.26991,-0.44583,0.37865
0.3876,-0.31046,0.75963,-0.67029,0.44334,0.26578,-0.43525,0.38459
0.36123,-0.29232,0.74901,-0.66128,0.43567,0.26142,-0.42459,0.39012
0.33433,-0.27374,0.73815,-0.65182,0.42782,0.25682,-0.41383,0.39522
0.30689,-0.25474,0.72703,-0.64188,0.41976,0.25198,-0.40298,0.39989
0.27891,-0.23532,0.71564,-0.63147,0.4115,0.24691,-0.39203,0.40412
0.25039,-0.21549,0.70397,-0.62058,0.40302,0.2416,-0.38098,0.4079
0.22134,-0.19524,0.69198,-0.60922,0.39432,0.23607,-0.36981,0.41122
0.19174,-0.1746,0.67968,-0.59737,0.38537,0.23031,-0.35852,0.41406
0.16161,-0.15356,0.66704,-0.58504,0.37618,0.22433,-0.34711,0.41642
0.13094,-0.13214,0.65404,-0.57221,0.36674,0.21814,-0.33558,0.4183
0.099734,-0.11035,0.64067,-0.5589,0.35703,0.21172,-0.3239,0.41968
0.068002,-0.088193,0.62691,-0.5451,0.34705,0.2051,-0.31209,0.42056
0.035745,-0.065682,0.61276,-0.53081,0.33679,0.19827,-0.30012,0.42094
0.0029708,-0.042828,0.59818,-0.51603,0.32624,0.19124,-0.28801,0.42081
-0.030315,-0.019645,0.58318,-0.50076,0.31539,0.18402,-0.27574,0.42016
-0.064104,0.0038559,0.56772,-0.48499,0.30424,0.1766,-0.2633,0.41899
-0.098386,0.027661,0.55181,-0.46874,0.29278,0.16899,-0.2507,0.4173
-0.13315,0.051756,0.53543,-0.452,0.281,0.16121,-0.23792,0.4151
-0.16839,0.076127,0.51856,-0.43479,0.2689,0.15325,-0.22496,0.41236
-0.20409,0.10076,0.50119,-0.41709,0.25646,0.14512,-0.21183,0.40911
-0.24024,0.12563,0.48331,-0.39891,0.2437,0.13683,-0.1985,0.40533
-0.27682,0.15074,0.46492,-0.38026,0.23059,0.12839,-0.18498,0.40102
-0.31381,0.17606,0.44599,-0.36115,0.21714,0.11979,-0.17127,0.3962
-0.35121,0.20157,0.42652,-0.34158,0.20334,0.11106,-0.15736,0.39086
-0.38899,0.22725,0.4065,-0.32155,0.18918,0.10219,-0.14325,0.38501
-0.42714,0.2531,0.38592,-0.30108,0.17468,0.093187,-0.12892,0.37864
-0.46563,0.27908,0.36478,-0.28017,0.15981,0.084069,-0.1144,0.37177
-0.50444,0.30519,0.34307,-0.25883,0.14459,0.074839,-0.099654,0.3644
-0.54356,0.33139,0.32078,-0.23706,0.12901,0.065504,-0.0847,0.35654
-0.58295,0.35767,0.29791,-0.21489,0.11306,0.056073,-0.06953,0.34819
-0.6226,0.38401,0.27445,-0.19232,0.096755,0.046555,-0.054143,0.33936
-0.66248,0.41039,0.2504,-0.16935,0.080089,0.036957,-0.038537,0.33007
-0.70256,0.43678,0.22576,-0.14601,0.063063,0.027289,-0.022713,0.32031
-0.74281,0.46316,0.20052,-0.1223,0.04568,0.017558,-0.0066697,0.3101
-0.78322,0.48952,0.1747,-0.098242,0.027942,0.0077734,0.0095929,0.29945
-0.82375,0.51582,0.14828,-0.073842,0.0098511,-0.0020556,0.026074,0.28838
-0.86436,0.54205,0.12127,-0.049117,-0.0085877,-0.01192,0.042773,0.27689
-0.90503,0.56817,0.093676,-0.024083,-0.02737,-0.021811,0.059688,0.26499
-0.94573,0.59418,0.065499,0.0012469,-0.046492,-0.03172,0.076818,0.2527
-0.98643,0.62004,0.036744,0.026855,-0.065946,-0.041637,0.094159,0.24004
-1.0271,0.64572,0.0074169,0.052725,-0.085727,-0.051553,0.11171,0.22701
-1.0677,0.67122,-0.022474,0.07884,-0.10583,-0.06146,0.12947,0.21363
-1.1081,0.69649,-0.05292,0.10518,-0.12624,-0.071347,0.14742,0.19992
-1.1485,0.72152,-0.083911,0.13173,-0.14695,-0.081205,0.16558,0.1859
-1.1886,0.74627,-0.11544,0.15848,-0.16796,-0.091026,0.18393,0.17157
-1.2286,0.77074,-0.14749,0.18539,-0.18925,-0.1008,0.20246,0.15695
-1.2682,0.79488,-0.18005,0.21245,-0.21082,-0.11052,0.22118,0.14207
-1.3076,0.81868,-0.2131,0.23965,-0.23264,-0.12017,0.24007,0.12694
-1.3467,0.84211,-0.24664,0.26695,-0.25471,-0.12975,0.25913,0.11157
-1.3854,0.86514,-0.28063,0.29435,-0.27703,-0.13924,0.27835,0.095987
-1.4237,0.88775,-0.31508,0.32181,-0.29956,-0.14864,0.29772,0.080208
-1.4616,0.90991,-0.34995,0.34931,-0.3223,-0.15794,0.31723,0.064252
-1.4989,0.9316,-0.38522,0.37685,-0.34524,-0.16713,0.33688,0.048137
-1.5358,0.9528,-0.42089,0.40438,-0.36835,-0.1762,0.35665,0.031883
-1.5721,0.97347,-0.45691,0.43189,-0.39163,-0.18514,0.37654,0.015508
-1.6078,0.99359,-0.49328,0.45935,-0.41506,-0.19394,0.39653,-0.0009678
-1.6428,1.0131,-0.52996,0.48674,-0.43861,-0.2026,0.41662,-0.017524
-1.6772,1.0321,-0.56693,0.51404,-0.46228,-0.21111,0.43678,-0.034141
-1.7108,1.0504,-0.60416,0.54123,-0.48603,-0.21945,0.45702,-0.050798
-1.7437,1.0681,-0.64163,0.56827,-0.50987,-0.22762,0.47731,-0.067475
-1.7758,1.0851,-0.67931,0.59514,-0.53375,-0.23562,0.49765,-0.084153
-1.8071,1.1015,-0.71717,0.62183,-0.55767,-0.24342,0.51801,-0.10081
-1.8375,1.1171,-0.75517,0.64829,-0.58161,-0.25104,0.5384,-0.11742
-1.867,1.1319,-0.79329,0.67452,-0.60554,-0.25844,0.55878,-0.13398
-1.8955,1.146,-0.8315,0.70047,-0.62944,-0.26564,0.57915,-0.15045
-1.9231,1.1593,-0.86975,0.72614,-0.65329,-0.27263,0.5995,-0.16682
-1.9497,1.1719,-0.90803,0.75148,-0.67707,-0.27938,0.6198,-0.18306
-1.9752,1.1835,-0.94629,0.77649,-0.70076,-0.2859,0.64005,-0.19916
-1.9996,1.1944,-0.9845,0.80112,-0.72433,-0.29219,0.66022,-0.2151
-2.0229,1.2043,-1.0226,0.82536,-0.74777,-0.29822,0.6803,-0.23085
-2.0451,1.2134,-1.0606,0.84918,-0.77104,-0.304,0.70027,-0.24639
-2.0661,1.2215,-1.0985,0.87255,-0.79414,-0.30953,0.72012,-0.26171
-2.0859,1.2287,-1.1361,0.89545,-0.81702,-0.31478,0.73983,-0.27678
-2.1044,1.235,-1.1735,0.91785,-0.83967,-0.31975,0.75939,-0.29158
-2.1217,1.2403,-1.2107,0.93973,-0.86207,-0.32445,0.77877,-0.3061
-2.1377,1.2446,-1.2475,0.96107,-0.8842,-0.32886,0.79795,-0.32031
-2.1524,1.248,-1.284,0.98182,-0.90602,-0.33297,0.81693,-0.3342
-2.1658,1.2503,-1.3201,1.002,-0.92752,-0.33679,0.83569,-0.34774
-2.1778,1.2515,-1.3558,1.0215,-0.94868,-0.34029,0.8542,-0.36092
-2.1885,1.2518,-1.391,1.0404,-0.96946,-0.34349,0.87245,-0.37371
-2.1977,1.2509,-1.4257,1.0586,-0.98986,-0.34636,0.89042,-0.3861
-2.2055,1.249,-1.4599,1.0762,-1.0098,-0.34891,0.90809,-0.39807
-2.2119,1.2461,-1.4935,1.093,-1.0294,-0.35113,0.92546,-0.4096
-2.2169,1.242,-1.5265,1.109,-1.0485,-0.35301,0.94249,-0.42068
-2.2204,1.2368,-1.5588,1.1243,-1.0671,-0.35455,0.95918,-0.43128
-2.2225,1.2305,-1.5904,1.1388,-1.0852,-0.35575,0.9755,-0.44138
-2.223,1.2231,-1.6213,1.1525,-1.1028,-0.35659,0.99145,-0.45098
-2.2221,1.2145,-1.6515,1.1654,-1.1198,-0.35707,1.007,-0.46005
-2.2197,1.2048,-1.6808,1.1774,-1.1363,-0.35719,1.0221,-0.46858
-2.2159,1.194,-1.7093,1.1885,-1.1522,-0.35694,1.0368,-0.47655
-2.2105,1.182,-1.7369,1.1988,-1.1675,-0.35632,1.0511,-0.48395
-2.2036,1.1689,-1.7637,1.2081,-1.1822,-0.35532,1.0649,-0.49076
-2.1952,1.1547,-1.7894,1.2165,-1.1963,-0.35393,1.0783,-0.49696
-2.1854,1.1393,-1.8142,1.2239,-1.2097,-0.35216,1.0911,-0.50254
-2.1741,1.1227,-1.838,1.2304,-1.2224,-0.35,1.1035,-0.5075
-2.1613,1.105,-1.8608,1.2359,-1.2345,-0.34744,1.1153,-0.5118
-2.147,1.0861,-1.8825,1.2404,-1.2459,-0.34449,1.1266,-0.51545
-2.1313,1.0662,-1.9031,1.2438,-1.2565,-0.34112,1.1374,-0.51843
-2.1141,1.045,-1.9226,1.2462,-1.2665,-0.33735,1.1476,-0.52072
-2.0955,1.0228,-1.9409,1.2476,-1.2757,-0.33317,1.1573,-0.52232
-2.0755,0.99942,-1.9581,1.2479,-1.2842,-0.32858,1.1664,-0.52322
-2.0541,0.97494,-1.9741,1.2471,-1.2919,-0.32356,1.175,-0.5234
-2.0313,0.94936,-1.9888,1.2453,-1.2989,-0.31813,1.1829,-0.52285
-2.0071,0.92269,-2.0023,1.2423,-1.3051,-0.31227,1.1902,-0.52158
-1.9816,0.89495,-2.0145,1.2382,-1.3105,-0.30598,1.197,-0.51956
-1.9549,0.86615,-2.0255,1.233,-1.3151,-0.29926,1.2031,-0.51679
-1.9268,0.8363,-2.0351,1.2267,-1.319,-0.29211,1.2086,-0.51326
-1.8974,0.80543,-2.0434,1.2193,-1.322,-0.28453,1.2135,-0.50897
-1.8669,0.77354,-2.0504,1.2107,-1.3243,-0.27652,1.2178,-0.50392
-1.8351,0.74067,-2.0561,1.2009,-1.3257,-0.26806,1.2214,-0.49809
-1.8022,0.70683,-2.0604,1.19,-1.3264,-0.25917,1.2244,-0.49148
-1.7681,0.67205,-2.0633,1.1779,-1.3263,-0.24985,1.2268,-0.48409
-1.7329,0.63635,-2.0649,1.1647,-1.3254,-0.24008,1.2285,-0.47592
-1.6967,0.59975,-2.0651,1.1503,-1.3237,-0.22988,1.2296,-0.46697
-1.6594,0.56229,-2.0639,1.1347,-1.3212,-0.21924,1.2301,-0.45723
-1.6211,0.52398,-2.0613,1.118,-1.3179,-0.20816,1.2299,-0.44671
-1.5818,0.48486,-2.0573,1.1002,-1.3138,-0.19665,1.2291,-0.43541
-1.5417,0.44496,-2.0519,1.0811,-1.309,-0.1847,1.2276,-0.42332
-1.5006,0.40432,-2.0452,1.061,-1.3033,-0.17232,1.2255,-0.41046
-1.4587,0.36296,-2.0371,1.0396,-1.297,-0.15951,1.2228,-0.39682
-1.416,0.32091,-2.0276,1.0172,-1.2898,-0.14628,1.2195,-0.38241
-1.3725,0.27823,-2.0167,0.9936,-1.282,-0.13262,1.2155,-0.36724
-1.3283,0.23493,-2.0044,0.96889,-1.2733,-0.11854,1.2109,-0.35131
-1.2835,0.19107,-1.9908,0.94307,-1.264,-0.10405,1.2057,-0.33463
-1.2379,0.14667,-1.9759,0.91616,-1.254,-0.089155,1.2,-0.31721
-1.1918,0.10178,-1.9597,0.88816,-1.2432,-0.073854,1.1936,-0.29906
-1.1451,0.056444,-1.9421,0.8591,-1.2318,-0.058158,1.1866,-0.28019
-1.098,0.010699,-1.9232,0.82898,-1.2197,-0.042072,1.1791,-0.26062
-1.0503,-0.035409,-1.9031,0.79784,-1.2069,-0.025605,1.171,-0.24034
-1.0022,-0.081837,-1.8817,0.76567,-1.1935,-0.0087643,1.1623,-0.21939
-0.95377,-0.12854,-1.859,0.73251,-1.1795,0.0084401,1.1531,-0.19778
-0.90496,-0.17547,-1.8351,0.69838,-1.1649,0.025999,1.1433,-0.17551
-0.85586,-0.22258,-1.8101,0.6633,-1.1496,0.043902,1.133,-0.15261
-0.80649,-0.26983,-1.7839,0.6273,-1.1338,0.062137,1.1222,-0.1291
-0.75691,-0.31716,-1.7565,0.59039,-1.1175,0.080694,1.1109,-0.105
-0.70715,-0.36453,-1.728,0.55261,-1.1005,0.09956,1.0991,-0.080322
-0.65726,-0.41189,-1.6984,0.51399,-1.0831,0.11872,1.0868,-0.055094
-0.60727,-0.45918,-1.6677,0.47456,-1.0652,0.13816,1.0741,-0.029337
-0.55722,-0.50636,-1.6361,0.43434,-1.0467,0.15787,1.0609,-0.0030757
-0.50716,-0.55337,-1.6034,0.39338,-1.0278,0.17783,1.0472,0.023666
-0.45712,-0.60017,-1.5697,0.3517,-1.0085,0.19803,1.0331,0.050861
-0.40713,-0.6467,-1.5351,0.30933,-0.9887,0.21844,1.0186,0.078483
-0.35724,-0.6929,-1.4996,0.26633,-0.9685,0.23906,1.0037,0.10651
-0.30749,-0.73874,-1.4633,0.22271,-0.94792,0.25985,0.98845,0.1349
-0.25789,-0.78415,-1.426,0.17853,-0.92696,0.28081,0.97278,0.16363
-0.2085,-0.82908,-1.388,0.13382,-0.90564,0.30191,0.95675,0.19267
-0.15933,-0.87348,-1.3492,0.088621,-0.88399,0.32314,0.94036,0.22199
-0.11043,-0.9173,-1.3097,0.042977,-0.86201,0.34446,0.92364,0.25155
-0.061828,-0.96049,-1.2695,-0.0030691,-0.83974,0.36587,0.90659,0.28133
-0.013545,-1.003,-1.2286,-0.049473,-0.81719,0.38733,0.88923,0.31128
0.034387,-1.0447,-1.1871,-0.096191,-0.79437,0.40883,0.87157,0.34138
0.081939,-1.0857,-1.145,-0.14317,-0.7713,0.43033,0.85362,0.37158
0.12909,-1.1258,-1.1024,-0.19038,-0.748,0.45182,0.83539,0.40185
0.17581,-1.1651,-1.0592,-0.23776,-0.72449,0.47327,0.8169,0.43216
0.22207,-1.2034,-1.0156,-0.28526,-0.70079,0.49466,0.79815,0.46245
0.26786,-1.2407,-0.97152,-0.33283,-0.6769,0.51595,0.77917,0.49271
0.31315,-1.277,-0.92703,-0.38043,-0.65284,0.53712,0.75995,0.52288
0.35793,-1.3121,-0.88218,-0.428,-0.62863,0.55815,0.74051,0.55293
0.40217,-1.3462,-0.83699,-0.4755,-0.60429,0.579,0.72085,0.58281
0.44586,-1.379,-0.7915,-0.52287,-0.57982,0.59965,0.701,0.6125
0.48899,-1.4107,-0.74574,-0.57005,-0.55524,0.62007,0.68095,0.64193
0.53153,-1.4411,-0.69976,-0.61701,-0.53057,0.64023,0.66072,0.67109
0.57347,-1.4701,-0.65358,-0.66367,-0.50581,0.6601,0.6403,0.69991
0.61481,-1.4978,-0.60724,-0.71,-0.48097,0.67966,0.61972,0.72837
0.65553,-1.5242,-0.56077,-0.75594,-0.45607,0.69887,0.59898,0.75641
0.69563,-1.549,-0.51421,-0.80143,-0.43112,0.71769,0.57808,0.78401
0.73508,-1.5724,-0.46759,-0.84642,-0.40612,0.73612,0.55703,0.81111
0.7739,-1.5944,-0.42093,-0.89086,-0.38108,0.7541,0.53584,0.83767
0.81207,-1.6147,-0.37427,-0.93469,-0.35602,0.77162,0.5145,0.86366
0.84958,-1.6335,-0.32764,-0.97787,-0.33094,0.78863,0.49303,0.88902
0.88644,-1.6507,-0.28106,-1.0203,-0.30585,0.80512,0.47143,0.91372
0.92264,-1.6662,-0.23458,-1.062,-0.28075,0.82105,0.44969,0.93773
0.95818,-1.6801,-0.1882,-1.1029,-0.25564,0.83639,0.42783,0.96098
0.99306,-1.6923,-0.14196,-1.1429,-0.23054,0.85112,0.40585,0.98346
1.0273,-1.7028,-0.095892,-1.182,-0.20545,0.8652,0.38374,1.0051
1.0609,-1.7115,-0.050008,-1.2202,-0.18037,0.87859,0.36151,1.0259
1.0938,-1.7185,-0.0043381,-1.2573,-0.1553,0.89129,0.33916,1.0458
1.126,-1.7236,0.041097,-1.2933,-0.13024,0.90325,0.31668,1.0647
1.1577,-1.727,0.086275,-1.3283,-0.10521,0.91444,0.29409,1.0827
1.1886,-1.7286,0.13118,-1.3621,-0.080192,0.92485,0.27137,1.0996
1.219,-1.7283,0.17578,-1.3946,-0.055194,0.93444,0.24852,1.1155
1.2487,-1.7262,0.22007,-1.426,-0.030215,0.94318,0.22555,1.1303
1.2778,-1.7223,0.26402,-1.456,-0.0052547,0.95106,0.20245,1.144
1.3064,-1.7164,0.30762,-1.4847,0.019688,0.95803,0.17921,1.1566
1.3343,-1.7088,0.35086,-1.512,0.044615,0.96409,0.15584,1.1679
1.3616,-1.6992,0.39372,-1.5379,0.069527,0.96921,0.13233,1.178
1.3884,-1.6878,0.43618,-1.5623,0.094428,0.97335,0.10868,1.1869
1.4145,-1.6745,0.47824,-1.5852,0.11932,0.97651,0.084881,1.1945
1.4402,-1.6593,0.51988,-1.6066,0.14421,0.97866,0.060931,1.2008
1.4653,-1.6422,0.56109,-1.6265,0.16909,0.97977,0.036824,1.2058
1.4899,-1.6233,0.60187,-1.6447,0.19398,0.97984,0.012557,1.2094
1.5139,-1.6026,0.64219,-1.6614,0.21887,0.97884,-0.011876,1.2117
1.5375,-1.58,0.68207,-1.6763,0.24377,0.97675,-0.03648,1.2125
1.5606,-1.5555,0.72148,-1.6896,0.26869,0.97355,-0.06126,1.2119
1.5832,-1.5292,0.76043,-1.7012,0.29362,0.96924,-0.086222,1.2099
1.6053,-1.5012,0.7989,-1.711,0.31859,0.9638,-0.11137,1.2064
1.627,-1.4713,0.8369,-1.7191,0.34358,0.95721,-0.13671,1.2015
1.6483,-1.4397,0.87442,-1.7254,0.3686,0.94946,-0.16225,1.1951
1.6692,-1.4063,0.91146,-1.7299,0.39367,0.94054,-0.18799,1.1871
1.6896,-1.3712,0.94802,-1.7326,0.41878,0.93045,-0.21394,1.1777
1.7097,-1.3344,0.98409,-1.7335,0.44394,0.91917,-0.2401,1.1668
1.7294,-1.2959,1.0197,-1.7325,0.46916,0.9067,-0.26648,1.1543
1.7488,-1.2558,1.0548,-1.7297,0.49444,0.89302,-0.29309,1.1403
1.7678,-1.2141,1.0894,-1.7251,0.51979,0.87815,-0.31992,1.1247
1.7865,-1.1708,1.1236,-1.7186,0.54521,0.86207,-0.34698,1.1077
1.8049,-1.1259,1.1572,-1.7102,0.57071,0.84478,-0.37428,1.0891
1.823,-1.0795,1.1904,-1.6999,0.59629,0.82628,-0.40181,1.0689
1.8408,-1.0316,1.2231,-1.6878,0.62196,0.80658,-0.42959,1.0472
1.8583,-0.98229,1.2554,-1.6738,0.64771,0.78567,-0.45762,1.024
1.8756,-0.93157,1.2872,-1.658,0.67357,0.76355,-0.48589,0.9993
1.8926,-0.87948,1.3185,-1.6403,0.69952,0.74024,-0.51441,0.97306
1.9095,-0.82608,1.3494,-1.6207,0.72558,0.71574,-0.54318,0.94532
1.926,-0.77139,1.3798,-1.5993,0.75174,0.69006,-0.5722,0.91609
1.9424,-0.71547,1.4098,-1.5761,0.77801,0.6632,-0.60148,0.88539
1.9586,-0.65837,1.4393,-1.5511,0.8044,0.63518,-0.63101,0.85322
1.9746,-0.60012,1.4685,-1.5242,0.8309,0.606,-0.66079,0.81962
1.9904,-0.54078,1.4972,-1.4956,0.85752,0.57568,-0.69082,0.78458
2.0061,-0.4804,1.5254,-1.4653,0.88425,0.54424,-0.7211,0.74815
2.0216,-0.41903,1.5533,-1.4331,0.9111,0.51169,-0.75163,0.71033
2.0369,-0.35672,1.5808,-1.3993,0.93808,0.47804,-0.78241,0.67116
2.0521,-0.29352,1.6078,-1.3638,0.96517,0.44331,-0.81343,0.63065
2.0672,-0.22949,1.6345,-1.3266,0.99238,0.40753,-0.84468,0.58883
2.0821,-0.16467,1.6608,-1.2878,1.0197,0.37071,-0.87616,0.54574
2.0969,-0.099132,1.6867,-1.2473,1.0472,0.33288,-0.90788,0.5014
2.1116,-0.032924,1.7123,-1.2053,1.0747,0.29405,-0.93981,0.45584
2.1262,0.033898,1.7374,-1.1617,1.1024,0.25425,-0.97195,0.4091
2.1407,0.10128,1.7623,-1.1166,1.1302,0.21351,-1.0043,0.36121
2.1551,0.16915,1.7868,-1.0701,1.1581,0.17185,-1.0369,0.31221
2.1694,0.23747,1.8109,-1.0221,1.1861,0.1293,-1.0696,0.26212
2.1836,0.30617,1.8347,-0.97272,1.2142,0.08589,-1.1025,0.211
2.1977,0.37519,1.8581,-0.92198,1.2424,0.041644,-1.1356,0.15888
2.2117,0.44447,1.8813,-0.86992,1.2706,-0.0034065,-1.1689,0.1058
2.2256,0.51396,1.9041,-0.81659,1.299,-0.049229,-1.2022,0.051793
2.2394,0.5836,1.9266,-0.76203,1.3274,-0.095792,-1.2358,-0.0030842
2.2531,0.65332,1.9488,-0.70629,1.3559,-0.14306,-1.2694,-0.058794
2.2667,0.72306,1.9707,-0.64941,1.3845,-0.19101,-1.3032,-0.11529
2.2802,0.79278,1.9922,-0.59145,1.4131,-0.23959,-1.337,-0.17253
2.2936,0.86239,2.0135,-0.53244,1.4417,-0.28877,-1.371,-0.23046
2.3069,0.93186,2.0345,-0.47245,1.4704,-0.33853,-1.4049,-0.28904
2.3201,1.0011,2.0552,-0.41151,1.499,-0.38881,-1.439,-0.34822
2.3332,1.0701,2.0756,-0.34969,1.5277,-0.43959,-1.4731,-0.40795
2.3462,1.1387,2.0957,-0.28704,1.5564,-0.49082,-1.5071,-0.46818
2.359,1.207,2.1155,-0.2236,1.5851,-0.54246,-1.5412,-0.52886
2.3717,1.2748,2.135,-0.15944,1.6138,-0.59449,-1.5753,-0.58994
2.3843,1.3421,2.1542,-0.094608,1.6424,-0.64684,-1.6093,-0.65136
2.3967,1.4088,2.1732,-0.029156,1.6709,-0.6995,-1.6432,-0.71308
2.4089,1.475,2.1919,0.036856,1.6994,-0.7524,-1.6771,-0.77504
2.421,1.5404,2.2102,0.10337,1.7279,-0.80552,-1.7108,-0.83719
2.4329,1.6051,2.2283,0.17034,1.7562,-0.85882,-1.7444,-0.89947
2.4447,1.669,2.2461,0.23769,1.7844,-0.91224,-1.7779,-0.96184
2.4562,1.7321,2.2636,0.30538,1.8125,-0.96574,-1.8112,-1.0242
2.4675,1.7943,2.2809,0.37334,1.8404,-1.0193,-1.8444,-1.0866
2.4786,1.8556,2.2978,0.44152,1.8682,-1.0728,-1.8773,-1.1489
2.4895,1.9159,2.3144,0.50986,1.8958,-1.1264,-1.91,-1.211
2.5001,1.9751,2.3307,0.5783,1.9232,-1.1798,-1.9424,-1.273
2.5104,2.0332,2.3467,0.64677,1.9504,-1.2331,-1.9745,-1.3347
2.5205,2.0902,2.3624,0.71524,1.9773,-1.2862,-2.0064,-1.3961
2.5303,2.146,2.3778,0.78362,2.0041,-1.3391,-2.0379,-1.4572
2.5398,2.2006,2.3928,0.85187,2.0305,-1.3918,-2.069,-1.5178
2.5489,2.2539,2.4076,0.91994,2.0567,-1.4441,-2.0998,-1.578
2.5578,2.3058,2.422,0.98775,2.0826,-1.4961,-2.1302,-1.6377
2.5663,2.3565,2.436,1.0552,2.1081,-1.5477,-2.1601,-1.6968
2.5744,2.4057,2.4497,1.1224,2.1333,-1.5989,-2.1896,-1.7553
2.5821,2.4535,2.463,1.1891,2.1582,-1.6496,-2.2187,-1.8131
2.5894,2.4998,2.476,1.2553,2.1826,-1.6998,-2.2472,-1.8702
2.5963,2.5446,2.4886,1.3211,2.2067,-1.7494,-2.2752,-1.9265
2.6028,2.5878,2.5008,1.3862,2.2304,-1.7984,-2.3027,-1.982
2.6088,2.6295,2.5126,1.4506,2.2536,-1.8468,-2.3296,-2.0366
2.6144,2.6696,2.5241,1.5144,2.2763,-1.8945,-2.3559,-2.0902
2.6195,2.708,2.5351,1.5775,2.2986,-1.9415,-2.3816,-2.1429
2.624,2.7448,2.5457,1.6397,2.3204,-1.9877,-2.4066,-2.1946
2.6281,2.7799,2.5559,1.701,2.3417,-2.0331,-2.431,-2.2452
2.6315,2.8133,2.5656,1.7615,2.3624,-2.0777,-2.4547,-2.2947
2.6345,2.8449,2.5749,1.821,2.3826,-2.1214,-2.4777,-2.3431
2.6368,2.8748,2.5837,1.8795,2.4022,-2.1642,-2.4999,-2.3902
2.6386,2.9029,2.592,1.937,2.4211,-2.206,-2.5214,-2.4361
2.6397,2.9292,2.5999,1.9933,2.4395,-2.2468,-2.5421,-2.4807
2.6402,2.9537,2.6072,2.0485,2.4573,-2.2866,-2.5621,-2.524
2.6401,2.9763,2.6141,2.1026,2.4743,-2.3254,-2.5812,-2.5659
2.6393,2.9972,2.6204,2.1554,2.4908,-2.3631,-2.5994,-2.6064
2.6378,3.0162,2.6262,2.2069,2.5065,-2.3996,-2.6168,-2.6454
2.6356,3.0333,2.6315,2.2571,2.5215,-2.435,-2.6334,-2.683
2.6326,3.0486,2.6362,2.3059,2.5357,-2.4692,-2.649,-2.7191
2.629,3.0619,2.6403,2.3534,2.5493,-2.5022,-2.6637,-2.7537
2.6246,3.0735,2.6438,2.3994,2.562,-2.5339,-2.6775,-2.7866
2.6194,3.0831,2.6468,2.444,2.574,-2.5644,-2.6903,-2.818
2.6134,3.0909,2.6492,2.4871,2.5852,-2.5936,-2.7022,-2.8478
2.6067,3.0968,2.6509,2.5286,2.5955,-2.6214,-2.7131,-2.8758
2.5991,3.1008,2.652,2.5686,2.6051,-2.648,-2.723,-2.9023
2.5907,3.103,2.6524,2.607,2.6137,-2.6731,-2.7319,-2.927
2.5814,3.1033,2.6522,2.6438,2.6215,-2.6969,-2.7397,-2.95
2.5713,3.1017,2.6514,2.6789,2.6285,-2.7192,-2.7465,-2.9712
2.5603,3.0983,2.6498,2.7124,2.6345,-2.7401,-2.7523,-2.9907
2.5485,3.0931,2.6476,2.7442,2.6396,-2.7596,-2.757,-3.0084
2.5357,3.0861,2.6447,2.7743,2.6438,-2.7776,-2.7606,-3.0244
2.522,3.0772,2.641,2.8026,2.6471,-2.7942,-2.7632,-3.0385
2.5075,3.0666,2.6367,2.8292,2.6494,-2.8092,-2.7646,-3.0508
2.492,3.0542,2.6315,2.8541,2.6508,-2.8227,-2.765,-3.0613
2.4755,3.0401,2.6257,2.8771,2.6512,-2.8348,-2.7642,-3.07
2.4582,3.0242,2.6191,2.8984,2.6506,-2.8453,-2.7624,-3.0768
2.4398,3.0066,2.6117,2.9178,2.6491,-2.8542,-2.7594,-3.0818
2.4205,2.9873,2.6036,2.9355,2.6465,-2.8616,-2.7553,-3.085
2.4003,2.9664,2.5946,2.9513,2.6429,-2.8675,-2.75,-3.0864
2.3791,2.9438,2.5849,2.9653,2.6383,-2.8719,-2.7437,-3.0859
2.3569,2.9196,2.5744,2.9775,2.6327,-2.8746,-2.7362,-3.0835
2.3337,2.8939,2.563,2.9878,2.6261,-2.8759,-2.7275,-3.0794
2.3096,2.8666,2.5509,2.9963,2.6185,-2.8755,-2.7177,-3.0735
2.2845,2.8377,2.5379,3.003,2.6098,-2.8736,-2.7068,-3.0657
2.2584,2.8074,2.5241,3.0078,2.6,-2.8702,-2.6948,-3.0561
2.2313,2.7756,2.5094,3.0108,2.5893,-2.8652,-2.6816,-3.0448
2.2032,2.7424,2.494,3.012,2.5775,-2.8587,-2.6673,-3.0317
2.1742,2.7078,2.4776,3.0114,2.5646,-2.8506,-2.6519,-3.0169
2.1442,2.6719,2.4605,3.009,2.5507,-2.8411,-2.6354,-3.0003
2.1132,2.6346,2.4424,3.0048,2.5358,-2.83,-2.6178,-2.982
2.0812,2.5961,2.4236,2.9988,2.5198,-2.8174,-2.599,-2.9621
2.0483,2.5563,2.4038,2.991,2.5027,-2.8033,-2.5792,-2.9405
2.0144,2.5153,2.3832,2.9815,2.4847,-2.7877,-2.5583,-2.9172
1.9795,2.4732,2.3617,2.9702,2.4656,-2.7707,-2.5363,-2.8923
1.9437,2.43,2.3394,2.9572,2.4454,-2.7522,-2.5133,-2.8659
1.907,2.3856,2.3162,2.9425,2.4243,-2.7323,-2.4892,-2.8379
1.8694,2.3403,2.2922,2.9262,2.4021,-2.7109,-2.464,-2.8084
1.8308,2.2939,2.2673,2.9082,2.3789,-2.6882,-2.4379,-2.7774
1.7914,2.2466,2.2416,2.8885,2.3547,-2.6641,-2.4107,-2.745
1.751,2.1984,2.215,2.8673,2.3296,-2.6387,-2.3826,-2.7111
1.7098,2.1494,2.1875,2.8444,2.3034,-2.6119,-2.3534,-2.6759
1.6678,2.0995,2.1592,2.82,2.2763,-2.5839,-2.3233,-2.6394
1.6249,2.0489,2.1301,2.7941,2.2482,-2.5546,-2.2923,-2.6015
1.5811,1.9975,2.1001,2.7667,2.2191,-2.524,-2.2604,-2.5624
1.5366,1.9455,2.0694,2.7379,2.1892,-2.4922,-2.2275,-2.5221
1.4912,1.8928,2.0378,2.7076,2.1583,-2.4592,-2.1938,-2.4806
1.4451,1.8395,2.0054,2.6759,2.1265,-2.4251,-2.1592,-2.4381
1.3983,1.7858,1.9722,2.6428,2.0938,-2.3898,-2.1238,-2.3944
1.3507,1.7315,1.9382,2.6085,2.0602,-2.3535,-2.0876,-2.3497
1.3024,1.6768,1.9035,2.5728,2.0258,-2.3161,-2.0506,-2.304
1.2534,1.6217,1.868,2.5359,1.9905,-2.2776,-2.0129,-2.2574
1.2038,1.5662,1.8317,2.4978,1.9545,-2.2382,-1.9744,-2.2099
1.1535,1.5105,1.7947,2.4585,1.9176,-2.1978,-1.9352,-2.1616
1.1027,1.4545,1.757,2.4181,1.8799,-2.1565,-1.8953,-2.1125
1.0512,1.3982,1.7185,2.3766,1.8415,-2.1143,-1.8547,-2.0627
0.99916,1.3419,1.6794,2.3341,1.8024,-2.0713,-1.8136,-2.0122
0.9466,1.2854,1.6396,2.2905,1.7626,-2.0275,-1.7718,-1.9611
0.89354,1.2289,1.5992,2.246,1.722,-1.9829,-1.7295,-1.9095
0.84,1.1723,1.5581,2.2006,1.6808,-1.9375,-1.6866,-1.8573
0.78602,1.1158,1.5164,2.1543,1.639,-1.8915,-1.6433,-1.8046
0.73161,1.0593,1.474,2.1072,1.5965,-1.8449,-1.5994,-1.7516
0.67682,1.003,1.4311,2.0593,1.5535,-1.7976,-1.5551,-1.6981
0.62167,0.94685,1.3877,2.0107,1.5099,-1.7498,-1.5104,-1.6444
0.5662,0.89091,1.3437,1.9613,1.4658,-1.7014,-1.4654,-1.5905
0.51043,0.83522,1.2992,1.9114,1.4212,-1.6526,-1.4199,-1.5364
0.4544,0.77983,1.2542,1.8609,1.376,-1.6034,-1.3742,-1.4821
0.39814,0.72479,1.2087,1.8098,1.3305,-1.5537,-1.3282,-1.4278
0.34169,0.67013,1.1627,1.7582,1.2845,-1.5037,-1.282,-1.3734
0.28506,0.6159,1.1164,1.7062,1.2381,-1.4535,-1.2355,-1.319
0.22831,0.56215,1.0696,1.6538,1.1914,-1.4029,-1.1888,-1.2648
0.17146,0.5089,1.0225,1.601,1.1444,-1.3521,-1.1421,-1.2107
0.11454,0.45621,0.97503,1.548,1.097,-1.3012,-1.0952,-1.1568
0.057589,0.4041,0.92724,1.4947,1.0494,-1.2501,-1.0482,-1.1031
0.00064165,0.35262,0.87915,1.4412,1.0015,-1.199,-1.0012,-1.0497
-0.05627,0.30181,0.83079,1.3875,0.95347,-1.1478,-0.95417,-0.99663
-0.11311,0.2517,0.7822,1.3337,0.90524,-1.0966,-0.90718,-0.94398
-0.16985,0.20233,0.73339,1.2799,0.85687,-1.0454,-0.86026,-0.89178
-0.22645,0.15373,0.6844,1.2261,0.8084,-0.99434,-0.81343,-0.84007
-0.28289,0.10593,0.63526,1.1723,0.75984,-0.9434,-0.76674,-0.7889
-0.33912,0.058968,0.58598,1.1186,0.71125,-0.89263,-0.72021,-0.73832
-0.39511,0.012874,0.53662,1.065,0.66264,-0.84207,-0.67388,-0.68838
-0.45083,-0.032323,0.48718,1.0116,0.61406,-0.79177,-0.62778,-0.63912
-0.50625,-0.076595,0.43771,0.95844,0.56553,-0.74176,-0.58195,-0.59058
-0.56134,-0.11991,0.38823,0.90555,0.51709,-0.69209,-0.53642,-0.54281
-0.61607,-0.16226,0.33877,0.85297,0.46877,-0.64279,-0.49122,-0.49585
-0.67039,-0.2036,0.28936,0.80076,0.4206,-0.59391,-0.44638,-0.44974
-0.72429,-0.24391,0.24003,0.74895,0.37261,-0.54548,-0.40193,-0.40452
-0.77773,-0.28318,0.19081,0.69759,0.32484,-0.49754,-0.35791,-0.36022
-0.83069,-0.32137,0.14174,0.64672,0.27732,-0.45013,-0.31435,-0.31688
-0.88312,-0.35849,0.09283,0.59638,0.23007,-0.40329,-0.27127,-0.27455
-0.93502,-0.3945,0.044123,0.54661,0.18314,-0.35704,-0.22871,-0.23324
-0.98634,-0.42939,-0.0043537,0.49746,0.13654,-0.31143,-0.18669,-0.193
-1.0371,-0.46315,-0.052572,0.44896,0.090317,-0.26648,-0.14524,-0.15386
-1.0871,-0.49577,-0.1005,0.40115,0.044493,-0.22224,-0.10439,-0.11583
-1.1366,-0.52723,-0.14811,0.35407,-0.00090236,-0.17873,-0.064165,-0.078963
-1.1854,-0.55752,-0.19538,0.30775,-0.045839,-0.13598,-0.024591,-0.043269
-1.2334,-0.58665,-0.24227,0.26223,-0.090289,-0.094028,0.014308,-0.0087754
-1.2808,-0.61459,-0.28876,0.21754,-0.13422,-0.052896,0.052507,0.024494
-1.3274,-0.64136,-0.33482,0.17371,-0.17762,-0.012613,0.089984,0.056519
-1.3732,-0.66694,-0.38042,0.13078,-0.22045,0.026793,0.12672,0.087281
-1.4182,-0.69133,-0.42554,0.088775,-0.26268,0.065299,0.16268,0.11676
-1.4625,-0.71454,-0.47015,0.047725,-0.30429,0.10288,0.19786,0.14494
-1.5059,-0.73657,-0.51421,0.0076574,-0.34527,0.13951,0.23224,0.17182
-1.5485,-0.75742,-0.55772,-0.031402,-0.38557,0.17518,0.26579,0.19737
-1.5902,-0.77711,-0.60064,-0.069428,-0.42519,0.20985,0.2985,0.22159
-1.631,-0.79562,-0.64295,-0.1064,-0.46409,0.24352,0.33035,0.24446
-1.671,-0.81299,-0.68462,-0.14229,-0.50227,0.27617,0.36134,0.26599
-1.7101,-0.82921,-0.72563,-0.17708,-0.53969,0.30777,0.39143,0.28617
-1.7482,-0.84429,-0.76597,-0.21075,-0.57635,0.33832,0.42063,0.30499
-1.7855,-0.85827,-0.8056,-0.24329,-0.61221,0.3678,0.44893,0.32246
-1.8218,-0.87114,-0.84451,-0.27467,-0.64727,0.3962,0.4763,0.33857
-1.8572,-0.88292,-0.88268,-0.30489,-0.68151,0.42351,0.50274,0.35333
-1.8916,-0.89364,-0.92008,-0.33393,-0.71492,0.44972,0.52825,0.36675
-1.9251,-0.90331,-0.95671,-0.36178,-0.74747,0.47482,0.55281,0.37882
-1.9576,-0.91196,-0.99253,-0.38843,-0.77916,0.49882,0.57643,0.38956
-1.9891,-0.91961,-1.0275,-0.41387,-0.80998,0.5217,0.59909,0.39897
-2.0197,-0.92628,-1.0617,-0.43809,-0.83991,0.54346,0.6208,0.40708
-2.0494,-0.932,-1.0951,-0.4611,-0.86895,0.56411,0.64156,0.41389
-2.078,-0.93679,-1.1275,-0.48289,-0.89708,0.58364,0.66135,0.41942
-2.1058,-0.94068,-1.1592,-0.50345,-0.9243,0.60205,0.68019,0.42368
-2.1325,-0.94371,-1.1899,-0.52278,-0.95061,0.61935,0.69808,0.4267
-2.1583,-0.9459,-1.2197,-0.5409,-0.976,0.63554,0.71502,0.4285
-2.1831,-0.94728,-1.2486,-0.5578,-1.0005,0.65063,0.73102,0.42909
-2.207,-0.94788,-1.2767,-0.57348,-1.024,0.66463,0.74608,0.42851
-2.2299,-0.94774,-1.3038,-0.58796,-1.0466,0.67755,0.7602,0.42677
-2.2519,-0.94689,-1.3299,-0.60124,-1.0683,0.6894,0.77341,0.42392
-2.273,-0.94537,-1.3552,-0.61333,-1.0891,0.70019,0.7857,0.41996
-2.2931,-0.94321,-1.3795,-0.62425,-1.1089,0.70993,0.79709,0.41495
-2.3124,-0.94045,-1.4029,-0.634,-1.1278,0.71865,0.80759,0.4089
-2.3307,-0.93712,-1.4253,-0.64261,-1.1458,0.72635,0.81722,0.40185
-2.3481,-0.93325,-1.4468,-0.65008,-1.1629,0.73306,0.82598,0.39384
-2.3647,-0.9289,-1.4673,-0.65644,-1.1791,0.73879,0.8339,0.38489
-2.3803,-0.92409,-1.4869,-0.66171,-1.1944,0.74357,0.84099,0.37506
-2.3952,-0.91887,-1.5056,-0.6659,-1.2088,0.74742,0.84728,0.36438
-2.4091,-0.91326,-1.5233,-0.66904,-1.2223,0.75036,0.85277,0.35289
-2.4223,-0.90732,-1.5401,-0.67115,-1.235,0.75242,0.85749,0.34062
-2.4346,-0.90107,-1.556,-0.67225,-1.2468,0.75361,0.86146,0.32763
-2.4462,-0.89456,-1.5709,-0.67238,-1.2578,0.75398,0.8647,0.31394
-2.4569,-0.88783,-1.585,-0.67156,-1.2679,0.75354,0.86724,0.29962
-2.4669,-0.88091,-1.5981,-0.66982,-1.2772,0.75232,0.86909,0.28471
-2.4762,-0.87384,-1.6104,-0.66719,-1.2858,0.75036,0.87029,0.26924
-2.4847,-0.86666,-1.6218,-0.66369,-1.2936,0.74768,0.87086,0.25326
-2.4925,-0.8594,-1.6323,-0.65937,-1.3006,0.74431,0.87082,0.23683
-2.4996,-0.85211,-1.6419,-0.65425,-1.3069,0.7403,0.87021,0.22
-2.5061,-0.84482,-1.6507,-0.64836,-1.3124,0.73566,0.86904,0.2028
-2.5118,-0.83757,-1.6587,-0.64175,-1.3173,0.73044,0.86735,0.18529
-2.517,-0.83039,-1.6658,-0.63445,-1.3215,0.72467,0.86517,0.16751
-2.5215,-0.82331,-1.6722,-0.62649,-1.325,0.71838,0.86252,0.14953
-2.5254,-0.81638,-1.6778,-0.61791,-1.3279,0.7116,0.85944,0.13138
-2.5287,-0.80962,-1.6826,-0.60875,-1.3302,0.70438,0.85596,0.11312
-2.5315,-0.80306,-1.6866,-0.59904,-1.3319,0.69675,0.8521,0.0948
-2.5337,-0.79675,-1.69,-0.58883,-1.333,0.68875,0.8479,0.076466
-2.5354,-0.7907,-1.6926,-0.57816,-1.3336,0.68041,0.84338,0.05817
-2.5366,-0.78495,-1.6945,-0.56706,-1.3337,0.67176,0.83859,0.039963
-2.5373,-0.77953,-1.6958,-0.55557,-1.3333,0.66286,0.83355,0.021893
-2.5375,-0.77446,-1.6964,-0.54374,-1.3324,0.65372,0.82829,0.004012
-2.5373,-0.76978,-1.6965,-0.5316,-1.3311,0.6444,0.82284,-0.013632
-2.5366,-0.7655,-1.6959,-0.51919,-1.3294,0.63492,0.81724,-0.030991
-2.5356,-0.76166,-1.6947,-0.50656,-1.3273,0.62533,0.81152,-0.048016
-2.5341,-0.75827,-1.693,-0.49374,-1.3248,0.61566,0.80571,-0.064659
-2.5323,-0.75536,-1.6907,-0.48078,-1.322,0.60594,0.79984,-0.080873
-2.5301,-0.75295,-1.688,-0.46772,-1.3189,0.59621,0.79395,-0.096613
-2.5275,-0.75106,-1.6848,-0.45459,-1.3156,0.58652,0.78805,-0.11183
-2.5246,-0.74971,-1.6811,-0.44144,-1.3119,0.57689,0.78219,-0.12649
-2.5214,-0.74891,-1.677,-0.4283,-1.3081,0.56735,0.7764,-0.14053
-2.5179,-0.74868,-1.6724,-0.41521,-1.304,0.55795,0.77069,-0.15393
-2.5142,-0.74904,-1.6675,-0.40222,-1.2998,0.54871,0.76511,-0.16663
-2.5101,-0.74999,-1.6623,-0.38935,-1.2954,0.53968,0.75969,-0.1786
-2.5059,-0.75156,-1.6567,-0.37666,-1.2909,0.53087,0.75444,-0.1898
-2.5013,-0.75375,-1.6508,-0.36416,-1.2863,0.52233,0.7494,-0.20019
-2.4966,-0.75657,-1.6446,-0.35191,-1.2817,0.51409,0.7446,-0.20973
-2.4916,-0.76003,-1.6382,-0.33993,-1.2769,0.50616,0.74006,-0.21839
-2.4865,-0.76414,-1.6315,-0.32826,-1.2722,0.49859,0.73581,-0.22614
-2.4812,-0.76891,-1.6246,-0.31693,-1.2675,0.4914,0.73187,-0.23294
-2.4757,-0.77433,-1.6176,-0.30597,-1.2627,0.48463,0.72826,-0.23876
-2.47,-0.78041,-1.6104,-0.29543,-1.2581,0.47828,0.72502,-0.24358
-2.4642,-0.78716,-1.603,-0.28532,-1.2534,0.4724,0.72215,-0.24736
-2.4582,-0.79458,-1.5956,-0.27568,-1.2489,0.467,0.71969,-0.25009
-2.4521,-0.80266,-1.588,-0.26653,-1.2445,0.46211,0.71766,-0.25173
-2.4459,-0.81141,-1.5804,-0.25791,-1.2402,0.45775,0.71607,-0.25226
-2.4396,-0.82082,-1.5728,-0.24984,-1.2361,0.45394,0.71494,-0.25168
-2.4332,-0.83089,-1.5651,-0.24234,-1.2321,0.4507,0.7143,-0.24994
-2.4266,-0.84161,-1.5575,-0.23544,-1.2283,0.44805,0.71415,-0.24705
-2.42,-0.85298,-1.5498,-0.22916,-1.2247,0.446,0.71451,-0.24298
-2.4133,-0.865,-1.5422,-0.22353,-1.2213,0.44458,0.7154,-0.23772
-2.4066,-0.87765,-1.5347,-0.21856,-1.2182,0.4438,0.71683,-0.23126
-2.3997,-0.89093,-1.5273,-0.21428,-1.2153,0.44366,0.71882,-0.22359
-2.3929,-0.90482,-1.5199,-0.21069,-1.2126,0.4442,0.72137,-0.2147
-2.3859,-0.91933,-1.5127,-0.20783,-1.2102,0.4454,0.7245,-0.20459
-2.3789,-0.93443,-1.5056,-0.2057,-1.2082,0.44729,0.72822,-0.19325
-2.3718,-0.95011,-1.4987,-0.20431,-1.2064,0.44988,0.73252,-0.18069
-2.3647,-0.96636,-1.4919,-0.20369,-1.2049,0.45317,0.73743,-0.16689
-2.3576,-0.98318,-1.4854,-0.20384,-1.2037,0.45716,0.74295,-0.15187
-2.3504,-1.0005,-1.479,-0.20477,-1.2029,0.46187,0.74908,-0.13562
-2.3431,-1.0184,-1.4728,-0.20649,-1.2024,0.46729,0.75582,-0.11816
-2.3359,-1.0368,-1.4669,-0.20901,-1.2022,0.47344,0.76318,-0.099489
-2.3286,-1.0557,-1.4612,-0.21234,-1.2024,0.4803,0.77116,-0.079614
-2.3213,-1.0751,-1.4558,-0.21647,-1.203,0.48788,0.77977,-0.058549
-2.3139,-1.0949,-1.4506,-0.22142,-1.2039,0.49619,0.78899,-0.036306
-2.3065,-1.1152,-1.4457,-0.22719,-1.2051,0.50521,0.79884,-0.012899
-2.2991,-1.1359,-1.4411,-0.23378,-1.2068,0.51494,0.8093,0.011656
-2.2916,-1.157,-1.4368,-0.24118,-1.2088,0.52538,0.82038,0.037341
-2.2841,-1.1784,-1.4328,-0.2494,-1.2111,0.53653,0.83207,0.064136
-2.2766,-1.2003,-1.4291,-0.25844,-1.2139,0.54837,0.84436,0.092022
-2.2691,-1.2225,-1.4257,-0.26829,-1.217,0.5609,0.85726,0.12098
-2.2615,-1.245,-1.4226,-0.27895,-1.2205,0.57412,0.87074,0.15097
-2.2538,-1.2678,-1.4199,-0.29041,-1.2243,0.588,0.88481,0.18199
-2.2462,-1.2909,-1.4175,-0.30267,-1.2285,0.60254,0.89945,0.214
-2.2385,-1.3142,-1.4154,-0.31572,-1.2331,0.61773,0.91466,0.24697
-2.2307,-1.3378,-1.4136,-0.32954,-1.238,0.63355,0.93042,0.28088
-2.2229,-1.3616,-1.4122,-0.34414,-1.2433,0.65,0.94672,0.31569
-2.2151,-1.3855,-1.4112,-0.35949,-1.2489,0.66705,0.96356,0.35138
-2.2072,-1.4097,-1.4105,-0.3756,-1.2548,0.68469,0.98091,0.3879
-2.1992,-1.4339,-1.4101,-0.39244,-1.2611,0.7029,0.99877,0.42523
-2.1912,-1.4583,-1.41,-0.41,-1.2677,0.72168,1.0171,0.46333
-2.1831,-1.4828,-1.4103,-0.42827,-1.2747,0.74099,1.0359,0.50217
-2.175,-1.5074,-1.411,-0.44723,-1.2819,0.76082,1.0552,0.5417
-2.1667,-1.532,-1.4119,-0.46687,-1.2895,0.78116,1.0749,0.5819
-2.1585,-1.5566,-1.4132,-0.48718,-1.2973,0.80198,1.0951,0.62271
-2.1501,-1.5812,-1.4149,-0.50812,-1.3054,0.82326,1.1156,0.66411
-2.1416,-1.6058,-1.4168,-0.52969,-1.3138,0.84498,1.1366,0.70605
-2.1331,-1.6303,-1.4191,-0.55187,-1.3225,0.86712,1.1579,0.74849
-2.1244,-1.6548,-1.4217,-0.57463,-1.3313,0.88966,1.1795,0.79139
-2.1157,-1.6791,-1.4246,-0.59796,-1.3405,0.91258,1.2015,0.83471
-2.1068,-1.7034,-1.4277,-0.62184,-1.3498,0.93584,1.2238,0.8784
-2.0978,-1.7274,-1.4312,-0.64624,-1.3594,0.95944,1.2464,0.92243
-2.0888,-1.7514,-1.435,-0.67115,-1.3691,0.98333,1.2693,0.96675
-2.0796,-1.7751,-1.439,-0.69654,-1.3791,1.0075,1.2924,1.0113
-2.0702,-1.7986,-1.4434,-0.72238,-1.3892,1.0319,1.3158,1.0561
-2.0608,-1.8218,-1.4479,-0.74867,-1.3994,1.0566,1.3393,1.101
-2.0511,-1.8448,-1.4528,-0.77536,-1.4098,1.0815,1.363,1.146
-2.0414,-1.8675,-1.4578,-0.80244,-1.4204,1.1065,1.3869,1.1912
-2.0315,-1.8898,-1.4631,-0.82989,-1.431,1.1318,1.4109,1.2363
-2.0214,-1.9118,-1.4686,-0.85768,-1.4417,1.1571,1.4351,1.2814
-2.0111,-1.9335,-1.4743,-0.88578,-1.4526,1.1826,1.4593,1.3265
-2.0007,-1.9548,-1.4803,-0.91416,-1.4634,1.2081,1.4836,1.3714
-1.9901,-1.9756,-1.4864,-0.94282,-1.4744,1.2337,1.5079,1.4162
-1.9793,-1.996,-1.4926,-0.97171,-1.4853,1.2593,1.5323,1.4609
-1.9683,-2.016,-1.4991,-1.0008,-1.4963,1.2849,1.5566,1.5053
-1.9572,-2.0355,-1.5057,-1.0301,-1.5073,1.3105,1.5809,1.5494
-1.9458,-2.0545,-1.5124,-1.0595,-1.5182,1.336,1.6052,1.5932
-1.9341,-2.073,-1.5192,-1.0891,-1.5292,1.3615,1.6294,1.6366
-1.9223,-2.0909,-1.5262,-1.1188,-1.5401,1.3869,1.6535,1.6796
-1.9102,-2.1082,-1.5332,-1.1486,-1.5509,1.4121,1.6775,1.7222
-1.8979,-2.125,-1.5403,-1.1784,-1.5616,1.4372,1.7013,1.7643
-1.8853,-2.1411,-1.5475,-1.2082,-1.5723,1.4622,1.7249,1.8059
-1.8725,-2.1566,-1.5548,-1.2381,-1.5828,1.4869,1.7484,1.847
-1.8594,-2.1715,-1.562,-1.2679,-1.5933,1.5114,1.7716,1.8874
-1.8461,-2.1857,-1.5693,-1.2976,-1.6035,1.5357,1.7947,1.9272
-1.8324,-2.1992,-1.5766,-1.3273,-1.6137,1.5597,1.8174,1.9663
-1.8185,-2.2119,-1.5839,-1.3569,-1.6236,1.5834,1.8399,2.0048
-1.8043,-2.224,-1.5912,-1.3863,-1.6334,1.6068,1.862,2.0424
-1.7897,-2.2353,-1.5985,-1.4156,-1.6429,1.6298,1.8838,2.0794
-1.7749,-2.2458,-1.6056,-1.4447,-1.6523,1.6525,1.9053,2.1155
-1.7597,-2.2555,-1.6127,-1.4735,-1.6614,1.6748,1.9264,2.1507
-1.7442,-2.2645,-1.6198,-1.5022,-1.6702,1.6967,1.9471,2.1851
-1.7284,-2.2726,-1.6267,-1.5305,-1.6788,1.7181,1.9674,2.2186
-1.7122,-2.2798,-1.6335,-1.5586,-1.6871,1.7391,1.9872,2.2512
-1.6956,-2.2862,-1.6402,-1.5863,-1.6952,1.7597,2.0066,2.2828
-1.6787,-2.2917,-1.6467,-1.6137,-1.7029,1.7797,2.0256,2.3135
-1.6614,-2.2963,-1.6531,-1.6408,-1.7103,1.7993,2.044,2.3431
-1.6437,-2.3,-1.6593,-1.6674,-1.7173,1.8183,2.0619,2.3717
-1.6257,-2.3028,-1.6653,-1.6936,-1.724,1.8368,2.0793,2.3993
-1.6072,-2.3047,-1.6711,-1.7194,-1.7304,1.8547,2.0961,2.4258
-1.5883,-2.3056,-1.6766,-1.7447,-1.7364,1.872,2.1123,2.4511
-1.569,-2.3055,-1.682,-1.7695,-1.742,1.8887,2.128,2.4754
-1.5492,-2.3044,-1.687,-1.7937,-1.7472,1.9048,2.143,2.4985
-1.5291,-2.3024,-1.6918,-1.8175,-1.752,1.9203,2.1575,2.5205
-1.5084,-2.2993,-1.6963,-1.8406,-1.7563,1.9351,2.1713,2.5413
-1.4874,-2.2952,-1.7005,-1.8632,-1.7602,1.9493,2.1844,2.5609
-1.4658,-2.2901,-1.7044,-1.8852,-1.7637,1.9627,2.1969,2.5793
-1.4438,-2.284,-1.708,-1.9065,-1.7667,1.9755,2.2086,2.5965
-1.4213,-2.2768,-1.7112,-1.9272,-1.7692,1.9876,2.2197,2.6125
-1.3983,-2.2686,-1.714,-1.9472,-1.7713,1.9989,2.2301,2.6273
-1.3748,-2.2593,-1.7165,-1.9665,-1.7729,2.0095,2.2397,2.6408
-1.3508,-2.2489,-1.7185,-1.9851,-1.7739,2.0194,2.2486,2.653
-1.3263,-2.2375,-1.7202,-2.003,-1.7744,2.0285,2.2568,2.664
-1.3013,-2.225,-1.7214,-2.0201,-1.7745,2.0368,2.2642,2.6738
-1.2757,-2.2114,-1.7222,-2.0364,-1.7739,2.0443,2.2708,2.6822
-1.2497,-2.1967,-1.7225,-2.0519,-1.7729,2.0511,2.2766,2.6894
-1.223,-2.1809,-1.7224,-2.0666,-1.7712,2.057,2.2816,2.6953
-1.1958,-2.164,-1.7218,-2.0805,-1.7691,2.0622,2.2858,2.7
-1.1681,-2.146,-1.7207,-2.0936,-1.7663,2.0665,2.2892,2.7033
-1.1398,-2.127,-1.7191,-2.1058,-1.7629,2.07,2.2918,2.7054
-1.1109,-2.1068,-1.7169,-2.1171,-1.759,2.0726,2.2936,2.7062
-1.0815,-2.0856,-1.7143,-2.1275,-1.7545,2.0744,2.2945,2.7058
-1.0515,-2.0632,-1.7111,-2.137,-1.7493,2.0754,2.2945,2.704
-1.0208,-2.0398,-1.7073,-2.1456,-1.7435,2.0754,2.2937,2.701
-0.98965,-2.0153,-1.7029,-2.1533,-1.7372,2.0747,2.2921,2.6968
-0.95787,-1.9897,-1.698,-2.16,-1.7301,2.073,2.2895,2.6913
-0.92549,-1.963,-1.6925,-2.1658,-1.7225,2.0705,2.2861,2.6845
-0.89251,-1.9353,-1.6863,-2.1706,-1.7142,2.0671,2.2818,2.6765
-0.85894,-1.9066,-1.6796,-2.1744,-1.7052,2.0628,2.2767,2.6673
-0.82476,-1.8768,-1.6722,-2.1773,-1.6956,2.0576,2.2706,2.6569
-0.78999,-1.846,-1.6641,-2.1791,-1.6853,2.0516,2.2637,2.6452
-0.75461,-1.8141,-1.6555,-2.18,-1.6744,2.0446,2.2558,2.6324
-0.71862,-1.7813,-1.6461,-2.1799,-1.6627,2.0368,2.2471,2.6184
-0.68204,-1.7474,-1.6361,-2.1788,-1.6504,2.0281,2.2375,2.6032
-0.64485,-1.7126,-1.6254,-2.1766,-1.6374,2.0184,2.227,2.5868
-0.60707,-1.6768,-1.614,-2.1735,-1.6237,2.0079,2.2156,2.5694
-0.56869,-1.6401,-1.6018,-2.1693,-1.6093,1.9965,2.2032,2.5508
-0.52972,-1.6025,-1.589,-2.1641,-1.5942,1.9842,2.19,2.5311
-0.49016,-1.5639,-1.5755,-2.1579,-1.5784,1.971,2.1759,2.5103
-0.45001,-1.5245,-1.5612,-2.1507,-1.5619,1.9569,2.1609,2.4885
-0.40929,-1.4842,-1.5462,-2.1424,-1.5447,1.942,2.145,2.4656
-0.368,-1.4431,-1.5305,-2.1332,-1.5268,1.9261,2.1282,2.4416
-0.32615,-1.4012,-1.514,-2.1229,-1.5082,1.9094,2.1106,2.4167
-0.28374,-1.3584,-1.4967,-2.1117,-1.4888,1.8919,2.092,2.3908
-0.24078,-1.3149,-1.4787,-2.0994,-1.4688,1.8734,2.0726,2.3639
-0.19729,-1.2707,-1.4599,-2.0861,-1.448,1.8541,2.0523,2.3361
-0.15328,-1.2258,-1.4404,-2.0719,-1.4265,1.8339,2.0311,2.3073
-0.10875,-1.1801,-1.4201,-2.0566,-1.4043,1.813,2.009,2.2777
-0.063721,-1.1339,-1.399,-2.0404,-1.3813,1.7911,1.9861,2.2472
-0.018206,-1.087,-1.3772,-2.0233,-1.3577,1.7685,1.9624,2.2158
0.027781,-1.0394,-1.3545,-2.0052,-1.3333,1.745,1.9378,2.1837
0.074223,-0.99137,-1.3311,-1.9861,-1.3083,1.7207,1.9123,2.1507
0.12111,-0.94277,-1.3069,-1.9662,-1.2825,1.6956,1.8861,2.1169
0.16841,-0.89366,-1.2819,-1.9453,-1.256,1.6698,1.859,2.0825
0.21612,-0.84409,-1.2562,-1.9236,-1.2288,1.6432,1.8311,2.0473
0.26421,-0.79408,-1.2296,-1.9009,-1.201,1.6158,1.8024,2.0114
0.31267,-0.74367,-1.2023,-1.8774,-1.1724,1.5876,1.773,1.9748
0.36146,-0.69289,-1.1742,-1.8531,-1.1431,1.5588,1.7427,1.9377
0.41058,-0.64178,-1.1454,-1.8279,-1.1132,1.5292,1.7117,1.8999
0.45999,-0.59038,-1.1157,-1.802,-1.0826,1.4989,1.6799,1.8616
0.50968,-0.53871,-1.0854,-1.7752,-1.0514,1.468,1.6474,1.8227
0.55962,-0.48682,-1.0542,-1.7477,-1.0195,1.4363,1.6142,1.7833
0.60977,-0.43474,-1.0224,-1.7195,-0.98694,1.4041,1.5802,1.7434
0.66012,-0.3825,-0.98974,-1.6905,-0.95377,1.3712,1.5456,1.7031
0.71063,-0.33015,-0.9564,-1.6609,-0.91998,1.3376,1.5103,1.6623
0.76129,-0.27772,-0.92235,-1.6305,-0.88558,1.3035,1.4743,1.6212
0.81205,-0.22525,-0.88758,-1.5996,-0.85058,1.2688,1.4376,1.5797
0.86288,-0.17277,-0.85212,-1.568,-0.81501,1.2336,1.4003,1.5378
0.91377,-0.12032,-0.81598,-1.5359,-0.77886,1.1978,1.3625,1.4957
0.96466,-0.067933,-0.77917,-1.5031,-0.74217,1.1615,1.324,1.4533
1.0155,-0.015654,-0.7417,-1.4699,-0.70493,1.1248,1.2849,1.4107
1.0664,0.036485,-0.70359,-1.4361,-0.66718,1.0875,1.2453,1.3678
1.1171,0.088448,-0.66486,-1.4019,-0.62893,1.0498,1.2051,1.3248
1.1677,0.1402,-0.62553,-1.3672,-0.59019,1.0118,1.1644,1.2817
1.2182,0.1917,-0.5856,-1.3321,-0.55099,0.97326,1.1232,1.2384
1.2685,0.24292,-0.54511,-1.2965,-0.51134,0.9344,1.0816,1.1951
1.3185,0.29382,-0.50407,-1.2607,-0.47127,0.89519,1.0395,1.1517
1.3683,0.34437,-0.4625,-1.2245,-0.4308,0.85566,0.99692,1.1083
1.4178,0.39453,-0.42043,-1.188,-0.38995,0.81584,0.95397,1.065
1.4669,0.44427,-0.37787,-1.1512,-0.34874,0.77575,0.91063,1.0216
1.5156,0.49356,-0.33486,-1.1143,-0.3072,0.73542,0.86693,0.97836
1.564,0.54236,-0.29141,-1.0771,-0.26535,0.69488,0.8229,0.93521
1.6119,0.59064,-0.24756,-1.0397,-0.22322,0.65415,0.77855,0.89219
1.6593,0.63837,-0.20332,-1.0022,-0.18083,0.61326,0.73392,0.84934
1.7061,0.68553,-0.15873,-0.96454,-0.13821,0.57224,0.68904,0.80669
1.7524,0.73207,-0.11382,-0.92684,-0.095386,0.53112,0.64392,0.76426
1.7981,0.77797,-0.068612,-0.88908,-0.052388,0.48992,0.5986,0.72208
1.8431,0.82321,-0.023139,-0.85131,-0.0092447,0.44867,0.5531,0.68018
1.8874,0.86775,0.022567,-0.81355,0.034016,0.40741,0.50746,0.63859
1.931,0.91157,0.068474,-0.77583,0.077363,0.36615,0.4617,0.59733
1.9739,0.95464,0.11455,-0.73819,0.12077,0.32493,0.41584,0.55644
2.0159,0.99693,0.16076,-0.70066,0.1642,0.28378,0.36993,0.51594
2.0571,1.0384,0.20708,-0.66326,0.20762,0.24273,0.32398,0.47585
2.0974,1.0791,0.25346,-0.62602,0.251,0.20179,0.27803,0.4362
2.1368,1.1189,0.29987,-0.58897,0.29432,0.16102,0.23212,0.39702
2.1753,1.1579,0.34628,-0.55215,0.33753,0.12042,0.18626,0.35833
2.2127,1.196,0.39264,-0.51558,0.38061,0.08003,0.14049,0.32014
2.2491,1.2332,0.43893,-0.47928,0.42351,0.03988,0.094844,0.2825
2.2845,1.2694,0.48509,-0.44329,0.46622,-4.5966e-06,0.049351,0.24541
2.3188,1.3048,0.53111,-0.40763,0.50868,-0.039595,0.0040424,0.20889
2.3519,1.3391,0.57693,-0.37232,0.55088,-0.078865,-0.04105,0.17298
2.3839,1.3725,0.62251,-0.3374,0.59277,-0.11779,-0.085894,0.13768
2.4147,1.4049,0.66783,-0.30289,0.63432,-0.15633,-0.13046,0.10303
2.4443,1.4363,0.71283,-0.26881,0.67549,-0.19447,-0.17471,0.069029
2.4726,1.4667,0.75748,-0.23518,0.71626,-0.23219,-0.21862,0.035703
2.4996,1.4961,0.80174,-0.20203,0.75658,-0.26944,-0.26216,0.0030683
2.5254,1.5244,0.84556,-0.16937,0.79643,-0.30622,-0.30528,-0.028859
2.5498,1.5517,0.88892,-0.13724,0.83576,-0.3425,-0.34797,-0.060064
2.5728,1.5779,0.93176,-0.10565,0.87455,-0.37824,-0.39019,-0.090533
2.5944,1.6031,0.97405,-0.074617,0.91276,-0.41342,-0.43191,-0.12025
2.6147,1.6272,1.0157,-0.044163,0.95036,-0.44803,-0.47309,-0.14921
2.6335,1.6502,1.0568,-0.014304,0.98731,-0.48204,-0.51371,-0.17739
2.6508,1.6722,1.0972,0.014942,1.0236,-0.51543,-0.55373,-0.20478
2.6667,1.6931,1.1369,0.043559,1.0591,-0.54817,-0.59313,-0.23138
2.6811,1.7129,1.1758,0.071533,1.094,-0.58024,-0.63188,-0.25718
2.6939,1.7316,1.2139,0.098847,1.128,-0.61163,-0.66994,-0.28216
2.7053,1.7493,1.2512,0.12549,1.1612,-0.6423,-0.70728,-0.30632
2.7151,1.7658,1.2876,0.15145,1.1936,-0.67226,-0.74389,-0.32965
2.7234,1.7813,1.3232,0.17671,1.2252,-0.70146,-0.77972,-0.35215
2.7301,1.7957,1.3577,0.20127,1.2558,-0.72991,-0.81475,-0.37382
2.7353,1.8091,1.3913,0.22511,1.2855,-0.75757,-0.84896,-0.39464
2.7388,1.8213,1.4239,0.24823,1.3143,-0.78444,-0.88231,-0.41462
2.7408,1.8325,1.4555,0.27061,1.342,-0.81049,-0.91479,-0.43375
2.7412,1.8427,1.4859,0.29226,1.3688,-0.83572,-0.94636,-0.45204
2.7401,1.8518,1.5153,0.31316,1.3946,-0.86011,-0.977,-0.46948
2.7373,1.8599,1.5435,0.33331,1.4193,-0.88365,-1.0067,-0.48607
2.7329,1.8669,1.5705,0.3527,1.4429,-0.90632,-1.0354,-0.50182
2.727,1.8729,1.5963,0.37134,1.4654,-0.92811,-1.0631,-0.51672
2.7194,1.8779,1.6208,0.38921,1.4868,-0.94902,-1.0898,-0.53079
2.7103,1.8819,1.6441,0.40632,1.507,-0.96903,-1.1155,-0.54402
2.6997,1.8849,1.6661,0.42267,1.5261,-0.98813,-1.1401,-0.55642
2.6874,1.8869,1.6868,0.43826,1.544,-1.0063,-1.1636,-0.56799
2.6736,1.888,1.7061,0.45308,1.5607,-1.0236,-1.1861,-0.57875
2.6582,1.8881,1.724,0.46715,1.5762,-1.0399,-1.2074,-0.5887
2.6414,1.8873,1.7406,0.48046,1.5905,-1.0553,-1.2276,-0.59784
2.623,1.8856,1.7557,0.49301,1.6035,-1.0698,-1.2466,-0.60619
2.6031,1.8829,1.7694,0.50482,1.6153,-1.0833,-1.2645,-0.61376
2.5817,1.8794,1.7817,0.51588,1.6258,-1.0959,-1.2813,-0.62055
2.5589,1.875,1.7925,0.5262,1.6351,-1.1076,-1.2968,-0.62658
2.5346,1.8697,1.8018,0.53579,1.643,-1.1183,-1.3112,-0.63185
2.5088,1.8637,1.8097,0.54465,1.6497,-1.128,-1.3244,-0.63639
2.4817,1.8567,1.816,0.5528,1.6551,-1.1368,-1.3364,-0.6402
2.4532,1.849,1.8208,0.56024,1.6592,-1.1447,-1.3472,-0.6433
2.4234,1.8405,1.824,0.56699,1.662,-1.1516,-1.3567,-0.64571
2.3922,1.8313,1.8258,0.57304,1.6635,-1.1576,-1.365,-0.64743
2.3598,1.8213,1.826,0.57842,1.6637,-1.1627,-1.3722,-0.64848
2.3261,1.8106,1.8246,0.58312,1.6626,-1.1668,-1.3781,-0.64888
2.2911,1.7992,1.8217,0.58718,1.6602,-1.17,-1.3827,-0.64864
2.255,1.7871,1.8173,0.59059,1.6565,-1.1723,-1.3862,-0.64778
2.2176,1.7743,1.8113,0.59337,1.6515,-1.1737,-1.3884,-0.64633
2.1792,1.7609,1.8038,0.59554,1.6452,-1.1742,-1.3894,-0.64429
2.1396,1.7469,1.7947,0.59711,1.6377,-1.1738,-1.3892,-0.64168
2.099,1.7322,1.7841,0.59808,1.6289,-1.1725,-1.3878,-0.63853
2.0573,1.717,1.772,0.59849,1.6188,-1.1703,-1.3852,-0.63485
2.0147,1.7013,1.7584,0.59834,1.6075,-1.1673,-1.3815,-0.63066
1.9711,1.685,1.7432,0.59764,1.595,-1.1635,-1.3765,-0.62598
1.9266,1.6681,1.7266,0.59643,1.5812,-1.1588,-1.3704,-0.62083
1.8813,1.6508,1.7084,0.5947,1.5663,-1.1533,-1.3631,-0.61523
1.8351,1.633,1.6888,0.59248,1.5502,-1.1469,-1.3547,-0.6092
1.7881,1.6148,1.6678,0.58979,1.5329,-1.1398,-1.3451,-0.60277
1.7404,1.5961,1.6453,0.58664,1.5145,-1.132,-1.3344,-0.59594
1.6919,1.577,1.6214,0.58305,1.4949,-1.1233,-1.3227,-0.58875
1.6429,1.5575,1.5962,0.57904,1.4742,-1.1139,-1.3098,-0.5812
1.5932,1.5377,1.5695,0.57463,1.4525,-1.1038,-1.2959,-0.57333
1.5429,1.5175,1.5416,0.56983,1.4297,-1.093,-1.281,-0.56516
1.4921,1.4969,1.5123,0.56467,1.4059,-1.0814,-1.265,-0.5567
1.4409,1.4761,1.4817,0.55916,1.3811,-1.0693,-1.2481,-0.54797
1.3892,1.4549,1.4499,0.55332,1.3552,-1.0564,-1.2301,-0.539
1.3371,1.4335,1.4168,0.54717,1.3285,-1.0429,-1.2113,-0.52981
1.2847,1.4119,1.3825,0.54074,1.3008,-1.0288,-1.1915,-0.52041
1.232,1.3899,1.3471,0.53403,1.2722,-1.0141,-1.1708,-0.51084
1.179,1.3678,1.3105,0.52707,1.2428,-0.99886,-1.1492,-0.5011
1.1258,1.3455,1.2729,0.51988,1.2125,-0.98303,-1.1268,-0.49121
1.0725,1.323,1.2342,0.51248,1.1814,-0.96667,-1.1035,-0.48121
1.0191,1.3003,1.1945,0.50488,1.1496,-0.9498,-1.0795,-0.4711
0.96557,1.2775,1.1537,0.49711,1.117,-0.93243,-1.0547,-0.46091
0.91205,1.2545,1.1121,0.48918,1.0837,-0.9146,-1.0292,-0.45065
0.85856,1.2314,1.0695,0.48111,1.0498,-0.89631,-1.003,-0.44035
0.80515,1.2082,1.0261,0.47293,1.0152,-0.8776,-0.97608,-0.43002
0.75184,1.185,0.98189,0.46465,0.98002,-0.85849,-0.94856,-0.41968
0.6987,1.1616,0.93689,0.45628,0.94427,-0.83899,-0.92043,-0.40935
0.64576,1.1382,0.89116,0.44786,0.908,-0.81914,-0.89173,-0.39904
0.59308,1.1148,0.84474,0.43938,0.87125,-0.79894,-0.8625,-0.38878
0.54068,1.0913,0.79768,0.43089,0.83403,-0.77843,-0.83276,-0.37858
0.48861,1.0678,0.75003,0.42238,0.7964,-0.75763,-0.80254,-0.36845
0.43692,1.0443,0.70184,0.41388,0.7584,-0.73656,-0.77189,-0.35841
0.38564,1.0209,0.65315,0.4054,0.72005,-0.71523,-0.74084,-0.34848
0.33482,0.9974,0.60402,0.39697,0.68139,-0.69369,-0.70942,-0.33867
0.28449,0.97396,0.55448,0.38859,0.64247,-0.67193,-0.67766,-0.32899
0.2347,0.95056,0.50459,0.38029,0.60332,-0.65,-0.64561,-0.31947
0.18548,0.92721,0.4544,0.37208,0.56398,-0.6279,-0.61329,-0.31011
0.13686,0.90392,0.40396,0.36397,0.52449,-0.60566,-0.58075,-0.30092
0.088891,0.8807,0.35332,0.35598,0.48488,-0.58331,-0.54801,-0.29191
0.0416,0.85755,0.30253,0.34813,0.44519,-0.56085,-0.51511,-0.28311
-0.0049783,0.83449,0.25164,0.34042,0.40545,-0.53833,-0.48209,-0.27452
-0.05081,0.81152,0.2007,0.33288,0.36572,-0.51574,-0.44898,-0.26615
-0.095864,0.78865,0.14976,0.32551,0.32601,-0.49312,-0.41581,-0.25801
-0.14011,0.76589,0.098866,0.31832,0.28637,-0.47048,-0.38263,-0.25011
-0.18351,0.74323,0.048078,0.31133,0.24684,-0.44785,-0.34946,-0.24245
-0.22605,0.72069,-0.0025572,0.30456,0.20744,-0.42524,-0.31633,-0.23506
-0.26769,0.69828,-0.05299,0.298,0.16822,-0.40268,-0.28329,-0.22793
-0.30842,0.67599,-0.10317,0.29168,0.12921,-0.38017,-0.25037,-0.22107
-0.34819,0.65383,-0.15305,0.28559,0.090443,-0.35774,-0.21759,-0.21449
-0.387,0.6318,-0.20258,0.27976,0.051953,-0.33541,-0.185,-0.2082
-0.42481,0.60991,-0.25171,0.27418,0.013774,-0.3132,-0.15262,-0.20219
-0.46161,0.58816,-0.30039,0.26887,-0.024062,-0.29111,-0.12048,-0.19648
-0.49737,0.56656,-0.34857,0.26384,-0.061522,-0.26917,-0.088618,-0.19107
-0.53208,0.54509,-0.39621,0.25908,-0.098577,-0.2474,-0.057064,-0.18596
-0.56572,0.52378,-0.44326,0.25461,-0.13519,-0.2258,-0.025846,-0.18116
-0.59827,0.50261,-0.48968,0.25043,-0.17135,-0.20439,0.0050049,-0.17666
-0.62972,0.48159,-0.53541,0.24655,-0.207,-0.1832,0.035461,-0.17247
-0.66006,0.46071,-0.58042,0.24297,-0.24213,-0.16222,0.065493,-0.16859
-0.68927,0.43999,-0.62465,0.23969,-0.27671,-0.14148,0.095075,-0.16502
-0.71734,0.41941,-0.66808,0.23672,-0.31071,-0.12099,0.12418,-0.16176
-0.74426,0.39898,-0.71065,0.23406,-0.34411,-0.10076,0.15278,-0.15881
-0.77003,0.3787,-0.75232,0.23171,-0.37688,-0.080796,0.18085,-0.15617
-0.79463,0.35856,-0.79306,0.22966,-0.40899,-0.061119,0.20837,-0.15383
-0.81806,0.33857,-0.83283,0.22793,-0.44043,-0.041736,0.23531,-0.15179
-0.84032,0.31871,-0.87159,0.22651,-0.47117,-0.022658,0.26165,-0.15006
-0.86141,0.299,-0.90929,0.22539,-0.5012,-0.0038928,0.28737,-0.14862
-0.88131,0.27943,-0.94591,0.22458,-0.53048,0.014549,0.31244,-0.14747
-0.90004,0.25999,-0.98142,0.22408,-0.559,0.03266,0.33686,-0.1466
-0.91759,0.24069,-1.0158,0.22387,-0.58675,0.050432,0.36059,-0.14602
-0.93397,0.22152,-1.0489,0.22396,-0.6137,0.067857,0.38362,-0.14571
-0.94918,0.20248,-1.0809,0.22433,-0.63984,0.084929,0.40593,-0.14566
-0.96322,0.18356,-1.1116,0.225,-0.66515,0.10164,0.4275,-0.14588
-0.9761,0.16476,-1.1411,0.22594,-0.68962,0.11799,0.44833,-0.14635
-0.98782,0.14608,-1.1692,0.22715,-0.71324,0.13396,0.46839,-0.14706
-0.9984,0.12752,-1.196,0.22863,-0.73599,0.14957,0.48767,-0.14801
-1.0078,0.10907,-1.2215,0.23036,-0.75787,0.16479,0.50616,-0.14918
-1.0162,0.090726,-1.2456,0.23234,-0.77886,0.17963,0.52385,-0.15057
-1.0234,0.07249,-1.2684,0.23456,-0.79895,0.19408,0.54072,-0.15216
-1.0295,0.054357,-1.2897,0.23701,-0.81813,0.20814,0.55678,-0.15395
-1.0345,0.036322,-1.3096,0.23968,-0.8364,0.22182,0.572,-0.15592
-1.0384,0.018383,-1.3281,0.24256,-0.85376,0.2351,0.58638,-0.15807
-1.0413,0.00053661,-1.3451,0.24563,-0.87019,0.24799,0.59992,-0.16037
-1.0432,-0.017221,-1.3606,0.24889,-0.8857,0.26048,0.6126,-0.16282
-1.044,-0.034892,-1.3747,0.25231,-0.90027,0.27258,0.62443,-0.16541
-1.0438,-0.052481,-1.3873,0.2559,-0.91391,0.28429,0.63541,-0.16812
-1.0426,-0.069989,-1.3984,0.25964,-0.92662,0.29561,0.64552,-0.17094
-1.0405,-0.08742,-1.408,0.2635,-0.9384,0.30653,0.65477,-0.17385
-1.0374,-0.10478,-1.4161,0.26749,-0.94924,0.31706,0.66316,-0.17684
-1.0334,-0.12206,-1.4227,0.27158,-0.95915,0.32721,0.67068,-0.17991
-1.0285,-0.13928,-1.4278,0.27576,-0.96814,0.33697,0.67735,-0.18302
-1.0227,-0.15642,-1.4313,0.28001,-0.9762,0.34635,0.68315,-0.18618
-1.0161,-0.17351,-1.4334,0.28432,-0.98334,0.35534,0.68811,-0.18935
-1.0086,-0.19052,-1.434,0.28868,-0.98957,0.36397,0.69221,-0.19254
-1.0004,-0.20748,-1.4331,0.29306,-0.99489,0.37222,0.69547,-0.19572
-0.99131,-0.22438,-1.4306,0.29746,-0.99931,0.3801,0.69789,-0.19889
-0.98151,-0.24121,-1.4267,0.30185,-1.0028,0.38762,0.69948,-0.20201
-0.97098,-0.25799,-1.4214,0.30623,-1.0055,0.39478,0.70024,-0.20509
-0.95975,-0.27471,-1.4146,0.31056,-1.0072,0.40158,0.70019,-0.2081
-0.94784,-0.29137,-1.4063,0.31485,-1.0082,0.40804,0.69934,-0.21104
-0.93529,-0.30798,-1.3966,0.31907,-1.0082,0.41415,0.69769,-0.21387
-0.92212,-0.32453,-1.3855,0.3232,-1.0074,0.41993,0.69526,-0.2166
-0.90836,-0.34102,-1.373,0.32723,-1.0058,0.42538,0.69206,-0.21921
-0.89404,-0.35745,-1.3591,0.33114,-1.0034,0.4305,0.6881,-0.22167
-0.87918,-0.37382,-1.3438,0.33492,-1.0002,0.43531,0.6834,-0.22399
-0.86382,-0.39013,-1.3272,0.33855,-0.99619,0.4398,0.67797,-0.22614
-0.84797,-0.40638,-1.3093,0.34201,-0.99142,0.44398,0.67183,-0.22811
-0.83168,-0.42256,-1.2901,0.3453,-0.9859,0.44787,0.66499,-0.22988
-0.81497,-0.43868,-1.2697,0.34838,-0.97965,0.45147,0.65746,-0.23145
-0.79787,-0.45473,-1.248,0.35126,-0.97268,0.45478,0.64927,-0.2328
-0.7804,-0.4707,-1.225,0.3539,-0.965,0.45781,0.64044,-0.23392
-0.7626,-0.4866,-1.201,0.35631,-0.95665,0.46058,0.63097,-0.2348
-0.74449,-0.50243,-1.1757,0.35846,-0.94763,0.46308,0.6209,-0.23541
-0.7261,-0.51817,-1.1493,0.36035,-0.93797,0.46533,0.61023,-0.23577
-0.70746,-0.53383,-1.1219,0.36194,-0.92769,0.46732,0.59899,-0.23584
-0.68861,-0.54939,-1.0934,0.36325,-0.9168,0.46908,0.5872,-0.23563
-0.66955,-0.56486,-1.0638,0.36424,-0.90534,0.47061,0.57488,-0.23511
-0.65033,-0.58024,-1.0333,0.36492,-0.8933,0.47191,0.56205,-0.2343
-0.63097,-0.5955,-1.0018,0.36526,-0.88073,0.47299,0.54874,-0.23316
-0.6115,-0.61066,-0.96939,0.36526,-0.86764,0.47386,0.53495,-0.2317
-0.59195,-0.6257,-0.93611,0.36491,-0.85405,0.47453,0.52072,-0.22991
-0.57233,-0.64062,-0.90199,0.36419,-0.83998,0.475,0.50607,-0.22778
-0.55268,-0.65542,-0.86706,0.3631,-0.82546,0.47528,0.49102,-0.2253
-0.53302,-0.67008,-0.83137,0.36162,-0.81051,0.47539,0.47559,-0.22248
-0.51337,-0.68459,-0.79495,0.35976,-0.79515,0.47532,0.4598,-0.21929
-0.49377,-0.69896,-0.75784,0.3575,-0.77941,0.47508,0.44368,-0.21575
-0.47423,-0.71317,-0.72009,0.35484,-0.7633,0.47468,0.42726,-0.21183
-0.45478,-0.72723,-0.68174,0.35177,-0.74684,0.47413,0.41055,-0.20755
-0.43544,-0.74111,-0.64282,0.34828,-0.73007,0.47344,0.39358,-0.2029
-0.41624,-0.75481,-0.60337,0.34437,-0.71301,0.47261,0.37637,-0.19787
-0.39719,-0.76832,-0.56345,0.34004,-0.69567,0.47165,0.35894,-0.19247
-0.37832,-0.78164,-0.52308,0.33528,-0.67808,0.47056,0.34133,-0.1867
-0.35965,-0.79476,-0.48232,0.33009,-0.66027,0.46935,0.32354,-0.18054
-0.34119,-0.80767,-0.44121,0.32447,-0.64225,0.46803,0.30561,-0.17402
-0.32298,-0.82035,-0.39977,0.31842,-0.62404,0.46661,0.28756,-0.16712
-0.30502,-0.83281,-0.35807,0.31194,-0.60568,0.46509,0.26941,-0.15984
-0.28733,-0.84503,-0.31614,0.30503,-0.58718,0.46347,0.25118,-0.1522
-0.26994,-0.857,-0.27402,0.29769,-0.56857,0.46177,0.2329,-0.1442
-0.25286,-0.86871,-0.23175,0.28993,-0.54986,0.45998,0.21459,-0.13583
-0.23611,-0.88016,-0.18938,0.28174,-0.53107,0.45812,0.19627,-0.12711
-0.21969,-0.89134,-0.14694,0.27313,-0.51224,0.45619,0.17797,-0.11804
-0.20364,-0.90223,-0.10448,0.26411,-0.49338,0.45419,0.1597,-0.10863
-0.18796,-0.91283,-0.06204,0.25468,-0.47451,0.45214,0.14148,-0.098873
-0.17266,-0.92312,-0.019656,0.24485,-0.45565,0.45002,0.12335,-0.088791
-0.15776,-0.9331,0.022632,0.23463,-0.43682,0.44786,0.10531,-0.078388
-0.14327,-0.94276,0.064782,0.22402,-0.41804,0.44565,0.087387,-0.067672
-0.12921,-0.9521,0.10676,0.21303,-0.39933,0.4434,0.069605,-0.056653
-0.11557,-0.96109,0.14852,0.20167,-0.38072,0.44112,0.051981,-0.045341
-0.10238,-0.96973,0.19003,0.18996,-0.36221,0.4388,0.034534,-0.033747
-0.089644,-0.97802,0.23125,0.17791,-0.34383,0.43645,0.017283,-0.021881
-0.077368,-0.98594,0.27215,0.16551,-0.32559,0.43407,0.00024452,-0.0097567
-0.065561,-0.99348,0.31269,0.1528,-0.30751,0.43168,-0.016562,0.0026149
-0.054231,-1.0006,0.35284,0.13979,-0.28961,0.42926,-0.033121,0.015221
-0.043385,-1.0074,0.39255,0.12648,-0.27191,0.42683,-0.049415,0.028047
-0.033028,-1.0138,0.43181,0.11289,-0.25442,0.42439,-0.065429,0.041081
-0.023166,-1.0197,0.47056,0.099036,-0.23715,0.42194,-0.081146,0.054308
-0.013803,-1.0253,0.5088,0.084939,-0.22013,0.41948,-0.096552,0.067712
-0.0049423,-1.0304,0.54648,0.070613,-0.20336,0.41702,-0.11163,0.08128
0.0034116,-1.0351,0.58357,0.056075,-0.18686,0.41456,-0.12638,0.094995
0.011257,-1.0394,0.62004,0.041343,-0.17064,0.41209,-0.14077,0.10884
0.018592,-1.0432,0.65588,0.026436,-0.15472,0.40963,-0.15479,0.1228
0.025414,-1.0466,0.69104,0.011372,-0.13911,0.40718,-0.16844,0.13687
0.031725,-1.0495,0.72551,-0.0038281,-0.12381,0.40472,-0.18171,0.15101
0.037524,-1.0519,0.75926,-0.019145,-0.10884,0.40228,-0.19457,0.16522
0.04281,-1.0539,0.79227,-0.034558,-0.094219,0.39984,-0.20703,0.17948
0.047587,-1.0555,0.82451,-0.050047,-0.079945,0.39742,-0.21907,0.19376
0.051856,-1.0565,0.85597,-0.06559,-0.06603,0.395,-0.23069,0.20807
0.055619,-1.0571,0.88662,-0.081166,-0.052483,0.3926,-0.24187,0.22236
0.058879,-1.0572,0.91644,-0.096753,-0.039313,0.39021,-0.25262,0.23664
0.06164,-1.0568,0.94541,-0.11233,-0.026528,0.38783,-0.26291,0.25088
0.063907,-1.0559,0.97353,-0.12787,-0.014133,0.38547,-0.27276,0.26505
0.065684,-1.0545,1.0008,-0.14336,-0.002135,0.38312,-0.28214,0.27916
0.066976,-1.0527,1.0271,-0.15877,0.0094597,0.38078,-0.29106,0.29317
0.067789,-1.0503,1.0526,-0.17408,0.020646,0.37846,-0.29952,0.30707
0.068129,-1.0475,1.0771,-0.18926,0.03142,0.37616,-0.30751,0.32084
0.068004,-1.0442,1.1007,-0.2043,0.041777,0.37386,-0.31502,0.33446
0.06742,-1.0404,1.1233,-0.21917,0.051714,0.37159,-0.32206,0.34793
0.066385,-1.0361,1.1451,-0.23385,0.061228,0.36932,-0.32862,0.36121
0.064906,-1.0313,1.1658,-0.24832,0.070318,0.36707,-0.3347,0.37429
0.062994,-1.026,1.1856,-0.26255,0.07898,0.36483,-0.34031,0.38716
0.060656,-1.0203,1.2044,-0.27651,0.087215,0.36261,-0.34544,0.3998
0.057901,-1.0141,1.2223,-0.2902,0.095021,0.3604,-0.35009,0.4122
0.05474,-1.0074,1.2392,-0.30359,0.1024,0.3582,-0.35427,0.42433
0.051182,-1.0002,1.2551,-0.31665,0.10935,0.35601,-0.35797,0.43618
0.047237,-0.99262,1.2701,-0.32937,0.11587,0.35383,-0.36121,0.44774
0.042917,-0.98455,1.284,-0.34172,0.12197,0.35166,-0.36398,0.459
0.038231,-0.97603,1.297,-0.35368,0.12764,0.3495,-0.36628,0.46993
0.033192,-0.96707,1.3091,-0.36524,0.1329,0.34734,-0.36813,0.48053
0.02781,-0.95768,1.3201,-0.37637,0.13773,0.3452,-0.36951,0.49078
0.022098,-0.94786,1.3302,-0.38705,0.14215,0.34306,-0.37045,0.50066
0.016067,-0.93763,1.3394,-0.39727,0.14616,0.34093,-0.37095,0.51018
0.0097289,-0.92699,1.3476,-0.40701,0.14977,0.3388,-0.371,0.51931
0.0030969,-0.91596,1.3548,-0.41625,0.15297,0.33667,-0.37063,0.52804
-0.0038169,-0.90454,1.3611,-0.42497,0.15578,0.33455,-0.36982,0.53636
-0.011,-0.89275,1.3665,-0.43316,0.15819,0.33243,-0.3686,0.54427
-0.018439,-0.88061,1.371,-0.4408,0.16022,0.33031,-0.36696,0.55175
-0.026121,-0.86811,1.3746,-0.44788,0.16187,0.32819,-0.36493,0.5588
-0.034034,-0.85528,1.3773,-0.45438,0.16315,0.32607,-0.36249,0.56541
-0.042163,-0.84213,1.3791,-0.46029,0.16407,0.32396,-0.35967,0.57156
-0.050496,-0.82868,1.38,-0.46559,0.16462,0.32184,-0.35646,0.57726
-0.059019,-0.81493,1.3801,-0.47029,0.16483,0.31972,-0.35289,0.58249
-0.067719,-0.80091,1.3794,-0.47435,0.16469,0.31759,-0.34896,0.58725
-0.076582,-0.78663,1.3779,-0.47779,0.16421,0.31547,-0.34467,0.59155
-0.085594,-0.7721,1.3755,-0.48057,0.16341,0.31334,-0.34004,0.59536
-0.094743,-0.75735,1.3724,-0.48271,0.16228,0.31121,-0.33508,0.59869
-0.10401,-0.74238,1.3685,-0.48418,0.16085,0.30908,-0.32979,0.60154
-0.11339,-0.72722,1.3638,-0.48499,0.15911,0.30694,-0.32419,0.60391
-0.12287,-0.71189,1.3584,-0.48513,0.15708,0.3048,-0.31828,0.60579
-0.13243,-0.6964,1.3523,-0.48458,0.15477,0.30266,-0.31208,0.60718
-0.14205,-0.68077,1.3455,-0.48336,0.15218,0.30051,-0.30559,0.60809
-0.15173,-0.66502,1.3381,-0.48146,0.14932,0.29836,-0.29884,0.60851
-0.16146,-0.64917,1.3299,-0.47887,0.14621,0.29622,-0.29181,0.60845
-0.17121,-0.63324,1.3212,-0.4756,0.14285,0.29407,-0.28454,0.60791
-0.18097,-0.61724,1.3118,-0.47164,0.13925,0.29192,-0.27702,0.60689
-0.19074,-0.6012,1.3019,-0.467,0.13542,0.28977,-0.26927,0.6054
-0.2005,-0.58513,1.2913,-0.46168,0.13137,0.28763,-0.26129,0.60344
-0.21023,-0.56906,1.2803,-0.45569,0.1271,0.28548,-0.2531,0.60102
-0.21993,-0.553,1.2687,-0.44902,0.12264,0.28334,-0.24471,0.59814
-0.22958,-0.53698,1.2566,-0.44168,0.11799,0.28121,-0.23613,0.59481
-0.23917,-0.52101,1.244,-0.43368,0.11315,0.27909,-0.22737,0.59104
-0.24869,-0.50511,1.231,-0.42503,0.10813,0.27697,-0.21843,0.58683
-0.25812,-0.4893,1.2175,-0.41573,0.10296,0.27487,-0.20932,0.5822
-0.26745,-0.47361,1.2036,-0.4058,0.097625,0.27278,-0.20007,0.57715
-0.27668,-0.45804,1.1893,-0.39524,0.092146,0.2707,-0.19067,0.57169
-0.28578,-0.44262,1.1747,-0.38407,0.086529,0.26864,-0.18113,0.56584
-0.29476,-0.42737,1.1596,-0.3723,0.080784,0.2666,-0.17148,0.5596
-0.3036,-0.41231,1.1443,-0.35993,0.074919,0.26458,-0.1617,0.553
-0.31228,-0.39745,1.1287,-0.34699,0.068942,0.26259,-0.15182,0.54603
-0.3208,-0.3828,1.1127,-0.33349,0.062862,0.26063,-0.14183,0.53871
-0.32915,-0.3684,1.0965,-0.31945,0.056687,0.25869,-0.13176,0.53106
-0.33732,-0.35425,1.0801,-0.30487,0.050426,0.25679,-0.12161,0.52309
-0.3453,-0.34037,1.0634,-0.28979,0.044086,0.25492,-0.11138,0.51482
-0.35308,-0.32678,1.0466,-0.27421,0.037675,0.25309,-0.10108,0.50625
-0.36065,-0.31349,1.0295,-0.25815,0.031202,0.25131,-0.090733,0.49741
-0.368,-0.30052,1.0123,-0.24164,0.024673,0.24957,-0.080331,0.48831
-0.37513,-0.28787,0.99495,-0.22469,0.018096,0.24788,-0.069886,0.47897
-0.38202,-0.27558,0.97747,-0.20733,0.011478,0.24624,-0.059405,0.4694
-0.38867,-0.26363,0.95989,-0.18957,0.004826,0.24466,-0.048896,0.45962
-0.39508,-0.25206,0.94221,-0.17145,-0.0018531,0.24313,-0.038364,0.44964
-0.40123,-0.24086,0.92447,-0.15297,-0.0085528,0.24167,-0.027817,0.4395
-0.40712,-0.23006,0.90667,-0.13417,-0.015267,0.24027,-0.017261,0.42919
-0.41274,-0.21966,0.88883,-0.11506,-0.021988,0.23894,-0.0067009,0.41875
-0.41808,-0.20967,0.87098,-0.095671,-0.028712,0.23769,0.0038561,0.40818
-0.42315,-0.20009,0.85311,-0.076028,-0.035432,0.23651,0.014405,0.39751
-0.42794,-0.19094,0.83526,-0.056154,-0.042143,0.2354,0.02494,0.38676
-0.43243,-0.18222,0.81744,-0.036074,-0.048839,0.23439,0.035456,0.37594
-0.43663,-0.17394,0.79965,-0.015813,-0.055515,0.23345,0.045948,0.36508
-0.44054,-0.16611,0.78192,0.0046039,-0.062166,0.23261,0.056411,0.35418
-0.44414,-0.15871,0.76425,0.025151,-0.068787,0.23186,0.066842,0.34328
-0.44744,-0.15177,0.74666,0.045803,-0.075374,0.2312,0.077234,0.33238
-0.45043,-0.14528,0.72917,0.066535,-0.081922,0.23064,0.087585,0.32152
-0.45311,-0.13924,0.71177,0.087319,-0.088427,0.23019,0.09789,0.3107
-0.45548,-0.13366,0.69449,0.10813,-0.094886,0.22983,0.10815,0.29994
-0.45754,-0.12853,0.67733,0.12894,-0.10129,0.22958,0.11835,0.28927
-0.45927,-0.12385,0.66031,0.14973,-0.10765,0.22944,0.12849,0.2787
-0.46069,-0.11961,0.64343,0.17047,-0.11394,0.22941,0.13858,0.26825
-0.4618,-0.11582,0.6267,0.19114,-0.12018,0.2295,0.1486,0.25794
-0.46258,-0.11248,0.61012,0.2117,-0.12635,0.2297,0.15856,0.24779
-0.46304,-0.10956,0.59372,0.23214,-0.13246,0.23001,0.16845,0.23781
-0.46318,-0.10707,0.57749,0.25243,-0.13849,0.23044,0.17827,0.22802
-0.46301,-0.10501,0.56144,0.27254,-0.14446,0.23099,0.18802,0.21844
-0.46251,-0.10336,0.54558,0.29246,-0.15035,0.23166,0.19769,0.20908
-0.4617,-0.10211,0.52991,0.31215,-0.15616,0.23245,0.20728,0.19995
-0.46057,-0.10126,0.51444,0.3316,-0.1619,0.23336,0.2168,0.19109
-0.45912,-0.10078,0.49917,0.35078,-0.16755,0.23439,0.22623,0.18249
-0.45736,-0.10069,0.4841,0.36967,-0.17313,0.23554,0.23558,0.17418
-0.4553,-0.10095,0.46924,0.38825,-0.17862,0.23681,0.24484,0.16616
-0.45292,-0.10155,0.4546,0.4065,-0.18402,0.2382,0.25402,0.15846
-0.45024,-0.10249,0.44017,0.42439,-0.18934,0.23971,0.26311,0.15108
-0.44725,-0.10374,0.42595,0.44191,-0.19457,0.24134,0.27211,0.14404
-0.44396,-0.1053,0.41196,0.45903,-0.19971,0.24308,0.28102,0.13735
-0.44038,-0.10714,0.39818,0.47575,-0.20476,0.24494,0.28984,0.13102
-0.43651,-0.10925,0.38462,0.49204,-0.20972,0.24691,0.29856,0.12505
-0.43235,-0.11162,0.37128,0.50789,-0.21459,0.24898,0.30719,0.11947
-0.4279,-0.11421,0.35817,0.52327,-0.21936,0.25117,0.31573,0.11427
-0.42318,-0.11703,0.34527,0.53818,-0.22405,0.25345,0.32416,0.10947
-0.41818,-0.12003,0.33259,0.55259,-0.22863,0.25584,0.33251,0.10507
-0.41291,-0.12322,0.32013,0.56651,-0.23313,0.25832,0.34075,0.10108
-0.40737,-0.12656,0.30789,0.5799,-0.23753,0.26089,0.34889,0.097512
-0.40158,-0.13004,0.29586,0.59277,-0.24183,0.26355,0.35693,0.094361
-0.39553,-0.13363,0.28405,0.6051,-0.24604,0.26629,0.36487,0.091634
-0.38924,-0.13732,0.27244,0.61688,-0.25015,0.26911,0.37271,0.089336
-0.3827,-0.14108,0.26105,0.62811,-0.25416,0.272,0.38044,0.087468
-0.37592,-0.14489,0.24986,0.63877,-0.25808,0.27496,0.38806,0.086033
-0.36892,-0.14874,0.23887,0.64885,-0.2619,0.27797,0.39558,0.08503
-0.36169,-0.15259,0.22809,0.65836,-0.26562,0.28104,0.40299,0.08446
-0.35425,-0.15643,0.2175,0.66728,-0.26925,0.28416,0.4103,0.084323
-0.3466,-0.16023,0.2071,0.67561,-0.27278,0.28732,0.41749,0.084615
-0.33874,-0.16398,0.19689,0.68335,-0.27621,0.29051,0.42457,0.085335
-0.33069,-0.16764,0.18687,0.6905,-0.27954,0.29373,0.43153,0.086478
-0.32245,-0.17121,0.17703,0.69705,-0.28278,0.29696,0.43838,0.088041
-0.31402,-0.17465,0.16737,0.70301,-0.28592,0.30021,0.44512,0.090018
-0.30542,-0.17795,0.15788,0.70837,-0.28896,0.30346,0.45173,0.092403
-0.29666,-0.18108,0.14856,0.71314,-0.2919,0.3067,0.45822,0.095189
-0.28773,-0.18403,0.1394,0.71732,-0.29475,0.30993,0.4646,0.098369
-0.27865,-0.18677,0.13041,0.72091,-0.29749,0.31313,0.47085,0.10193
-0.26943,-0.18928,0.12157,0.72392,-0.30014,0.31631,0.47697,0.10587
-0.26007,-0.19154,0.11289,0.72634,-0.3027,0.31944,0.48296,0.11018
-0.25058,-0.19353,0.10435,0.7282,-0.30515,0.32252,0.48882,0.11484
-0.24096,-0.19524,0.095957,0.72949,-0.30751,0.32555,0.49455,0.11984
-0.23124,-0.19664,0.087702,0.73022,-0.30978,0.3285,0.50015,0.12517
-0.2214,-0.19771,0.079583,0.73039,-0.31194,0.33138,0.50561,0.13082
-0.21147,-0.19845,0.071594,0.73003,-0.31401,0.33418,0.51093,0.13678
-0.20144,-0.19882,0.063731,0.72913,-0.31598,0.33687,0.5161,0.14302
-0.19133,-0.19882,0.055991,0.72772,-0.31786,0.33947,0.52113,0.14954
-0.18115,-0.19843,0.048369,0.72579,-0.31964,0.34194,0.52601,0.15631
-0.17089,-0.19763,0.040861,0.72336,-0.32133,0.3443,0.53075,0.16333
-0.16058,-0.19641,0.033463,0.72045,-0.32292,0.34652,0.53532,0.17057
-0.15021,-0.19475,0.026172,0.71706,-0.32442,0.34859,0.53974,0.17802
-0.13979,-0.19265,0.018983,0.71321,-0.32582,0.35052,0.54401,0.18567
-0.12933,-0.19009,0.011894,0.70892,-0.32713,0.35228,0.5481,0.19348
-0.11884,-0.18706,0.0049004,0.70419,-0.32834,0.35388,0.55204,0.20145
-0.10833,-0.18354,-0.0020009,0.69905,-0.32946,0.35529,0.5558,0.20956
-0.09779,-0.17954,-0.0088132,0.6935,-0.33049,0.35652,0.55939,0.21778
-0.087243,-0.17504,-0.01554,0.68757,-0.33142,0.35755,0.56281,0.2261
-0.07669,-0.17002,-0.022183,0.68127,-0.33226,0.35838,0.56604,0.23449
-0.066138,-0.1645,-0.028746,0.67461,-0.33301,0.359,0.5691,0.24295
-0.055594,-0.15846,-0.035232,0.66762,-0.33367,0.35939,0.57197,0.25144
-0.045062,-0.15189,-0.041642,0.66031,-0.33424,0.35956,0.57465,0.25994
-0.03455,-0.14479,-0.04798,0.65269,-0.33472,0.35949,0.57713,0.26845
-0.024063,-0.13716,-0.054248,0.64479,-0.33511,0.35918,0.57942,0.27692
-0.013606,-0.129,-0.060448,0.63661,-0.33541,0.35862,0.58151,0.28536
-0.0031852,-0.1203,-0.066581,0.62819,-0.33562,0.35781,0.5834,0.29373
0.0071942,-0.11107,-0.07265,0.61953,-0.33574,0.35674,0.58508,0.30201
0.017527,-0.1013,-0.078656,0.61065,-0.33578,0.3554,0.58656,0.31019
0.027809,-0.091004,-0.0846,0.60157,-0.33573,0.35379,0.58781,0.31825
0.038036,-0.080177,-0.090484,0.59231,-0.33559,0.3519,0.58885,0.32615
0.048202,-0.068824,-0.09631,0.58289,-0.33537,0.34973,0.58967,0.3339
0.058304,-0.05695,-0.10208,0.57331,-0.33507,0.34728,0.59027,0.34145
0.068338,-0.044561,-0.10779,0.56361,-0.33468,0.34454,0.59064,0.34881
0.078301,-0.031664,-0.11344,0.55378,-0.33421,0.34151,0.59078,0.35594
0.088188,-0.018266,-0.11904,0.54386,-0.33365,0.33818,0.59068,0.36283
0.097996,-0.0043767,-0.12458,0.53386,-0.33302,0.33456,0.59035,0.36946
0.10772,0.0099953,-0.13007,0.52379,-0.3323,0.33064,0.58978,0.37581
0.11737,0.024839,-0.13551,0.51367,-0.33151,0.32642,0.58896,0.38187
0.12692,0.040144,-0.14089,0.50351,-0.33064,0.32191,0.5879,0.38761
0.13639,0.055898,-0.14621,0.49334,-0.32969,0.31709,0.58659,0.39303
0.14577,0.072087,-0.15148,0.48315,-0.32866,0.31198,0.58503,0.3981
0.15505,0.088698,-0.15669,0.47297,-0.32756,0.30656,0.58321,0.40282
0.16424,0.10572,-0.16185,0.46281,-0.32638,0.30085,0.58114,0.40716
0.17333,0.12312,-0.16696,0.45269,-0.32513,0.29485,0.57881,0.41112
0.18233,0.14091,-0.172,0.44261,-0.32381,0.28856,0.57621,0.41468
0.19124,0.15905,-0.17699,0.43259,-0.32241,0.28197,0.57336,0.41782
0.20004,0.17754,-0.18192,0.42264,-0.32095,0.2751,0.57023,0.42054
0.20875,0.19634,-0.1868,0.41277,-0.31941,0.26795,0.56684,0.42282
0.21736,0.21545,-0.19161,0.40299,-0.31781,0.26052,0.56318,0.42466
0.22587,0.23484,-0.19636,0.39332,-0.31614,0.25282,0.55925,0.42604
0.23429,0.2545,-0.20105,0.38375,-0.31441,0.24485,0.55505,0.42696
0.24261,0.2744,-0.20567,0.3743,-0.31261,0.23663,0.55057,0.42741
0.25083,0.29452,-0.21023,0.36497,-0.31075,0.22815,0.54582,0.42737
0.25897,0.31483,-0.21473,0.35578,-0.30883,0.21942,0.54079,0.42685
0.26701,0.33533,-0.21915,0.34673,-0.30685,0.21046,0.53549,0.42584
0.27496,0.35598,-0.22351,0.33783,-0.3048,0.20126,0.52991,0.42434
0.28282,0.37676,-0.2278,0.32907,-0.3027,0.19184,0.52406,0.42234
0.2906,0.39765,-0.23201,0.32047,-0.30055,0.18221,0.51792,0.41983
0.29829,0.41862,-0.23615,0.31204,-0.29833,0.17237,0.51152,0.41682
0.30591,0.43966,-0.24022,0.30376,-0.29606,0.16234,0.50484,0.41331
0.31344,0.46073,-0.24421,0.29566,-0.29374,0.15213,0.49788,0.40929
0.3209,0.48181,-0.24812,0.28772,-0.29137,0.14174,0.49065,0.40476
0.32829,0.50287,-0.25195,0.27995,-0.28895,0.13119,0.48315,0.39974
0.3356,0.5239,-0.25569,0.27235,-0.28647,0.1205,0.47538,0.39421
0.34285,0.54487,-0.25936,0.26492,-0.28395,0.10966,0.46733,0.38819
0.35004,0.56575,-0.26293,0.25766,-0.28138,0.098691,0.45903,0.38167
0.35717,0.58651,-0.26642,0.25057,-0.27876,0.087612,0.45045,0.37467
0.36425,0.60714,-0.26982,0.24365,-0.2761,0.07643,0.44162,0.36719
0.37127,0.62761,-0.27312,0.23689,-0.27339,0.06516,0.43253,0.35923
0.37825,0.64789,-0.27633,0.2303,-0.27064,0.053813,0.42318,0.3508
0.38518,0.66796,-0.27945,0.22386,-0.26785,0.042405,0.41358,0.34191
0.39208,0.6878,-0.28247,0.21758,-0.26502,0.030949,0.40372,0.33258
0.39894,0.70737,-0.28538,0.21144,-0.26214,0.019458,0.39363,0.3228
0.40577,0.72666,-0.2882,0.20545,-0.25923,0.0079463,0.38329,0.31259
0.41257,0.74565,-0.29091,0.1996,-0.25628,-0.0035715,0.37272,0.30197
0.41935,0.76431,-0.29352,0.19388,-0.25329,-0.015081,0.36191,0.29094
0.42611,0.78262,-0.29602,0.18829,-0.25026,-0.026569,0.35088,0.27951
0.43286,0.80055,-0.29841,0.18282,-0.24719,-0.038019,0.33963,0.26771
0.4396,0.81808,-0.30069,0.17746,-0.24409,-0.049418,0.32816,0.25553
0.44634,0.8352,-0.30286,0.1722,-0.24096,-0.060751,0.31648,0.24301
0.45307,0.85188,-0.30491,0.16704,-0.23778,-0.072003,0.30459,0.23015
0.45981,0.86811,-0.30685,0.16197,-0.23458,-0.08316,0.29251,0.21696
0.46655,0.88385,-0.30867,0.15697,-0.23134,-0.094207,0.28023,0.20348
0.4733,0.8991,-0.31037,0.15205,-0.22806,-0.10513,0.26777,0.1897
0.48007,0.91384,-0.31194,0.14718,-0.22476,-0.11591,0.25513,0.17565
0.48685,0.92804,-0.3134,0.14236,-0.22142,-0.12655,0.24231,0.16134
0.49366,0.9417,-0.31472,0.13759,-0.21804,-0.13701,0.22934,0.14679
0.5005,0.95479,-0.31593,0.13284,-0.21464,-0.1473,0.2162,0.13203
0.50736,0.96729,-0.317,0.12811,-0.2112,-0.15739,0.20291,0.11706
0.51425,0.97921,-0.31795,0.1234,-0.20773,-0.16727,0.18948,0.10191
0.52118,0.99051,-0.31876,0.11868,-0.20423,-0.17693,0.17592,0.086594
0.52814,1.0012,-0.31944,0.11396,-0.20069,-0.18636,0.16223,0.071131
0.53515,1.0112,-0.31999,0.10921,-0.19712,-0.19554,0.14842,0.05554
0.5422,1.0206,-0.32041,0.10444,-0.19352,-0.20447,0.13449,0.039841
0.54929,1.0294,-0.32069,0.099619,-0.18989,-0.21312,0.12047,0.024052
0.55643,1.0375,-0.32083,0.094751,-0.18622,-0.22149,0.10635,0.0081916
0.56362,1.0449,-0.32083,0.089822,-0.18252,-0.22957,0.092148,-0.0077204
0.57085,1.0516,-0.3207,0.084822,-0.17879,-0.23734,0.077867,-0.023665
0.57814,1.0576,-0.32042,0.079742,-0.17503,-0.2448,0.063517,-0.039625
0.58548,1.063,-0.32001,0.074573,-0.17123,-0.25193,0.049107,-0.055579
0.59288,1.0676,-0.31945,0.069305,-0.16739,-0.25873,0.034646,-0.07151
0.60032,1.0716,-0.31875,0.063929,-0.16353,-0.26519,0.020142,-0.0874
0.60782,1.0748,-0.31791,0.058438,-0.15962,-0.2713,0.0056042,-0.10323
0.61538,1.0773,-0.31693,0.052822,-0.15569,-0.27704,-0.0089588,-0.11898
0.62298,1.0792,-0.3158,0.047073,-0.15172,-0.28243,-0.023538,-0.13464
0.63065,1.0803,-0.31453,0.041186,-0.14771,-0.28743,-0.038126,-0.15018
0.63836,1.0807,-0.31311,0.035151,-0.14366,-0.29206,-0.052712,-0.16559
0.64612,1.0804,-0.31154,0.028963,-0.13958,-0.2963,-0.067289,-0.18086
0.65393,1.0794,-0.30984,0.022616,-0.13546,-0.30015,-0.081847,-0.19596
0.6618,1.0777,-0.30798,0.016103,-0.13131,-0.30361,-0.09638,-0.21089
0.6697,1.0753,-0.30598,0.0094202,-0.12711,-0.30666,-0.11088,-0.22562
0.67765,1.0722,-0.30384,0.0025621,-0.12288,-0.30932,-0.12533,-0.24013
0.68564,1.0684,-0.30155,-0.0044752,-0.11861,-0.31157,-0.13973,-0.25443
0.69367,1.064,-0.29911,-0.011695,-0.1143,-0.31341,-0.15407,-0.26848
0.70174,1.0589,-0.29653,-0.019101,-0.10994,-0.31484,-0.16835,-0.28228
0.70984,1.0531,-0.29381,-0.026696,-0.10555,-0.31586,-0.18255,-0.29582
0.71796,1.0467,-0.29094,-0.03448,-0.10112,-0.31648,-0.19666,-0.30908
0.72611,1.0396,-0.28792,-0.042455,-0.096641,-0.31668,-0.21069,-0.32204
0.73428,1.032,-0.28477,-0.050623,-0.092123,-0.31647,-0.22461,-0.33471
0.74247,1.0237,-0.28147,-0.058982,-0.087563,-0.31586,-0.23843,-0.34706
0.75066,1.0148,-0.27803,-0.067533,-0.082959,-0.31485,-0.25214,-0.35908
0.75887,1.0053,-0.27445,-0.076274,-0.078311,-0.31343,-0.26572,-0.37077
0.76707,0.99531,-0.27073,-0.085202,-0.073619,-0.31161,-0.27918,-0.38212
0.77527,0.98472,-0.26687,-0.094316,-0.068883,-0.3094,-0.29251,-0.39312
0.78346,0.97359,-0.26288,-0.10361,-0.064101,-0.3068,-0.30569,-0.40376
0.79164,0.96194,-0.25875,-0.11309,-0.059274,-0.30382,-0.31873,-0.41403
0.79979,0.94979,-0.25448,-0.12273,-0.054401,-0.30046,-0.33162,-0.42392
0.80791,0.93716,-0.25008,-0.13255,-0.049481,-0.29673,-0.34435,-0.43344
0.816,0.92405,-0.24555,-0.14253,-0.044515,-0.29263,-0.35692,-0.44257
0.82405,0.9105,-0.24089,-0.15266,-0.039502,-0.28818,-0.36932,-0.4513
0.83205,0.89651,-0.2361,-0.16295,-0.034441,-0.28338,-0.38155,-0.45965
0.84,0.88212,-0.23119,-0.17338,-0.029332,-0.27824,-0.3936,-0.46759
0.84788,0.86734,-0.22615,-0.18393,-0.024176,-0.27276,-0.40547,-0.47514
0.8557,0.85219,-0.22099,-0.19462,-0.018972,-0.26697,-0.41715,-0.48227
0.86343,0.83669,-0.21571,-0.20542,-0.013719,-0.26087,-0.42864,-0.48901
0.87108,0.82086,-0.21032,-0.21632,-0.0084176,-0.25447,-0.43994,-0.49533
0.87864,0.80473,-0.2048,-0.22732,-0.003068,-0.24778,-0.45103,-0.50125
0.8861,0.78831,-0.19918,-0.2384,0.0023301,-0.24081,-0.46193,-0.50677
0.89345,0.77163,-0.19345,-0.24955,0.0077766,-0.23358,-0.47263,-0.51187
0.90068,0.75471,-0.18761,-0.26077,0.013271,-0.2261,-0.48312,-0.51657
0.90778,0.73758,-0.18167,-0.27203,0.018814,-0.21838,-0.4934,-0.52087
0.91476,0.72024,-0.17562,-0.28333,0.024405,-0.21043,-0.50347,-0.52477
0.92159,0.70273,-0.16948,-0.29465,0.030044,-0.20227,-0.51332,-0.52827
0.92827,0.68507,-0.16324,-0.30598,0.035729,-0.1939,-0.52296,-0.53137
0.93479,0.66728,-0.15692,-0.3173,0.041462,-0.18536,-0.53239,-0.53409
0.94114,0.64938,-0.1505,-0.3286,0.04724,-0.17664,-0.5416,-0.53642
0.94732,0.63139,-0.144,-0.33987,0.053064,-0.16777,-0.55059,-0.53837
0.95331,0.61334,-0.13742,-0.35109,0.058933,-0.15876,-0.55936,-0.53994
0.95911,0.59524,-0.13076,-0.36225,0.064845,-0.14962,-0.56791,-0.54115
0.96471,0.57712,-0.12403,-0.37333,0.070801,-0.14036,-0.57624,-0.542
0.9701,0.559,-0.11723,-0.38432,0.076799,-0.13102,-0.58436,-0.54249
0.97526,0.54089,-0.11036,-0.39519,0.082837,-0.12159,-0.59225,-0.54264
0.9802,0.52283,-0.10344,-0.40595,0.088916,-0.1121,-0.59992,-0.54245
0.9849,0.50483,-0.096455,-0.41656,0.095032,-0.10255,-0.60738,-0.54193
0.98936,0.4869,-0.08942,-0.42702,0.10119,-0.092976,-0.61461,-0.54108
0.99357,0.46907,-0.082337,-0.43731,0.10737,-0.083381,-0.62163,-0.53993
0.99751,0.45136,-0.075212,-0.44742,0.1136,-0.073782,-0.62843,-0.53847
1.0012,0.43378,-0.068048,-0.45732,0.11985,-0.064196,-0.63501,-0.53672
1.0046,0.41635,-0.060851,-0.46702,0.12613,-0.054638,-0.64138,-0.53469
1.0077,0.3991,-0.053626,-0.47648,0.13244,-0.045122,-0.64754,-0.53238
1.0105,0.38203,-0.046377,-0.48569,0.13878,-0.035665,-0.65349,-0.52981
1.013,0.36516,-0.039111,-0.49465,0.14514,-0.026281,-0.65922,-0.527
1.0152,0.34851,-0.031832,-0.50334,0.15152,-0.016985,-0.66474,-0.52394
1.0171,0.33209,-0.024546,-0.51174,0.15792,-0.0077915,-0.67006,-0.52065
1.0187,0.31592,-0.017258,-0.51984,0.16434,0.0012851,-0.67517,-0.51715
1.0199,0.3,-0.0099753,-0.52762,0.17077,0.010231,-0.68008,-0.51344
1.0208,0.28436,-0.0027025,-0.53508,0.1772,0.019031,-0.68479,-0.50954
1.0214,0.26901,0.0045541,-0.5422,0.18365,0.027673,-0.68929,-0.50546
1.0216,0.25395,0.011788,-0.54898,0.1901,0.036143,-0.6936,-0.50121
1.0214,0.2392,0.018994,-0.55539,0.19655,0.044429,-0.69771,-0.4968
1.0209,0.22477,0.026165,-0.56143,0.20299,0.052518,-0.70162,-0.49224
1.02,0.21067,0.033295,-0.56709,0.20943,0.060397,-0.70535,-0.48755
1.0188,0.1969,0.040376,-0.57236,0.21586,0.068055,-0.70888,-0.48275
1.0171,0.18348,0.047403,-0.57722,0.22227,0.07548,-0.71222,-0.47783
1.0151,0.17041,0.054369,-0.58168,0.22867,0.082662,-0.71538,-0.47282
1.0127,0.1577,0.061267,-0.58572,0.23505,0.08959,-0.71835,-0.46772
1.0099,0.14535,0.068089,-0.58934,0.24139,0.096254,-0.72113,-0.46255
1.0067,0.13337,0.074828,-0.59252,0.24771,0.10265,-0.72374,-0.45732
1.0031,0.12176,0.081478,-0.59527,0.254,0.10875,-0.72616,-0.45204
0.99908,0.11054,0.088031,-0.59757,0.26024,0.11457,-0.72841,-0.44672
0.99466,0.099689,0.09448,-0.59943,0.26644,0.12009,-0.73048,-0.44138
0.98983,0.089225,0.10082,-0.60084,0.2726,0.1253,-0.73237,-0.43603
0.98458,0.079146,0.10703,-0.6018,0.2787,0.13019,-0.73409,-0.43067
0.97891,0.069453,0.11313,-0.6023,0.28474,0.13477,-0.73564,-0.42532
0.97282,0.060147,0.11908,-0.60234,0.29072,0.13902,-0.73701,-0.41999
0.96632,0.051227,0.1249,-0.60193,0.29664,0.14294,-0.73821,-0.41469
0.95938,0.042692,0.13056,-0.60106,0.30248,0.14652,-0.73925,-0.40943
0.95203,0.034542,0.13607,-0.59973,0.30824,0.14976,-0.74011,-0.40422
0.94424,0.026773,0.14141,-0.59794,0.31392,0.15266,-0.74081,-0.39908
0.93604,0.019385,0.14657,-0.5957,0.31952,0.1552,-0.74134,-0.394
0.9274,0.012372,0.15156,-0.59302,0.32502,0.1574,-0.7417,-0.389
0.91834,0.0057327,0.15635,-0.58988,0.33042,0.15924,-0.7419,-0.38409
0.90885,-0.00053791,0.16095,-0.5863,0.33573,0.16073,-0.74193,-0.37928
0.89894,-0.0064442,0.16534,-0.58229,0.34092,0.16187,-0.74179,-0.37457
0.8886,-0.011991,0.16952,-0.57784,0.346,0.16265,-0.74149,-0.36998
0.87784,-0.017184,0.17348,-0.57298,0.35096,0.16307,-0.74103,-0.36551
0.86665,-0.022029,0.17721,-0.56769,0.35579,0.16313,-0.7404,-0.36116
0.85505,-0.026532,0.1807,-0.562,0.3605,0.16285,-0.73961,-0.35696
0.84303,-0.030699,0.18395,-0.5559,0.36507,0.16221,-0.73866,-0.35289
0.83059,-0.034538,0.18695,-0.54942,0.36951,0.16122,-0.73753,-0.34898
0.81775,-0.038055,0.18968,-0.54256,0.3738,0.15988,-0.73625,-0.34522
0.80449,-0.041258,0.19215,-0.53533,0.37793,0.15819,-0.7348,-0.34162
0.79083,-0.044154,0.19435,-0.52774,0.38192,0.15617,-0.73318,-0.33818
0.77676,-0.046751,0.19626,-0.5198,0.38574,0.1538,-0.7314,-0.33492
0.7623,-0.049058,0.19788,-0.51153,0.38941,0.15111,-0.72945,-0.33183
0.74744,-0.051082,0.19921,-0.50294,0.3929,0.14808,-0.72734,-0.32891
0.7322,-0.052832,0.20024,-0.49404,0.39622,0.14474,-0.72506,-0.32618
0.71657,-0.054316,0.20095,-0.48486,0.39936,0.14107,-0.72261,-0.32364
0.70056,-0.055542,0.20135,-0.47539,0.40231,0.1371,-0.71999,-0.32128
0.68418,-0.056519,0.20142,-0.46566,0.40509,0.13282,-0.71721,-0.31912
0.66743,-0.057256,0.20117,-0.45568,0.40767,0.12824,-0.71425,-0.31714
0.65032,-0.057761,0.20058,-0.44547,0.41005,0.12338,-0.71113,-0.31536
0.63286,-0.058043,0.19965,-0.43504,0.41224,0.11823,-0.70783,-0.31378
0.61504,-0.05811,0.19837,-0.42441,0.41422,0.1128,-0.70437,-0.31239
0.59688,-0.057971,0.19674,-0.4136,0.416,0.10711,-0.70073,-0.3112
0.57839,-0.057633,0.19475,-0.40262,0.41757,0.10116,-0.69692,-0.31021
0.55956,-0.057106,0.1924,-0.39149,0.41893,0.094955,-0.69294,-0.30941
0.54042,-0.056397,0.18969,-0.38022,0.42008,0.088511,-0.68879,-0.30881
0.52096,-0.055514,0.1866,-0.36884,0.421,0.081835,-0.68446,-0.30841
0.50119,-0.054466,0.18314,-0.35736,0.42171,0.074936,-0.67996,-0.30819
0.48112,-0.053259,0.17929,-0.3458,0.42219,0.067822,-0.67529,-0.30817
0.46076,-0.051901,0.17507,-0.33418,0.42245,0.060504,-0.67044,-0.30835
0.44011,-0.0504,0.17045,-0.3225,0.42248,0.052992,-0.66542,-0.30871
0.41919,-0.048762,0.16545,-0.3108,0.42229,0.045294,-0.66022,-0.30925
0.398,-0.046994,0.16005,-0.29908,0.42187,0.037421,-0.65485,-0.30998
0.37656,-0.045103,0.15426,-0.28737,0.42121,0.029382,-0.64931,-0.31089
0.35486,-0.043095,0.14808,-0.27567,0.42033,0.021188,-0.64359,-0.31197
0.33291,-0.040975,0.14149,-0.26402,0.41921,0.012849,-0.6377,-0.31323
0.31074,-0.038751,0.1345,-0.25241,0.41786,0.0043737,-0.63164,-0.31466
0.28833,-0.036426,0.12712,-0.24088,0.41628,-0.0042267,-0.62541,-0.31625
0.26572,-0.034007,0.11933,-0.22943,0.41447,-0.012943,-0.619,-0.318
0.24289,-0.031498,0.11114,-0.21808,0.41242,-0.021764,-0.61242,-0.31991
0.21986,-0.028903,0.10254,-0.20685,0.41015,-0.030682,-0.60568,-0.32196
0.19664,-0.026227,0.093549,-0.19574,0.40764,-0.039685,-0.59876,-0.32417
0.17325,-0.023474,0.084153,-0.18478,0.4049,-0.048765,-0.59168,-0.32651
0.14967,-0.020647,0.074357,-0.17398,0.40194,-0.057911,-0.58443,-0.32899
0.12594,-0.01775,0.064163,-0.16335,0.39875,-0.067115,-0.57701,-0.33161
0.10205,-0.014786,0.053572,-0.1529,0.39533,-0.076366,-0.56944,-0.33434
0.078013,-0.011757,0.042586,-0.14264,0.39169,-0.085657,-0.5617,-0.3372
0.053839,-0.0086657,0.031208,-0.1326,0.38783,-0.094977,-0.5538,-0.34016
0.029538,-0.0055146,0.019441,-0.12277,0.38376,-0.10432,-0.54574,-0.34324
0.0051177,-0.0023053,0.0072889,-0.11317,0.37946,-0.11367,-0.53753,-0.34641
-0.019413,0.00096055,-0.0052455,-0.10381,0.37496,-0.12303,-0.52917,-0.34968
-0.044045,0.0042817,-0.018158,-0.094697,0.37024,-0.13238,-0.52065,-0.35304
-0.068769,0.0076572,-0.031444,-0.08584,0.36532,-0.14173,-0.51199,-0.35649
-0.093577,0.011086,-0.045098,-0.077248,0.3602,-0.15105,-0.50318,-0.36001
-0.11846,0.014568,-0.059116,-0.068927,0.35487,-0.16034,-0.49422,-0.3636
-0.14341,0.018103,-0.073491,-0.060885,0.34936,-0.16961,-0.48513,-0.36725
-0.16842,0.02169,-0.088218,-0.053127,0.34365,-0.17882,-0.4759,-0.37097
-0.19347,0.025331,-0.10329,-0.045658,0.33775,-0.188,-0.46654,-0.37473
-0.21857,0.029024,-0.1187,-0.038482,0.33167,-0.19711,-0.45704,-0.37855
-0.24369,0.032771,-0.13445,-0.031604,0.32542,-0.20617,-0.44742,-0.3824
-0.26884,0.036572,-0.15051,-0.025026,0.31899,-0.21516,-0.43767,-0.38629
-0.294,0.040428,-0.1669,-0.018752,0.31239,-0.22408,-0.4278,-0.3902
-0.31917,0.044341,-0.18359,-0.012782,0.30564,-0.23293,-0.41782,-0.39414
-0.34434,0.04831,-0.20058,-0.0071172,0.29872,-0.24169,-0.40773,-0.3981
-0.36949,0.052338,-0.21787,-0.0017584,0.29165,-0.25037,-0.39752,-0.40207
-0.39463,0.056425,-0.23543,0.0032951,0.28443,-0.25895,-0.38721,-0.40604
-0.41974,0.060574,-0.25327,0.0080444,0.27707,-0.26744,-0.37681,-0.41002
-0.44481,0.064785,-0.27138,0.012491,0.26958,-0.27584,-0.3663,-0.41399
-0.46984,0.069059,-0.28973,0.016638,0.26196,-0.28413,-0.3557,-0.41795
-0.49482,0.073398,-0.30833,0.020488,0.25421,-0.29231,-0.34502,-0.4219
-0.51973,0.077804,-0.32716,0.024045,0.24634,-0.30039,-0.33425,-0.42583
-0.54458,0.082278,-0.34621,0.027313,0.23836,-0.30836,-0.32341,-0.42974
-0.56935,0.086821,-0.36548,0.030298,0.23027,-0.31622,-0.31249,-0.43362
-0.59404,0.091435,-0.38494,0.033004,0.22209,-0.32396,-0.30151,-0.43747
-0.61863,0.09612,-0.40458,0.035439,0.21381,-0.33159,-0.29046,-0.44128
-0.64312,0.10088,-0.42441,0.037608,0.20544,-0.3391,-0.27935,-0.44505
-0.6675,0.10571,-0.44439,0.039518,0.19698,-0.34649,-0.26818,-0.44878
-0.69177,0.11062,-0.46453,0.041179,0.18846,-0.35376,-0.25697,-0.45246
-0.71591,0.1156,-0.4848,0.042597,0.17986,-0.36091,-0.24571,-0.4561
-0.73992,0.12066,-0.5052,0.043782,0.1712,-0.36795,-0.23442,-0.45968
-0.76378,0.12579,-0.52571,0.044742,0.16248,-0.37485,-0.22309,-0.4632
-0.7875,0.131,-0.54632,0.045488,0.15371,-0.38164,-0.21173,-0.46666
-0.81106,0.13628,-0.56701,0.046028,0.1449,-0.38831,-0.20035,-0.47006
-0.83445,0.14165,-0.58777,0.046374,0.13605,-0.39486,-0.18895,-0.4734
-0.85767,0.14708,-0.6086,0.046536,0.12716,-0.40128,-0.17754,-0.47667
-0.88071,0.15259,-0.62946,0.046524,0.11825,-0.40759,-0.16612,-0.47987
-0.90356,0.15818,-0.65036,0.046351,0.10932,-0.41378,-0.1547,-0.483
-0.92621,0.16384,-0.67128,0.046027,0.10038,-0.41985,-0.14328,-0.48606
