0.58437,-0.73174,1.3926,-1.1451,0.68333,0.55026,-0.8575,0.32976
0.53492,-0.68863,1.3545,-1.1231,0.66146,0.54116,-0.83469,0.32412
0.48513,-0.64464,1.3161,-1.0999,0.63955,0.53129,-0.81173,0.31803
0.43501,-0.5998,1.2773,-1.0755,0.61759,0.52065,-0.78861,0.31149
0.38457,-0.55416,1.2382,-1.05,0.59558,0.50928,-0.76531,0.30453
0.33382,-0.50776,1.1986,-1.0233,0.5735,0.49719,-0.74184,0.29715
0.28275,-0.46064,1.1587,-0.99548,0.55135,0.48441,-0.71819,0.28937
0.23139,-0.41285,1.1184,-0.96659,0.5291,0.47095,-0.69435,0.2812
0.17973,-0.36443,1.0778,-0.93664,0.50676,0.45684,-0.67031,0.27266
0.1278,-0.31544,1.0367,-0.90564,0.48431,0.44211,-0.64607,0.26376
0.075588,-0.26591,0.9953,-0.87363,0.46173,0.42677,-0.62163,0.25452
0.023121,-0.21591,0.95348,-0.84064,0.43903,0.41085,-0.59696,0.24495
-0.029593,-0.16547,0.91126,-0.80669,0.41618,0.39438,-0.57208,0.23507
-0.082541,-0.11465,0.86866,-0.77182,0.39319,0.37739,-0.54698,0.2249
-0.13571,-0.063503,0.82566,-0.73605,0.37003,0.35989,-0.52165,0.21444
-0.18908,-0.012078,0.78228,-0.69942,0.34671,0.34192,-0.49608,0.20372
-0.24264,0.039572,0.7385,-0.66196,0.3232,0.3235,-0.47027,0.19275
-0.29637,0.091391,0.69432,-0.62371,0.29952,0.30467,-0.44423,0.18154
-0.35026,0.14333,0.64976,-0.5847,0.27563,0.28544,-0.41794,0.17012
-0.40428,0.19532,0.60481,-0.54496,0.25155,0.26586,-0.3914,0.1585
-0.45842,0.24732,0.55948,-0.50454,0.22726,0.24594,-0.36461,0.14669
-0.51265,0.29927,0.51376,-0.46347,0.20276,0.22572,-0.33757,0.13472
-0.56696,0.35111,0.46766,-0.42178,0.17803,0.20523,-0.31028,0.12259
-0.62131,0.40279,0.42119,-0.37953,0.15308,0.1845,-0.28273,0.11034
-0.67569,0.45425,0.37435,-0.33675,0.1279,0.16357,-0.25493,0.097963
-0.73008,0.50543,0.32715,-0.29348,0.10248,0.14245,-0.22687,0.08549
-0.78444,0.55627,0.2796,-0.24977,0.076832,0.12118,-0.19856,0.072936
-0.83875,0.60672,0.23169,-0.20565,0.05094,0.099801,-0.17,0.060317
-0.89298,0.65671,0.18345,-0.16117,0.024805,0.078335,-0.14119,0.047651
-0.94711,0.7062,0.13488,-0.11637,-0.0015732,0.056816,-0.11213,0.034956
-1.0011,0.75512,0.085986,-0.07131,-0.028196,0.035277,-0.082822,0.022249
-1.0549,0.80342,0.036787,-0.02602,-0.055062,0.013749,-0.053274,0.0095473
-1.1086,0.85104,-0.012707,0.019448,-0.082172,-0.0077352,-0.023489,-0.0031306
-1.162,0.89792,-0.062483,0.065049,-0.10952,-0.029145,0.006528,-0.015767
-1.2151,0.944,-0.11253,0.11074,-0.13711,-0.050447,0.036771,-0.028345
-1.268,0.98924,-0.16282,0.15646,-0.16494,-0.071611,0.067235,-0.040846
-1.3205,1.0336,-0.21336,0.20217,-0.19299,-0.092604,0.097912,-0.053252
-1.3727,1.0769,-0.26411,0.24783,-0.22128,-0.11339,0.12879,-0.065545
-1.4244,1.1193,-0.31506,0.29337,-0.24978,-0.13395,0.15987,-0.077709
-1.4758,1.1606,-0.3662,0.33876,-0.2785,-0.15424,0.19114,-0.089724
-1.5266,1.2008,-0.4175,0.38395,-0.30743,-0.17424,0.22258,-0.10157
-1.577,1.2397,-0.46894,0.42888,-0.33655,-0.19391,0.2542,-0.11324
-1.6268,1.2775,-0.52049,0.47351,-0.36586,-0.21323,0.28596,-0.12471
-1.676,1.314,-0.57215,0.51778,-0.39536,-0.23215,0.31788,-0.13595
-1.7246,1.3492,-0.62387,0.56164,-0.42502,-0.25067,0.34992,-0.14696
-1.7726,1.383,-0.67565,0.60506,-0.45484,-0.26874,0.38208,-0.15772
-1.8198,1.4154,-0.72744,0.64797,-0.4848,-0.28633,0.41435,-0.16821
-1.8663,1.4463,-0.77923,0.69033,-0.51489,-0.30343,0.44671,-0.17841
-1.912,1.4758,-0.83098,0.73209,-0.5451,-0.31999,0.47914,-0.1883
-1.9569,1.5036,-0.88267,0.7732,-0.57541,-0.336,0.51163,-0.19787
-2.001,1.5299,-0.93426,0.81361,-0.60581,-0.35143,0.54416,-0.20711
-2.0441,1.5546,-0.98574,0.85328,-0.63628,-0.36626,0.57672,-0.21599
-2.0864,1.5776,-1.0371,0.89215,-0.6668,-0.38045,0.60928,-0.2245
-2.1276,1.5989,-1.0882,0.93018,-0.69735,-0.39399,0.64183,-0.23263
-2.1678,1.6184,-1.1391,0.96732,-0.72792,-0.40684,0.67435,-0.24035
-2.2069,1.6362,-1.1898,1.0035,-0.75848,-0.419,0.70682,-0.24765
-2.245,1.6522,-1.2401,1.0387,-0.78902,-0.43044,0.73922,-0.25452
-2.2819,1.6663,-1.2902,1.0729,-0.81951,-0.44113,0.77152,-0.26095
-2.3176,1.6786,-1.3398,1.1061,-0.84993,-0.45105,0.80372,-0.26691
-2.3522,1.689,-1.3891,1.1381,-0.88027,-0.4602,0.83578,-0.27239
-2.3854,1.6975,-1.438,1.169,-0.91049,-0.46855,0.86768,-0.27739
-2.4174,1.7041,-1.4864,1.1986,-0.94058,-0.47607,0.8994,-0.28188
-2.448,1.7087,-1.5342,1.2271,-0.97051,-0.48277,0.93092,-0.28585
-2.4773,1.7114,-1.5815,1.2542,-1.0003,-0.48861,0.96222,-0.2893
-2.5052,1.7121,-1.6283,1.2801,-1.0298,-0.4936,0.99326,-0.2922
-2.5317,1.7108,-1.6744,1.3046,-1.0591,-0.4977,1.024,-0.29455
-2.5567,1.7075,-1.7198,1.3277,-1.0881,-0.50092,1.0545,-0.29633
-2.5802,1.7021,-1.7645,1.3494,-1.1169,-0.50324,1.0847,-0.29754
-2.6021,1.6948,-1.8085,1.3696,-1.1454,-0.50466,1.1145,-0.29816
-2.6226,1.6854,-1.8517,1.3884,-1.1735,-0.50515,1.1439,-0.29818
-2.6414,1.6741,-1.8941,1.4056,-1.2012,-0.50472,1.173,-0.2976
-2.6586,1.6607,-1.9356,1.4213,-1.2286,-0.50336,1.2016,-0.2964
-2.6741,1.6452,-1.9762,1.4354,-1.2555,-0.50107,1.2297,-0.29458
-2.688,1.6278,-2.0158,1.4479,-1.282,-0.49783,1.2575,-0.29214
-2.7002,1.6084,-2.0545,1.4588,-1.3081,-0.49365,1.2847,-0.28905
-2.7107,1.587,-2.0921,1.4681,-1.3336,-0.48853,1.3114,-0.28532
-2.7195,1.5636,-2.1287,1.4757,-1.3586,-0.48246,1.3375,-0.28095
-2.7265,1.5382,-2.1641,1.4816,-1.383,-0.47544,1.3631,-0.27592
-2.7317,1.5109,-2.1984,1.4858,-1.4069,-0.46748,1.388,-0.27023
-2.7351,1.4817,-2.2315,1.4883,-1.4302,-0.45859,1.4124,-0.26388
-2.7367,1.4505,-2.2634,1.4891,-1.4528,-0.44875,1.4361,-0.25687
-2.7365,1.4176,-2.2941,1.4881,-1.4748,-0.43799,1.4592,-0.24919
-2.7345,1.3827,-2.3235,1.4853,-1.4961,-0.4263,1.4815,-0.24084
-2.7306,1.3461,-2.3515,1.4809,-1.5167,-0.4137,1.5032,-0.23183
-2.7249,1.3076,-2.3782,1.4746,-1.5365,-0.40019,1.5241,-0.22215
-2.7173,1.2675,-2.4034,1.4666,-1.5556,-0.38578,1.5443,-0.21181
-2.7078,1.2256,-2.4273,1.4568,-1.5739,-0.37049,1.5637,-0.2008
-2.6965,1.1821,-2.4497,1.4452,-1.5914,-0.35433,1.5822,-0.18914
-2.6833,1.1369,-2.4706,1.4319,-1.6081,-0.33732,1.6,-0.17681
-2.6682,1.0902,-2.4899,1.4168,-1.6239,-0.31946,1.6169,-0.16384
-2.6513,1.042,-2.5078,1.3999,-1.6388,-0.30077,1.633,-0.15023
-2.6325,0.99228,-2.524,1.3813,-1.6529,-0.28128,1.6482,-0.13597
-2.6118,0.94115,-2.5387,1.361,-1.666,-0.26099,1.6624,-0.12109
-2.5893,0.88866,-2.5517,1.3389,-1.6782,-0.23994,1.6758,-0.10558
-2.565,0.83486,-2.5631,1.3152,-1.6894,-0.21814,1.6882,-0.089465
-2.5388,0.77982,-2.5728,1.2897,-1.6997,-0.19561,1.6997,-0.072746
-2.5108,0.72359,-2.5809,1.2626,-1.7089,-0.17239,1.7102,-0.055439
-2.481,0.66624,-2.5872,1.2338,-1.7172,-0.14848,1.7198,-0.037554
-2.4493,0.60784,-2.5918,1.2035,-1.7244,-0.12392,1.7283,-0.019107
-2.4159,0.54845,-2.5946,1.1715,-1.7306,-0.098741,1.7359,-0.00011201
-2.3808,0.48815,-2.5958,1.1379,-1.7357,-0.072962,1.7424,0.019416
-2.3439,0.427,-2.5951,1.1028,-1.7397,-0.046615,1.7479,0.039459
-2.3053,0.36508,-2.5927,1.0662,-1.7427,-0.01973,1.7524,0.060001
-2.265,0.30246,-2.5884,1.0282,-1.7446,0.0076613,1.7558,0.081022
-2.223,0.23923,-2.5824,0.98868,-1.7453,0.035527,1.7581,0.1025
-2.1794,0.17545,-2.5746,0.9478,-1.745,0.063835,1.7594,0.12442
-2.1341,0.11122,-2.565,0.90556,-1.7435,0.092549,1.7596,0.14676
-2.0873,0.046602,-2.5535,0.86202,-1.7409,0.12164,1.7587,0.16949
-2.0389,-0.018312,-2.5403,0.81722,-1.7371,0.15106,1.7567,0.19259
-1.9889,-0.083441,-2.5253,0.7712,-1.7322,0.18078,1.7536,0.21603
-1.9375,-0.1487,-2.5084,0.72401,-1.7262,0.21077,1.7494,0.2398
-1.8846,-0.214,-2.4898,0.67572,-1.719,0.24097,1.7441,0.26385
-1.8303,-0.27927,-2.4693,0.62636,-1.7106,0.27137,1.7378,0.28818
-1.7745,-0.3444,-2.4471,0.576,-1.7011,0.3019,1.7303,0.31273
-1.7174,-0.40932,-2.4231,0.52469,-1.6904,0.33254,1.7217,0.3375
-1.659,-0.47394,-2.3974,0.47249,-1.6785,0.36324,1.7119,0.36244
-1.5992,-0.53816,-2.3698,0.41945,-1.6654,0.39396,1.7011,0.38752
-1.5382,-0.60191,-2.3406,0.36566,-1.6512,0.42465,1.6892,0.41272
-1.476,-0.66509,-2.3096,0.31115,-1.6359,0.45528,1.6761,0.43799
-1.4126,-0.72761,-2.2769,0.25601,-1.6193,0.4858,1.662,0.46331
-1.3481,-0.78938,-2.2425,0.20029,-1.6016,0.51616,1.6467,0.48864
-1.2825,-0.85032,-2.2065,0.14407,-1.5828,0.54632,1.6303,0.51394
-1.2158,-0.91034,-2.1688,0.087407,-1.5628,0.57624,1.6129,0.53918
-1.1481,-0.96935,-2.1295,0.030379,-1.5416,0.60586,1.5943,0.56432
-1.0795,-1.0273,-2.0885,-0.026944,-1.5193,0.63515,1.5747,0.58932
-1.0099,-1.084,-2.046,-0.084491,-1.4959,0.66405,1.5539,0.61415
-0.93939,-1.1395,-2.002,-0.14219,-1.4714,0.69253,1.5321,0.63875
-0.86805,-1.1936,-1.9564,-0.19996,-1.4457,0.72052,1.5093,0.66311
-0.79591,-1.2463,-1.9093,-0.25773,-1.4189,0.748,1.4853,0.68716
-0.723,-1.2974,-1.8608,-0.31543,-1.391,0.7749,1.4604,0.71088
-0.64937,-1.347,-1.8108,-0.37298,-1.3621,0.80119,1.4343,0.73422
-0.57507,-1.3949,-1.7594,-0.43031,-1.332,0.82681,1.4072,0.75715
-0.50013,-1.441,-1.7067,-0.48732,-1.3009,0.85173,1.3791,0.7796
-0.4246,-1.4853,-1.6526,-0.54396,-1.2687,0.87588,1.35,0.80156
-0.34851,-1.5277,-1.5972,-0.60013,-1.2355,0.89924,1.3199,0.82297
-0.27192,-1.5682,-1.5406,-0.65577,-1.2013,0.92175,1.2888,0.84379
-0.19487,-1.6066,-1.4827,-0.7108,-1.166,0.94336,1.2567,0.86397
-0.1174,-1.6429,-1.4236,-0.76513,-1.1297,0.96404,1.2236,0.88348
-0.039543,-1.677,-1.3633,-0.81869,-1.0924,0.98374,1.1895,0.90228
0.038649,-1.7089,-1.302,-0.87141,-1.0542,1.0024,1.1545,0.92031
0.11714,-1.7384,-1.2395,-0.9232,-1.015,1.02,1.1185,0.93753
0.19588,-1.7657,-1.176,-0.97399,-0.97484,1.0365,1.0816,0.95391
0.27484,-1.7905,-1.1115,-1.0237,-0.93375,1.0518,1.0438,0.9694
0.35397,-1.8129,-1.046,-1.0723,-0.89175,1.066,1.0051,0.98396
0.43323,-1.8327,-0.97961,-1.1196,-0.84885,1.0789,0.9655,0.99755
0.51258,-1.85,-0.9123,-1.1657,-0.80507,1.0905,0.925,1.0101
0.59199,-1.8647,-0.84415,-1.2103,-0.76042,1.1008,0.88365,1.0216
0.67141,-1.8768,-0.77519,-1.2536,-0.71492,1.1098,0.84144,1.0321
0.75081,-1.8862,-0.70545,-1.2953,-0.6686,1.1174,0.79839,1.0413
0.83014,-1.8929,-0.63499,-1.3355,-0.62146,1.1235,0.75452,1.0495
0.90937,-1.8968,-0.56384,-1.374,-0.57353,1.1283,0.70983,1.0564
0.98846,-1.898,-0.49203,-1.4108,-0.52482,1.1315,0.66436,1.062
1.0674,-1.8965,-0.41962,-1.4458,-0.47536,1.1332,0.6181,1.0664
1.1461,-1.8921,-0.34665,-1.479,-0.42515,1.1334,0.57108,1.0694
1.2245,-1.8849,-0.27314,-1.5103,-0.37424,1.132,0.52331,1.0711
1.3027,-1.8749,-0.19915,-1.5397,-0.32262,1.129,0.47481,1.0714
1.3805,-1.862,-0.12471,-1.5671,-0.27033,1.1244,0.42559,1.0703
1.458,-1.8463,-0.04987,-1.5924,-0.21738,1.1181,0.37567,1.0678
1.5351,-1.8278,0.02534,-1.6156,-0.16379,1.1102,0.32507,1.0637
1.6118,-1.8064,0.10088,-1.6366,-0.10959,1.1006,0.2738,1.0582
1.688,-1.7822,0.1767,-1.6555,-0.054793,1.0893,0.22189,1.0511
1.7637,-1.7552,0.25277,-1.6721,0.00057321,1.0763,0.16934,1.0425
1.8389,-1.7253,0.32904,-1.6864,0.056489,1.0616,0.11618,1.0323
1.9135,-1.6927,0.40549,-1.6984,0.11293,1.0451,0.062429,1.0204
1.9876,-1.6573,0.48206,-1.708,0.16988,1.0269,0.0081016,1.007
2.061,-1.6192,0.55873,-1.7153,0.22731,1.0069,-0.046781,0.99196
2.1338,-1.5784,0.63545,-1.7201,0.2852,0.98512,-0.1022,0.97524
2.2059,-1.5348,0.71219,-1.7225,0.34352,0.96161,-0.15814,0.95686
2.2772,-1.4887,0.7889,-1.7224,0.40225,0.93634,-0.21457,0.9368
2.3479,-1.4399,0.86556,-1.7199,0.46137,0.9093,-0.27147,0.91505
2.4177,-1.3885,0.94212,-1.7148,0.52086,0.88051,-0.32883,0.8916
2.4868,-1.3347,1.0185,-1.7072,0.58067,0.84996,-0.38662,0.86646
2.555,-1.2783,1.0948,-1.6971,0.6408,0.81766,-0.44483,0.8396
2.6224,-1.2196,1.1708,-1.6845,0.70121,0.78363,-0.50342,0.81104
2.6888,-1.1585,1.2467,-1.6693,0.76189,0.74788,-0.56237,0.78078
2.7544,-1.095,1.3222,-1.6515,0.82279,0.71041,-0.62167,0.7488
2.819,-1.0294,1.3974,-1.6313,0.8839,0.67126,-0.68128,0.71514
2.8826,-0.96155,1.4723,-1.6085,0.94519,0.63043,-0.74119,0.67977
2.9452,-0.8916,1.5468,-1.5832,1.0066,0.58796,-0.80136,0.64273
3.0069,-0.81961,1.6209,-1.5553,1.0682,0.54385,-0.86178,0.60402
3.0674,-0.74566,1.6945,-1.525,1.1299,0.49814,-0.92241,0.56365
3.1269,-0.66981,1.7677,-1.4922,1.1916,0.45086,-0.98324,0.52164
3.1852,-0.59215,1.8403,-1.4569,1.2533,0.40204,-1.0442,0.47801
3.2425,-0.51276,1.9124,-1.4192,1.3151,0.3517,-1.1054,0.43278
3.2986,-0.43172,1.9839,-1.3791,1.3768,0.29988,-1.1666,0.38597
3.3535,-0.34911,2.0548,-1.3366,1.4385,0.24663,-1.2279,0.3376
3.4072,-0.26503,2.125,-1.2918,1.5001,0.19197,-1.2893,0.28772
3.4596,-0.17955,2.1946,-1.2447,1.5616,0.13595,-1.3507,0.23634
3.5108,-0.092783,2.2635,-1.1953,1.623,0.078606,-1.4121,0.1835
3.5608,-0.004805,2.3316,-1.1437,1.6842,0.019989,-1.4734,0.12923
3.6094,0.084285,2.399,-1.0899,1.7451,-0.039858,-1.5347,0.073565
3.6567,0.17439,2.4655,-1.0341,1.8059,-0.10089,-1.5959,0.01655
3.7027,0.26542,2.5313,-0.9761,1.8663,-0.16305,-1.6569,-0.041777
3.7473,0.35726,2.5961,-0.91612,1.9265,-0.22629,-1.7178,-0.10137
3.7905,0.44983,2.6601,-0.85419,1.9863,-0.29056,-1.7785,-0.16219
3.8323,0.54303,2.7232,-0.79036,2.0457,-0.3558,-1.839,-0.22419
3.8727,0.63674,2.7853,-0.7247,2.1048,-0.42195,-1.8992,-0.28732
3.9116,0.73087,2.8464,-0.65726,2.1634,-0.48897,-1.9591,-0.35153
3.9491,0.82532,2.9066,-0.58811,2.2215,-0.55678,-2.0187,-0.41676
3.985,0.91999,2.9657,-0.51734,2.2791,-0.62534,-2.0779,-0.48296
4.0195,1.0148,3.0237,-0.44499,2.3362,-0.69457,-2.1367,-0.55008
4.0524,1.1095,3.0807,-0.37116,2.3927,-0.76441,-2.1951,-0.61805
4.0838,1.2042,3.1365,-0.29591,2.4486,-0.83481,-2.2531,-0.68683
4.1136,1.2987,3.1912,-0.21932,2.5038,-0.90569,-2.3105,-0.75634
4.1418,1.3929,3.2447,-0.14148,2.5584,-0.97699,-2.3674,-0.82653
4.1685,1.4867,3.297,-0.062451,2.6123,-1.0486,-2.4237,-0.89733
4.1935,1.58,3.3481,0.017671,2.6654,-1.1206,-2.4794,-0.96868
4.2168,1.6727,3.398,0.098806,2.7177,-1.1927,-2.5345,-1.0405
4.2386,1.7646,3.4466,0.18087,2.7692,-1.265,-2.5888,-1.1127
4.2587,1.8558,3.4939,0.26378,2.8199,-1.3374,-2.6425,-1.1853
4.2771,1.9461,3.5398,0.34744,2.8697,-1.4098,-2.6954,-1.2582
4.2938,2.0353,3.5845,0.43176,2.9186,-1.4821,-2.7475,-1.3313
4.3088,2.1235,3.6277,0.51667,2.9665,-1.5543,-2.7988,-1.4045
4.3221,2.2104,3.6696,0.60206,3.0134,-1.6262,-2.8492,-1.4778
4.3336,2.2961,3.71,0.68785,3.0593,-1.6979,-2.8987,-1.551
4.3435,2.3804,3.749,0.77395,3.1042,-1.7693,-2.9473,-1.6242
4.3516,2.4632,3.7866,0.86026,3.148,-1.8402,-2.9949,-1.6972
4.3579,2.5445,3.8226,0.94669,3.1907,-1.9106,-3.0415,-1.77
4.3625,2.6241,3.8572,1.0332,3.2322,-1.9805,-3.0871,-1.8425
4.3652,2.702,3.8902,1.1196,3.2725,-2.0497,-3.1316,-1.9147
4.3663,2.7781,3.9217,1.2058,3.3116,-2.1183,-3.175,-1.9863
4.3655,2.8522,3.9517,1.2918,3.3495,-2.186,-3.2172,-2.0575
4.3629,2.9245,3.98,1.3775,3.3861,-2.253,-3.2582,-2.1281
4.3585,2.9946,4.0068,1.4627,3.4214,-2.319,-3.298,-2.198
4.3524,3.0627,4.032,1.5475,3.4554,-2.384,-3.3366,-2.2671
4.3444,3.1286,4.0555,1.6316,3.488,-2.448,-3.3739,-2.3355
4.3346,3.1922,4.0774,1.715,3.5192,-2.5109,-3.4099,-2.4029
4.323,3.2535,4.0976,1.7977,3.549,-2.5726,-3.4446,-2.4694
4.3096,3.3124,4.1161,1.8795,3.5774,-2.6331,-3.4779,-2.5349
4.2943,3.3689,4.1329,1.9603,3.6043,-2.6923,-3.5097,-2.5993
4.2773,3.4229,4.1481,2.0401,3.6297,-2.7501,-3.5402,-2.6625
4.2584,3.4744,4.1615,2.1187,3.6536,-2.8065,-3.5692,-2.7245
4.2378,3.5233,4.1731,2.1962,3.6759,-2.8614,-3.5967,-2.7852
4.2153,3.5695,4.1831,2.2723,3.6967,-2.9148,-3.6226,-2.8446
4.191,3.6131,4.1913,2.3471,3.716,-2.9666,-3.6471,-2.9025
4.1649,3.6539,4.1977,2.4205,3.7336,-3.0168,-3.67,-2.959
4.1371,3.692,4.2023,2.4923,3.7496,-3.0652,-3.6913,-3.0138
4.1074,3.7273,4.2052,2.5626,3.7639,-3.112,-3.711,-3.0671
4.076,3.7597,4.2063,2.6311,3.7766,-3.1569,-3.729,-3.1188
4.0428,3.7894,4.2056,2.698,3.7877,-3.2,-3.7454,-3.1687
4.0079,3.8161,4.203,2.7631,3.797,-3.2412,-3.7602,-3.2169
3.9712,3.84,4.1987,2.8263,3.8047,-3.2805,-3.7732,-3.2632
3.9328,3.861,4.1926,2.8875,3.8106,-3.3179,-3.7846,-3.3077
3.8927,3.8791,4.1847,2.9468,3.8148,-3.3532,-3.7942,-3.3502
3.8509,3.8942,4.1749,3.0041,3.8173,-3.3865,-3.8021,-3.3908
3.8073,3.9064,4.1633,3.0593,3.818,-3.4177,-3.8083,-3.4294
3.7622,3.9157,4.15,3.1123,3.817,-3.4469,-3.8126,-3.4659
3.7153,3.9221,4.1348,3.1631,3.8142,-3.4739,-3.8153,-3.5004
3.6668,3.9255,4.1178,3.2117,3.8097,-3.4988,-3.8161,-3.5327
3.6168,3.9261,4.099,3.258,3.8034,-3.5214,-3.8152,-3.5629
3.5651,3.9237,4.0784,3.3019,3.7953,-3.5419,-3.8124,-3.5909
3.5118,3.9184,4.0559,3.3435,3.7855,-3.5602,-3.8079,-3.6167
3.457,3.9103,4.0317,3.3827,3.7739,-3.5763,-3.8016,-3.6403
3.4007,3.8993,4.0058,3.4195,3.7605,-3.5901,-3.7934,-3.6616
3.3429,3.8855,3.978,3.4538,3.7453,-3.6016,-3.7835,-3.6806
3.2836,3.869,3.9485,3.4857,3.7284,-3.6109,-3.7718,-3.6973
3.2228,3.8496,3.9172,3.515,3.7098,-3.6179,-3.7582,-3.7117
3.1607,3.8275,3.8842,3.5418,3.6894,-3.6227,-3.7429,-3.7237
3.0971,3.8028,3.8494,3.566,3.6672,-3.6251,-3.7258,-3.7334
3.0322,3.7753,3.8129,3.5877,3.6434,-3.6253,-3.7069,-3.7408
2.966,3.7453,3.7748,3.6068,3.6178,-3.6233,-3.6862,-3.7458
2.8984,3.7127,3.7349,3.6234,3.5905,-3.619,-3.6638,-3.7485
2.8296,3.6776,3.6934,3.6373,3.5615,-3.6124,-3.6396,-3.7487
2.7596,3.64,3.6502,3.6487,3.5308,-3.6036,-3.6137,-3.7467
2.6884,3.5999,3.6054,3.6575,3.4985,-3.5925,-3.586,-3.7423
2.616,3.5576,3.559,3.6637,3.4645,-3.5793,-3.5567,-3.7355
2.5425,3.5129,3.511,3.6673,3.4289,-3.5638,-3.5256,-3.7264
2.4679,3.466,3.4615,3.6684,3.3917,-3.5462,-3.4929,-3.715
2.3922,3.4169,3.4104,3.6669,3.3529,-3.5264,-3.4586,-3.7013
2.3156,3.3657,3.3578,3.6629,3.3126,-3.5046,-3.4226,-3.6854
2.238,3.3124,3.3037,3.6564,3.2707,-3.4806,-3.385,-3.6671
2.1594,3.2571,3.2482,3.6474,3.2273,-3.4546,-3.3458,-3.6466
2.08,3.1999,3.1912,3.6359,3.1825,-3.4265,-3.3051,-3.624
1.9997,3.1409,3.1329,3.622,3.1362,-3.3964,-3.2629,-3.5991
1.9186,3.0801,3.0732,3.6057,3.0885,-3.3644,-3.2192,-3.5721
1.8368,3.0176,3.0121,3.587,3.0394,-3.3305,-3.174,-3.5429
1.7542,2.9535,2.9498,3.5659,2.9889,-3.2947,-3.1274,-3.5117
1.671,2.8878,2.8862,3.5425,2.9371,-3.257,-3.0794,-3.4785
1.5871,2.8206,2.8213,3.5169,2.884,-3.2176,-3.03,-3.4432
1.5026,2.752,2.7553,3.4891,2.8297,-3.1764,-2.9793,-3.406
1.4177,2.6822,2.6881,3.459,2.7741,-3.1335,-2.9273,-3.3669
1.3322,2.611,2.6198,3.4268,2.7174,-3.089,-2.8741,-3.3259
1.2463,2.5388,2.5504,3.3926,2.6595,-3.0428,-2.8196,-3.283
1.1599,2.4654,2.48,3.3563,2.6005,-2.9952,-2.764,-3.2385
1.0733,2.391,2.4085,3.318,2.5404,-2.946,-2.7072,-3.1922
0.98628,2.3157,2.3362,3.2777,2.4793,-2.8954,-2.6494,-3.1442
0.89904,2.2396,2.2629,3.2356,2.4173,-2.8434,-2.5905,-3.0946
0.81158,2.1627,2.1887,3.1917,2.3543,-2.79,-2.5306,-3.0435
0.72396,2.0852,2.1138,3.146,2.2904,-2.7354,-2.4698,-2.9909
0.63623,2.007,2.038,3.0986,2.2256,-2.6796,-2.408,-2.9369
0.54842,1.9284,1.9615,3.0496,2.1601,-2.6227,-2.3454,-2.8814
0.46059,1.8492,1.8843,2.999,2.0937,-2.5646,-2.2819,-2.8247
0.37279,1.7698,1.8065,2.9468,2.0267,-2.5056,-2.2177,-2.7668
0.28506,1.69,1.7281,2.8933,1.9589,-2.4455,-2.1527,-2.7076
0.19744,1.6101,1.6491,2.8383,1.8906,-2.3846,-2.0871,-2.6474
0.10999,1.53,1.5697,2.782,1.8217,-2.3228,-2.0209,-2.5861
0.022745,1.4498,1.4898,2.7245,1.7522,-2.2603,-1.954,-2.5238
-0.064242,1.3697,1.4095,2.6658,1.6823,-2.197,-1.8867,-2.4606
-0.15093,1.2897,1.3288,2.6059,1.6119,-2.1331,-1.8188,-2.3966
-0.23727,1.2099,1.2478,2.5451,1.5411,-2.0686,-1.7505,-2.3318
-0.32322,1.1303,1.1666,2.4832,1.47,-2.0035,-1.6819,-2.2663
-0.40873,1.051,1.0852,2.4205,1.3985,-1.938,-1.6129,-2.2001
-0.49377,0.97208,1.0037,2.3569,1.3269,-1.8721,-1.5436,-2.1334
-0.57829,0.89362,0.92201,2.2926,1.255,-1.8059,-1.4741,-2.0662
-0.66224,0.81566,0.8403,2.2275,1.183,-1.7394,-1.4044,-1.9986
-0.7456,0.73828,0.7586,2.1619,1.1108,-1.6727,-1.3346,-1.9306
-0.82831,0.66152,0.67694,2.0956,1.0386,-1.6059,-1.2647,-1.8623
-0.91034,0.58546,0.59538,2.0289,0.96644,-1.539,-1.1948,-1.7938
-0.99164,0.51015,0.51398,1.9618,0.89427,-1.472,-1.1249,-1.7252
-1.0722,0.43564,0.43277,1.8944,0.82218,-1.4051,-1.055,-1.6564
-1.152,0.36198,0.35181,1.8266,0.75022,-1.3383,-0.9853,-1.5877
-1.2309,0.28924,0.27116,1.7587,0.67843,-1.2716,-0.91572,-1.519
-1.3089,0.21744,0.19085,1.6906,0.60686,-1.2051,-0.84635,-1.4504
-1.3861,0.14665,0.11093,1.6224,0.53554,-1.1389,-0.77722,-1.382
-1.4623,0.076895,0.03146,1.5542,0.46453,-1.073,-0.70839,-1.3138
-1.5376,0.0082282,-0.047521,1.4861,0.39386,-1.0075,-0.63991,-1.246
-1.6119,-0.059316,-0.12597,1.4181,0.32358,-0.94243,-0.57181,-1.1785
-1.6852,-0.1257,-0.20383,1.3503,0.25373,-0.8778,-0.50413,-1.1114
-1.7574,-0.1909,-0.28106,1.2827,0.18435,-0.8137,-0.43693,-1.0448
-1.8285,-0.25487,-0.35763,1.2154,0.11548,-0.75017,-0.37024,-0.97879
-1.8986,-0.31759,-0.43348,1.1485,0.04715,-0.68725,-0.3041,-0.91334
-1.9675,-0.37903,-0.50857,1.0819,-0.020593,-0.62499,-0.23855,-0.84854
-2.0353,-0.43917,-0.58286,1.0159,-0.087717,-0.56344,-0.17363,-0.78445
-2.1019,-0.498,-0.65631,0.95032,-0.15419,-0.50262,-0.10937,-0.72111
-2.1674,-0.55548,-0.72888,0.88535,-0.21997,-0.44258,-0.045814,-0.65856
-2.2317,-0.61161,-0.80053,0.821,-0.28502,-0.38335,0.017006,-0.59687
-2.2947,-0.66638,-0.87123,0.75732,-0.34933,-0.32498,0.079058,-0.53606
-2.3565,-0.71977,-0.94094,0.69436,-0.41285,-0.26749,0.14031,-0.47619
-2.4171,-0.77178,-1.0096,0.63215,-0.47556,-0.21091,0.20073,-0.41728
-2.4764,-0.8224,-1.0772,0.57075,-0.53743,-0.15527,0.26029,-0.35939
-2.5345,-0.87163,-1.1438,0.51019,-0.59843,-0.10061,0.31896,-0.30255
-2.5913,-0.91946,-1.2092,0.45051,-0.65854,-0.046934,0.37672,-0.24679
-2.6469,-0.96592,-1.2734,0.39175,-0.71773,0.0057237,0.43354,-0.19214
-2.7011,-1.011,-1.3365,0.33393,-0.77599,0.057345,0.4894,-0.13862
-2.7541,-1.0547,-1.3983,0.2771,-0.83329,0.10791,0.54427,-0.08628
-2.8058,-1.097,-1.4589,0.22128,-0.88961,0.15741,0.59814,-0.035128
-2.8562,-1.138,-1.5183,0.16651,-0.94494,0.20583,0.65099,0.014811
-2.9053,-1.1776,-1.5764,0.11279,-0.99926,0.25315,0.7028,0.063517
-2.9531,-1.2159,-1.6331,0.060168,-1.0526,0.29937,0.75355,0.11097
-2.9996,-1.2529,-1.6886,0.0086509,-1.1048,0.34448,0.80323,0.15717
-3.0449,-1.2887,-1.7427,-0.041739,-1.156,0.38847,0.85182,0.20208
-3.0889,-1.3231,-1.7954,-0.090985,-1.2062,0.43135,0.89933,0.24571
-3.1316,-1.3564,-1.8468,-0.13907,-1.2553,0.4731,0.94573,0.28805
-3.1731,-1.3884,-1.8968,-0.18599,-1.3033,0.51375,0.99102,0.32909
-3.2133,-1.4192,-1.9454,-0.23173,-1.3502,0.55327,1.0352,0.36882
-3.2523,-1.4489,-1.9926,-0.27629,-1.3961,0.5917,1.0783,0.40726
-3.2901,-1.4775,-2.0384,-0.31965,-1.4409,0.62902,1.1202,0.4444
-3.3266,-1.505,-2.0828,-0.36182,-1.4845,0.66526,1.161,0.48024
-3.362,-1.5314,-2.1257,-0.40279,-1.5271,0.70042,1.2007,0.5148
-3.3961,-1.5568,-2.1672,-0.44258,-1.5687,0.73451,1.2392,0.54808
-3.4292,-1.5812,-2.2073,-0.48117,-1.6091,0.76756,1.2767,0.58009
-3.461,-1.6046,-2.246,-0.51857,-1.6485,0.79958,1.313,0.61086
-3.4917,-1.6272,-2.2832,-0.5548,-1.6868,0.8306,1.3482,0.64038
-3.5213,-1.6488,-2.319,-0.58986,-1.7241,0.86062,1.3823,0.66868
-3.5498,-1.6697,-2.3534,-0.62377,-1.7603,0.88967,1.4154,0.69579
-3.5772,-1.6897,-2.3864,-0.65653,-1.7955,0.91778,1.4473,0.72172
-3.6036,-1.709,-2.418,-0.68816,-1.8297,0.94498,1.4782,0.74649
-3.6289,-1.7276,-2.4481,-0.71868,-1.8629,0.97129,1.508,0.77013
-3.6532,-1.7455,-2.4769,-0.74811,-1.895,0.99673,1.5368,0.79267
-3.6765,-1.7628,-2.5044,-0.77646,-1.9262,1.0213,1.5645,0.81413
-3.6989,-1.7795,-2.5304,-0.80377,-1.9564,1.0452,1.5912,0.83455
-3.7202,-1.7957,-2.5552,-0.83004,-1.9857,1.0682,1.617,0.85396
-3.7407,-1.8113,-2.5786,-0.85531,-2.0141,1.0905,1.6417,0.87239
-3.7602,-1.8265,-2.6007,-0.8796,-2.0416,1.1121,1.6655,0.88987
-3.7788,-1.8412,-2.6215,-0.90294,-2.0681,1.1331,1.6884,0.90644
-3.7966,-1.8556,-2.6411,-0.92536,-2.0939,1.1534,1.7104,0.92214
-3.8135,-1.8697,-2.6594,-0.94688,-2.1187,1.1731,1.7314,0.93699
-3.8296,-1.8834,-2.6764,-0.96753,-2.1428,1.1922,1.7516,0.95105
-3.8449,-1.8969,-2.6923,-0.98736,-2.1661,1.2109,1.771,0.96436
-3.8593,-1.9101,-2.707,-1.0064,-2.1886,1.229,1.7895,0.97694
-3.8731,-1.9232,-2.7206,-1.0246,-2.2103,1.2467,1.8072,0.98884
-3.8861,-1.9361,-2.733,-1.0421,-2.2314,1.264,1.8242,1.0001
-3.8983,-1.949,-2.7443,-1.059,-2.2517,1.2809,1.8404,1.0108
-3.9099,-1.9617,-2.7546,-1.0751,-2.2714,1.2975,1.8558,1.0209
-3.9208,-1.9744,-2.7638,-1.0906,-2.2904,1.3138,1.8706,1.0305
-3.931,-1.9871,-2.772,-1.1055,-2.3088,1.3298,1.8847,1.0396
-3.9405,-1.9998,-2.7792,-1.1199,-2.3266,1.3456,1.8982,1.0483
-3.9494,-2.0125,-2.7855,-1.1337,-2.3439,1.3613,1.9111,1.0566
-3.9577,-2.0254,-2.7908,-1.147,-2.3606,1.3768,1.9233,1.0646
-3.9655,-2.0383,-2.7952,-1.1599,-2.3768,1.3921,1.935,1.0722
-3.9726,-2.0514,-2.7988,-1.1724,-2.3925,1.4074,1.9462,1.0796
-3.9791,-2.0646,-2.8015,-1.1844,-2.4077,1.4227,1.9569,1.0868
-3.9851,-2.078,-2.8035,-1.1961,-2.4225,1.438,1.967,1.0938
-3.9906,-2.0917,-2.8046,-1.2075,-2.4369,1.4532,1.9767,1.1006
-3.9955,-2.1055,-2.805,-1.2187,-2.4509,1.4686,1.986,1.1074
-3.9999,-2.1196,-2.8048,-1.2295,-2.4645,1.484,1.9949,1.1141
-4.0038,-2.134,-2.8038,-1.2402,-2.4778,1.4996,2.0034,1.1207
-4.0072,-2.1486,-2.8022,-1.2506,-2.4907,1.5153,2.0116,1.1274
-4.0101,-2.1635,-2.8,-1.2609,-2.5034,1.5312,2.0194,1.1341
-4.0125,-2.1788,-2.7972,-1.2711,-2.5158,1.5473,2.0269,1.141
-4.0144,-2.1943,-2.7938,-1.2812,-2.5279,1.5636,2.0341,1.1479
-4.0159,-2.2101,-2.7899,-1.2913,-2.5398,1.5802,2.0411,1.155
-4.0168,-2.2263,-2.7855,-1.3013,-2.5515,1.597,2.0478,1.1622
-4.0173,-2.2428,-2.7807,-1.3113,-2.563,1.6142,2.0543,1.1697
-4.0174,-2.2597,-2.7754,-1.3213,-2.5743,1.6316,2.0607,1.1774
-4.0169,-2.2769,-2.7697,-1.3314,-2.5854,1.6494,2.0668,1.1854
-4.0161,-2.2944,-2.7636,-1.3415,-2.5964,1.6676,2.0728,1.1937
-4.0147,-2.3123,-2.7571,-1.3517,-2.6073,1.6861,2.0786,1.2023
-4.0129,-2.3304,-2.7504,-1.3621,-2.618,1.705,2.0844,1.2112
-4.0106,-2.3489,-2.7433,-1.3725,-2.6287,1.7243,2.09,1.2206
-4.0078,-2.3678,-2.7359,-1.3832,-2.6392,1.744,2.0955,1.2303
-4.0045,-2.3869,-2.7283,-1.394,-2.6496,1.7641,2.101,1.2404
-4.0007,-2.4063,-2.7205,-1.405,-2.66,1.7846,2.1064,1.251
-3.9965,-2.4261,-2.7124,-1.4161,-2.6703,1.8056,2.1118,1.262
-3.9917,-2.446,-2.7041,-1.4276,-2.6806,1.827,2.1171,1.2734
-3.9865,-2.4663,-2.6957,-1.4392,-2.6908,1.8488,2.1224,1.2854
-3.9807,-2.4868,-2.6871,-1.4511,-2.701,1.871,2.1277,1.2978
-3.9743,-2.5075,-2.6784,-1.4632,-2.7111,1.8937,2.133,1.3107
-3.9675,-2.5284,-2.6696,-1.4757,-2.7212,1.9168,2.1383,1.3241
-3.96,-2.5494,-2.6607,-1.4883,-2.7312,1.9403,2.1436,1.3381
-3.952,-2.5707,-2.6516,-1.5013,-2.7412,1.9642,2.1489,1.3525
-3.9434,-2.592,-2.6425,-1.5145,-2.7512,1.9885,2.1543,1.3675
-3.9342,-2.6135,-2.6334,-1.528,-2.7611,2.0132,2.1597,1.383
-3.9244,-2.635,-2.6242,-1.5418,-2.771,2.0383,2.1651,1.399
-3.914,-2.6565,-2.615,-1.5559,-2.7808,2.0637,2.1705,1.4155
-3.9029,-2.6781,-2.6057,-1.5703,-2.7906,2.0895,2.176,1.4326
-3.8911,-2.6997,-2.5964,-1.5849,-2.8004,2.1157,2.1816,1.4502
-3.8786,-2.7212,-2.5871,-1.5999,-2.81,2.1421,2.1871,1.4682
-3.8654,-2.7426,-2.5778,-1.6151,-2.8196,2.1689,2.1928,1.4868
-3.8515,-2.7639,-2.5686,-1.6305,-2.8291,2.1959,2.1984,1.5059
-3.8369,-2.7851,-2.5593,-1.6463,-2.8385,2.2232,2.2041,1.5255
-3.8215,-2.806,-2.55,-1.6622,-2.8479,2.2507,2.2098,1.5455
-3.8053,-2.8267,-2.5408,-1.6784,-2.857,2.2784,2.2155,1.566
-3.7882,-2.8472,-2.5315,-1.6949,-2.8661,2.3063,2.2213,1.5869
-3.7704,-2.8673,-2.5223,-1.7115,-2.875,2.3343,2.2271,1.6083
-3.7517,-2.8871,-2.5131,-1.7284,-2.8838,2.3625,2.2328,1.63
-3.7321,-2.9065,-2.5039,-1.7455,-2.8923,2.3907,2.2386,1.6522
-3.7116,-2.9255,-2.4947,-1.7627,-2.9007,2.419,2.2443,1.6747
-3.6902,-2.944,-2.4855,-1.7801,-2.9089,2.4473,2.2501,1.6976
-3.6679,-2.962,-2.4763,-1.7976,-2.9168,2.4756,2.2558,1.7208
-3.6446,-2.9794,-2.4671,-1.8152,-2.9245,2.5039,2.2614,1.7443
-3.6203,-2.9963,-2.4579,-1.8329,-2.9319,2.5321,2.267,1.768
-3.5949,-3.0124,-2.4487,-1.8507,-2.939,2.5601,2.2726,1.7921
-3.5686,-3.0279,-2.4394,-1.8686,-2.9458,2.5881,2.278,1.8163
-3.5412,-3.0427,-2.4302,-1.8865,-2.9522,2.6158,2.2834,1.8408
-3.5127,-3.0567,-2.4208,-1.9044,-2.9583,2.6433,2.2886,1.8654
-3.4831,-3.0699,-2.4114,-1.9223,-2.964,2.6705,2.2938,1.8901
-3.4524,-3.0822,-2.402,-1.9402,-2.9692,2.6974,2.2988,1.9149
-3.4206,-3.0936,-2.3924,-1.958,-2.9741,2.724,2.3036,1.9398
-3.3876,-3.1041,-2.3828,-1.9757,-2.9785,2.7502,2.3083,1.9648
-3.3534,-3.1135,-2.373,-1.9933,-2.9823,2.7759,2.3127,1.9898
-3.318,-3.122,-2.3632,-2.0108,-2.9857,2.8012,2.317,2.0147
-3.2814,-3.1293,-2.3532,-2.028,-2.9885,2.8259,2.321,2.0396
-3.2435,-3.1356,-2.343,-2.0451,-2.9908,2.8501,2.3248,2.0643
-3.2044,-3.1407,-2.3327,-2.062,-2.9924,2.8737,2.3284,2.089
-3.164,-3.1446,-2.3222,-2.0786,-2.9934,2.8966,2.3316,2.1134
-3.1224,-3.1473,-2.3114,-2.0949,-2.9938,2.9189,2.3346,2.1377
-3.0794,-3.1487,-2.3005,-2.111,-2.9935,2.9404,2.3372,2.1617
-3.0351,-3.1487,-2.2893,-2.1267,-2.9924,2.9612,2.3395,2.1854
-2.9895,-3.1475,-2.2779,-2.142,-2.9907,2.9811,2.3415,2.2088
-2.9425,-3.1448,-2.2661,-2.1569,-2.9881,3.0002,2.3431,2.2319
-2.8941,-3.1408,-2.2541,-2.1714,-2.9848,3.0184,2.3442,2.2546
-2.8444,-3.1353,-2.2418,-2.1854,-2.9807,3.0356,2.345,2.2768
-2.7934,-3.1283,-2.2291,-2.199,-2.9757,3.0518,2.3453,2.2986
-2.7409,-3.1198,-2.2161,-2.212,-2.9698,3.0671,2.3452,2.3198
-2.687,-3.1098,-2.2027,-2.2245,-2.963,3.0812,2.3445,2.3405
-2.6318,-3.0982,-2.1889,-2.2364,-2.9553,3.0943,2.3434,2.3607
-2.5751,-3.0851,-2.1746,-2.2478,-2.9466,3.1062,2.3418,2.3802
-2.5171,-3.0703,-2.16,-2.2585,-2.9369,3.1169,2.3396,2.3991
-2.4576,-3.0539,-2.1449,-2.2685,-2.9263,3.1264,2.3369,2.4172
-2.3967,-3.0358,-2.1293,-2.2779,-2.9146,3.1347,2.3335,2.4347
-2.3344,-3.016,-2.1132,-2.2865,-2.9018,3.1417,2.3296,2.4514
-2.2708,-2.9946,-2.0965,-2.2944,-2.8879,3.1473,2.3251,2.4673
-2.2057,-2.9714,-2.0794,-2.3016,-2.8729,3.1516,2.3199,2.4823
-2.1392,-2.9465,-2.0617,-2.308,-2.8568,3.1545,2.3141,2.4965
-2.0714,-2.9199,-2.0434,-2.3135,-2.8396,3.1559,2.3076,2.5099
-2.0021,-2.8916,-2.0245,-2.3183,-2.8211,3.1559,2.3004,2.5222
-1.9315,-2.8614,-2.005,-2.3221,-2.8015,3.1544,2.2924,2.5336
-1.8596,-2.8296,-1.9848,-2.3251,-2.7806,3.1514,2.2838,2.5441
-1.7863,-2.7959,-1.964,-2.3272,-2.7585,3.1468,2.2744,2.5535
-1.7116,-2.7605,-1.9425,-2.3284,-2.7352,3.1407,2.2642,2.5619
-1.6357,-2.7234,-1.9203,-2.3286,-2.7106,3.133,2.2533,2.5691
-1.5585,-2.6844,-1.8975,-2.3279,-2.6846,3.1237,2.2416,2.5753
-1.48,-2.6438,-1.8739,-2.3261,-2.6574,3.1127,2.229,2.5804
-1.4003,-2.6013,-1.8495,-2.3234,-2.6289,3.1001,2.2157,2.5843
-1.3193,-2.5572,-1.8244,-2.3197,-2.599,3.0858,2.2015,2.5871
-1.2372,-2.5113,-1.7986,-2.315,-2.5678,3.0698,2.1864,2.5886
-1.1539,-2.4636,-1.7719,-2.3092,-2.5352,3.0521,2.1705,2.589
-1.0694,-2.4143,-1.7445,-2.3023,-2.5013,3.0327,2.1537,2.5881
-0.9839,-2.3633,-1.7163,-2.2944,-2.4659,3.0116,2.136,2.586
-0.89729,-2.3106,-1.6872,-2.2855,-2.4293,2.9887,2.1174,2.5826
-0.80964,-2.2563,-1.6573,-2.2754,-2.3912,2.964,2.098,2.5779
-0.721,-2.2004,-1.6266,-2.2642,-2.3517,2.9376,2.0776,2.572
-0.6314,-2.1429,-1.595,-2.252,-2.3108,2.9095,2.0563,2.5647
-0.54088,-2.0838,-1.5626,-2.2387,-2.2686,2.8796,2.034,2.5561
-0.44948,-2.0232,-1.5293,-2.2242,-2.2249,2.8479,2.0109,2.5463
-0.35726,-1.9611,-1.4952,-2.2086,-2.1799,2.8144,1.9868,2.535
-0.26425,-1.8975,-1.4602,-2.192,-2.1335,2.7792,1.9618,2.5225
-0.17051,-1.8325,-1.4243,-2.1742,-2.0856,2.7423,1.9358,2.5087
-0.076079,-1.766,-1.3875,-2.1553,-2.0365,2.7036,1.9089,2.4935
0.018985,-1.6983,-1.3499,-2.1353,-1.9859,2.6631,1.881,2.4769
0.11463,-1.6292,-1.3113,-2.1142,-1.934,2.621,1.8522,2.4591
0.2108,-1.5589,-1.272,-2.0921,-1.8807,2.5771,1.8225,2.4399
0.30745,-1.4873,-1.2317,-2.0688,-1.8261,2.5315,1.7919,2.4194
0.4045,-1.4146,-1.1906,-2.0445,-1.7702,2.4842,1.7603,2.3976
0.50192,-1.3407,-1.1486,-2.0191,-1.7129,2.4353,1.7278,2.3744
0.59962,-1.2658,-1.1057,-1.9926,-1.6544,2.3847,1.6943,2.35
0.69756,-1.1898,-1.062,-1.9651,-1.5946,2.3325,1.66,2.3243
0.79566,-1.1129,-1.0175,-1.9366,-1.5336,2.2787,1.6248,2.2973
0.89387,-1.035,-0.97213,-1.907,-1.4713,2.2234,1.5886,2.2691
0.99212,-0.9563,-0.92595,-1.8765,-1.4078,2.1665,1.5516,2.2397
1.0903,-0.87678,-0.87897,-1.8449,-1.3432,2.1081,1.5138,2.209
1.1885,-0.79652,-0.8312,-1.8125,-1.2774,2.0482,1.4751,2.1771
1.2864,-0.71557,-0.78266,-1.7791,-1.2105,1.9869,1.4356,2.1441
1.3841,-0.634,-0.73336,-1.7447,-1.1426,1.9241,1.3952,2.1099
1.4815,-0.55187,-0.68333,-1.7095,-1.0735,1.86,1.3541,2.0745
1.5785,-0.46923,-0.63259,-1.6734,-1.0035,1.7946,1.3122,2.0381
1.6751,-0.38615,-0.58115,-1.6365,-0.93248,1.7279,1.2695,2.0006
1.7712,-0.3027,-0.52905,-1.5988,-0.86052,1.6599,1.2261,1.9621
1.8666,-0.21893,-0.4763,-1.5603,-0.78766,1.5908,1.182,1.9225
1.9614,-0.13492,-0.42293,-1.521,-0.71394,1.5205,1.1372,1.882
2.0554,-0.050722,-0.36897,-1.481,-0.6394,1.4491,1.0917,1.8405
2.1486,0.03359,-0.31446,-1.4403,-0.56409,1.3766,1.0456,1.7981
2.2409,0.11795,-0.25941,-1.399,-0.48806,1.3031,0.99894,1.7548
2.3323,0.2023,-0.20387,-1.357,-0.41135,1.2287,0.95168,1.7107
2.4225,0.28657,-0.14786,-1.3144,-0.33401,1.1533,0.90388,1.6658
2.5117,0.37069,-0.091416,-1.2713,-0.25609,1.0772,0.85556,1.6201
2.5997,0.4546,-0.034583,-1.2277,-0.17764,1.0002,0.80677,1.5737
2.6863,0.53823,0.022606,-1.1835,-0.098725,0.92254,0.75754,1.5266
2.7717,0.62152,0.080113,-1.1389,-0.019388,0.84418,0.70789,1.4789
2.8556,0.7044,0.1379,-1.0939,0.060312,0.76521,0.65788,1.4306
2.938,0.78681,0.19592,-1.0486,0.14032,0.6857,0.60752,1.3817
3.0189,0.86868,0.25413,-1.0029,0.22057,0.6057,0.55687,1.3323
3.0981,0.94995,0.3125,-0.95686,0.30102,0.52527,0.50597,1.2825
3.1756,1.0306,0.37097,-0.91061,0.38159,0.44448,0.45484,1.2322
3.2513,1.1104,0.42949,-0.86415,0.46224,0.36339,0.40354,1.1816
3.3252,1.1895,0.48803,-0.81751,0.54289,0.28207,0.3521,1.1306
3.3971,1.2678,0.54654,-0.77074,0.62348,0.20058,0.30056,1.0794
3.4671,1.3451,0.60496,-0.72387,0.70395,0.11899,0.24897,1.0279
3.535,1.4215,0.66325,-0.67696,0.78424,0.037357,0.19738,0.97625
3.6009,1.4969,0.72135,-0.63003,0.86428,-0.04424,0.14582,0.92446
3.6645,1.5712,0.77922,-0.58314,0.94401,-0.12574,0.09434,0.87258
3.7259,1.6443,0.83679,-0.53631,1.0234,-0.20708,0.042987,0.82066
3.7851,1.7163,0.89403,-0.4896,1.1023,-0.28818,-0.0081949,0.76875
3.8419,1.787,0.95087,-0.44305,1.1807,-0.36899,-0.05916,0.7169
3.8963,1.8565,1.0073,-0.39669,1.2585,-0.44943,-0.10986,0.66516
3.9482,1.9246,1.0632,-0.35057,1.3356,-0.52944,-0.16026,0.61356
3.9977,1.9913,1.1185,-0.30472,1.4121,-0.60895,-0.21029,0.56217
4.0446,2.0566,1.1732,-0.25918,1.4878,-0.6879,-0.25993,0.51103
4.0889,2.1204,1.2273,-0.214,1.5626,-0.76621,-0.30911,0.46019
4.1306,2.1828,1.2806,-0.16922,1.6365,-0.84383,-0.3578,0.40969
4.1696,2.2435,1.3331,-0.12486,1.7095,-0.92069,-0.40595,0.35957
4.206,2.3027,1.3849,-0.080976,1.7814,-0.99673,-0.4535,0.3099
4.2395,2.3602,1.4357,-0.037597,1.8522,-1.0719,-0.50042,0.2607
4.2703,2.416,1.4856,0.0052396,1.9218,-1.1461,-0.54666,0.21203
4.2983,2.4702,1.5344,0.047497,1.9902,-1.2192,-0.59217,0.16393
4.3235,2.5226,1.5823,0.089141,2.0573,-1.2914,-0.63691,0.11645
4.3458,2.5732,1.629,0.13014,2.123,-1.3623,-0.68083,0.069615
4.3653,2.6221,1.6745,0.17045,2.1873,-1.4321,-0.72389,0.023479
4.3818,2.6692,1.7189,0.21006,2.2501,-1.5006,-0.76605,-0.02192
4.3955,2.7144,1.7619,0.24891,2.3114,-1.5679,-0.80725,-0.066542
4.4062,2.7577,1.8037,0.28699,2.3711,-1.6337,-0.84746,-0.11035
4.4141,2.7992,1.8441,0.32427,2.4291,-1.6982,-0.88664,-0.1533
4.419,2.8387,1.883,0.36072,2.4854,-1.7611,-0.92475,-0.19537
4.4209,2.8764,1.9205,0.3963,2.5399,-1.8226,-0.96175,-0.23651
4.42,2.9121,1.9565,0.43099,2.5927,-1.8825,-0.99759,-0.27669
4.4161,2.9459,1.9908,0.46478,2.6435,-1.9408,-1.0322,-0.31588
4.4093,2.9777,2.0236,0.49763,2.6924,-1.9974,-1.0657,-0.35405
4.3996,3.0076,2.0548,0.52951,2.7394,-2.0523,-1.0978,-0.39117
4.387,3.0355,2.0842,0.56042,2.7843,-2.1054,-1.1287,-0.4272
4.3715,3.0614,2.1119,0.59033,2.8272,-2.1568,-1.1582,-0.46213
4.3532,3.0854,2.1378,0.61922,2.868,-2.2063,-1.1864,-0.49592
4.332,3.1074,2.1619,0.64707,2.9067,-2.254,-1.2132,-0.52856
4.3081,3.1274,2.1841,0.67386,2.9431,-2.2997,-1.2386,-0.56001
4.2814,3.1455,2.2045,0.69959,2.9774,-2.3436,-1.2625,-0.59025
4.2519,3.1616,2.2229,0.72423,3.0094,-2.3854,-1.2849,-0.61928
4.2197,3.1758,2.2394,0.74778,3.0392,-2.4253,-1.3059,-0.64706
4.1848,3.1881,2.2539,0.77022,3.0666,-2.4631,-1.3253,-0.67358
4.1473,3.1984,2.2664,0.79154,3.0917,-2.4989,-1.3431,-0.69883
4.1073,3.2068,2.2768,0.81173,3.1145,-2.5326,-1.3595,-0.72279
4.0646,3.2133,2.2852,0.83079,3.1349,-2.5643,-1.3742,-0.74545
4.0195,3.218,2.2916,0.84872,3.1528,-2.5938,-1.3873,-0.7668
3.972,3.2207,2.2958,0.8655,3.1684,-2.6212,-1.3989,-0.78684
3.9221,3.2217,2.2979,0.88113,3.1816,-2.6464,-1.4087,-0.80554
3.8698,3.2208,2.2979,0.89561,3.1923,-2.6695,-1.417,-0.82292
3.8153,3.2181,2.2958,0.90895,3.2005,-2.6904,-1.4236,-0.83895
3.7585,3.2137,2.2916,0.92114,3.2063,-2.7092,-1.4286,-0.85365
3.6996,3.2075,2.2851,0.93218,3.2097,-2.7257,-1.4319,-0.86701
3.6387,3.1996,2.2766,0.94207,3.2106,-2.7401,-1.4335,-0.87904
3.5757,3.19,2.2659,0.95083,3.209,-2.7524,-1.4335,-0.88972
3.5108,3.1788,2.253,0.95846,3.205,-2.7624,-1.4318,-0.89908
3.444,3.1659,2.238,0.96496,3.1985,-2.7702,-1.4285,-0.9071
3.3754,3.1514,2.2208,0.97034,3.1896,-2.7759,-1.4235,-0.91381
3.3051,3.1354,2.2015,0.97462,3.1783,-2.7795,-1.4168,-0.9192
3.2331,3.1178,2.1801,0.9778,3.1646,-2.7808,-1.4085,-0.9233
3.1596,3.0988,2.1566,0.9799,3.1485,-2.7801,-1.3986,-0.9261
3.0846,3.0783,2.131,0.98093,3.13,-2.7772,-1.3871,-0.92762
3.0081,3.0563,2.1033,0.98089,3.1091,-2.7722,-1.3739,-0.92788
2.9304,3.033,2.0736,0.97982,3.086,-2.7651,-1.3591,-0.9269
2.8514,3.0083,2.0418,0.97772,3.0605,-2.7559,-1.3428,-0.92468
2.7713,2.9824,2.0081,0.97462,3.0328,-2.7447,-1.3249,-0.92124
2.69,2.9551,1.9723,0.97052,3.0028,-2.7315,-1.3054,-0.91662
2.6078,2.9267,1.9347,0.96546,2.9707,-2.7162,-1.2845,-0.91081
2.5247,2.897,1.8951,0.95944,2.9364,-2.699,-1.262,-0.90386
2.4408,2.8662,1.8537,0.95249,2.8999,-2.6799,-1.2381,-0.89578
2.3561,2.8343,1.8104,0.94464,2.8614,-2.6588,-1.2127,-0.88658
2.2708,2.8013,1.7653,0.9359,2.8208,-2.6359,-1.1859,-0.87631
2.1849,2.7673,1.7185,0.92631,2.7783,-2.6111,-1.1577,-0.86498
2.0986,2.7323,1.67,0.91587,2.7338,-2.5845,-1.1282,-0.85263
2.0119,2.6963,1.6198,0.90463,2.6874,-2.5562,-1.0974,-0.83927
1.9249,2.6595,1.568,0.89259,2.6391,-2.5261,-1.0652,-0.82493
1.8377,2.6217,1.5147,0.8798,2.5891,-2.4944,-1.0319,-0.80965
1.7504,2.5832,1.4598,0.86627,2.5374,-2.461,-0.99727,-0.79346
1.663,2.5438,1.4035,0.85204,2.4839,-2.426,-0.96151,-0.77638
1.5757,2.5037,1.3458,0.83713,2.4289,-2.3895,-0.92462,-0.75845
1.4885,2.4629,1.2868,0.82157,2.3723,-2.3515,-0.88664,-0.73969
1.4016,2.4215,1.2265,0.80538,2.3142,-2.312,-0.84762,-0.72014
1.3149,2.3794,1.165,0.7886,2.2547,-2.2711,-0.80759,-0.69984
1.2287,2.3367,1.1023,0.77126,2.1938,-2.2288,-0.7666,-0.67881
1.1429,2.2935,1.0386,0.75338,2.1316,-2.1853,-0.7247,-0.65709
1.0576,2.2497,0.9738,0.73499,2.0682,-2.1405,-0.68193,-0.63471
0.97301,2.2055,0.90808,0.71613,2.0037,-2.0944,-0.63835,-0.6117
0.88908,2.1608,0.84148,0.69682,1.938,-2.0473,-0.59399,-0.5881
0.80594,2.1157,0.77407,0.67709,1.8713,-1.999,-0.54891,-0.56395
0.72364,2.0702,0.70591,0.65697,1.8037,-1.9497,-0.50316,-0.53927
0.64227,2.0244,0.63709,0.63649,1.7352,-1.8994,-0.45679,-0.51409
0.56189,1.9783,0.56766,0.61568,1.6659,-1.8482,-0.40985,-0.48847
0.48257,1.9319,0.49771,0.59458,1.5958,-1.7961,-0.36239,-0.46242
0.40439,1.8852,0.4273,0.5732,1.5251,-1.7432,-0.31446,-0.43597
0.32739,1.8383,0.35652,0.55158,1.4538,-1.6895,-0.26611,-0.40918
0.25166,1.7913,0.28543,0.52974,1.382,-1.6352,-0.2174,-0.38206
0.17724,1.7441,0.21411,0.50772,1.3098,-1.5801,-0.16838,-0.35464
0.1042,1.6967,0.14264,0.48555,1.2372,-1.5245,-0.1191,-0.32697
0.032589,1.6493,0.071094,0.46324,1.1643,-1.4684,-0.06962,-0.29907
-0.037533,1.6017,-0.00045814,0.44082,1.0912,-1.4117,-0.019983,-0.27098
-0.10612,1.5541,-0.071938,0.41833,1.018,-1.3547,0.029755,-0.24272
-0.17311,1.5065,-0.14327,0.39579,0.94466,-1.2972,0.079542,-0.21432
-0.23847,1.4589,-0.21438,0.37323,0.87135,-1.2395,0.12933,-0.18582
-0.30215,1.4112,-0.28519,0.35066,0.79812,-1.1815,0.17905,-0.15725
-0.36411,1.3637,-0.35564,0.32812,0.72504,-1.1233,0.22868,-0.12862
-0.4243,1.3161,-0.42563,0.30563,0.65218,-1.065,0.27814,-0.099978
-0.4827,1.2687,-0.49511,0.2832,0.57961,-1.0065,0.3274,-0.071341
-0.53926,1.2213,-0.56401,0.26087,0.50741,-0.94803,0.37639,-0.042738
-0.59396,1.174,-0.63224,0.23865,0.43562,-0.88955,0.42508,-0.014193
-0.64677,1.1269,-0.69973,0.21657,0.36434,-0.83114,0.47342,0.014269
-0.69765,1.0799,-0.76643,0.19464,0.29361,-0.77284,0.52135,0.042624
-0.74659,1.0331,-0.83226,0.17289,0.22351,-0.71471,0.56884,0.070848
-0.79356,0.98641,-0.89715,0.15133,0.1541,-0.65678,0.61582,0.09892
-0.83855,0.93992,-0.96104,0.12998,0.085447,-0.59911,0.66227,0.12682
-0.88153,0.89362,-1.0239,0.10885,0.017601,-0.54175,0.70813,0.15452
-0.9225,0.84753,-1.0856,0.087971,-0.049373,-0.48474,0.75336,0.18201
-0.96145,0.80166,-1.1461,0.067347,-0.11542,-0.42812,0.79792,0.20927
-0.99836,0.756,-1.2053,0.046994,-0.18048,-0.37194,0.84177,0.23628
-1.0332,0.71059,-1.2633,0.026926,-0.2445,-0.31625,0.88487,0.26303
-1.0661,0.66541,-1.3198,0.0071554,-0.30743,-0.26108,0.92717,0.28949
-1.0969,0.62048,-1.375,-0.012307,-0.36922,-0.20647,0.96866,0.31565
-1.1256,0.57581,-1.4287,-0.03145,-0.42982,-0.15246,1.0093,0.3415
-1.1523,0.5314,-1.4808,-0.050265,-0.48918,-0.099083,1.049,0.36703
-1.177,0.48726,-1.5314,-0.068743,-0.54726,-0.046384,1.0878,0.39222
-1.1997,0.4434,-1.5803,-0.086876,-0.60402,0.0056076,1.1256,0.41706
-1.2203,0.39981,-1.6276,-0.10466,-0.65941,0.056859,1.1624,0.44155
-1.239,0.3565,-1.6732,-0.12208,-0.7134,0.10734,1.1983,0.46566
-1.2557,0.31348,-1.717,-0.13914,-0.76595,0.15702,1.233,0.48941
-1.2705,0.27075,-1.7591,-0.15583,-0.81703,0.20586,1.2667,0.51276
-1.2833,0.22831,-1.7993,-0.17216,-0.86661,0.25385,1.2993,0.53573
-1.2942,0.18616,-1.8376,-0.18811,-0.91465,0.30096,1.3308,0.5583
-1.3032,0.14431,-1.8741,-0.20368,-0.96113,0.34716,1.3611,0.58046
-1.3103,0.10276,-1.9086,-0.21888,-1.006,0.39244,1.3902,0.60222
-1.3157,0.061512,-1.9412,-0.2337,-1.0493,0.43676,1.4182,0.62357
-1.3192,0.020562,-1.9718,-0.24815,-1.091,0.48011,1.445,0.64451
-1.321,-0.020087,-2.0005,-0.26222,-1.131,0.52248,1.4705,0.66503
-1.321,-0.060433,-2.0271,-0.27592,-1.1693,0.56384,1.4949,0.68513
-1.3193,-0.10048,-2.0517,-0.28925,-1.206,0.60418,1.5179,0.70482
-1.316,-0.14021,-2.0742,-0.30221,-1.241,0.6435,1.5398,0.72408
-1.3111,-0.17965,-2.0947,-0.31482,-1.2743,0.68177,1.5604,0.74293
-1.3047,-0.21878,-2.1131,-0.32706,-1.3059,0.71899,1.5797,0.76136
-1.2967,-0.2576,-2.1294,-0.33895,-1.3358,0.75514,1.5977,0.77938
-1.2872,-0.29612,-2.1437,-0.35049,-1.3639,0.79023,1.6145,0.79698
-1.2763,-0.33433,-2.1558,-0.36169,-1.3904,0.82424,1.6299,0.81417
-1.264,-0.37224,-2.1659,-0.37256,-1.4152,0.85717,1.6441,0.83096
-1.2503,-0.40983,-2.1739,-0.38309,-1.4382,0.88902,1.657,0.84734
-1.2354,-0.44713,-2.1799,-0.39331,-1.4596,0.91979,1.6687,0.86332
-1.2192,-0.48411,-2.1837,-0.40322,-1.4793,0.94947,1.679,0.8789
-1.2019,-0.52078,-2.1855,-0.41282,-1.4973,0.97807,1.6881,0.8941
-1.1834,-0.55714,-2.1853,-0.42212,-1.5137,1.0056,1.6959,0.90891
-1.1638,-0.5932,-2.183,-0.43113,-1.5284,1.032,1.7025,0.92334
-1.1432,-0.62893,-2.1787,-0.43987,-1.5415,1.0574,1.7078,0.93739
-1.1217,-0.66436,-2.1724,-0.44834,-1.553,1.0817,1.7119,0.95108
-1.0992,-0.69947,-2.1641,-0.45655,-1.5629,1.105,1.7147,0.9644
-1.0759,-0.73426,-2.1538,-0.4645,-1.5712,1.1272,1.7163,0.97736
-1.0517,-0.76873,-2.1417,-0.47221,-1.578,1.1483,1.7167,0.98998
-1.0269,-0.80288,-2.1276,-0.4797,-1.5833,1.1685,1.7159,1.0022
-1.0013,-0.8367,-2.1116,-0.48695,-1.5871,1.1876,1.714,1.0142
-0.97508,-0.87019,-2.0938,-0.494,-1.5895,1.2057,1.7108,1.0258
-0.94829,-0.90335,-2.0742,-0.50084,-1.5904,1.2228,1.7066,1.0371
-0.92099,-0.93618,-2.0528,-0.50749,-1.5899,1.239,1.7012,1.048
-0.89323,-0.96867,-2.0296,-0.51395,-1.5881,1.2542,1.6947,1.0587
-0.86506,-1.0008,-2.0047,-0.52023,-1.585,1.2684,1.6872,1.069
-0.83655,-1.0326,-1.9782,-0.52635,-1.5806,1.2817,1.6785,1.0791
-0.80774,-1.064,-1.95,-0.53231,-1.5749,1.2941,1.6689,1.0888
-0.7787,-1.0951,-1.9203,-0.53812,-1.5681,1.3057,1.6582,1.0983
-0.74947,-1.1258,-1.889,-0.54379,-1.5601,1.3164,1.6465,1.1075
-0.72013,-1.1562,-1.8562,-0.54932,-1.5509,1.3262,1.6339,1.1164
-0.69071,-1.1862,-1.8219,-0.55473,-1.5407,1.3352,1.6203,1.125
-0.66128,-1.2158,-1.7862,-0.56002,-1.5294,1.3434,1.6058,1.1334
-0.63189,-1.245,-1.7492,-0.5652,-1.5171,1.3508,1.5904,1.1415
-0.60259,-1.2738,-1.7109,-0.57027,-1.5039,1.3574,1.5742,1.1494
-0.57343,-1.3022,-1.6713,-0.57525,-1.4898,1.3633,1.5571,1.157
-0.54447,-1.3302,-1.6304,-0.58013,-1.4749,1.3685,1.5392,1.1643
-0.51576,-1.3577,-1.5885,-0.58493,-1.4591,1.373,1.5206,1.1715
-0.48733,-1.3849,-1.5454,-0.58964,-1.4425,1.3769,1.5012,1.1783
-0.45926,-1.4116,-1.5013,-0.59427,-1.4253,1.3801,1.481,1.185
-0.43157,-1.4379,-1.4561,-0.59884,-1.4073,1.3827,1.4602,1.1914
-0.40432,-1.4637,-1.41,-0.60333,-1.3888,1.3847,1.4387,1.1975
-0.37756,-1.4891,-1.3631,-0.60775,-1.3696,1.3861,1.4166,1.2035
-0.35132,-1.514,-1.3152,-0.61211,-1.35,1.387,1.3939,1.2092
-0.32566,-1.5384,-1.2667,-0.6164,-1.3298,1.3874,1.3706,1.2147
-0.3006,-1.5623,-1.2173,-0.62064,-1.3093,1.3873,1.3468,1.2199
-0.2762,-1.5858,-1.1673,-0.62481,-1.2883,1.3867,1.3224,1.2249
-0.25249,-1.6087,-1.1167,-0.62892,-1.267,1.3857,1.2976,1.2297
-0.22951,-1.6311,-1.0656,-0.63298,-1.2454,1.3843,1.2723,1.2343
-0.20729,-1.653,-1.0139,-0.63697,-1.2236,1.3825,1.2466,1.2386
-0.18587,-1.6744,-0.96176,-0.6409,-1.2016,1.3803,1.2205,1.2427
-0.16529,-1.6952,-0.90924,-0.64477,-1.1794,1.3778,1.194,1.2465
-0.14558,-1.7155,-0.85638,-0.64858,-1.1571,1.3749,1.1672,1.2502
-0.12676,-1.7352,-0.80323,-0.65231,-1.1348,1.3718,1.1401,1.2535
-0.10887,-1.7544,-0.74985,-0.65597,-1.1124,1.3684,1.1127,1.2567
-0.091928,-1.7729,-0.6963,-0.65956,-1.0901,1.3648,1.0851,1.2595
-0.075968,-1.7909,-0.64262,-0.66307,-1.0678,1.3609,1.0573,1.2622
-0.061011,-1.8083,-0.58886,-0.6665,-1.0456,1.3568,1.0292,1.2645
-0.047081,-1.8251,-0.53509,-0.66984,-1.0236,1.3526,1.001,1.2666
-0.034197,-1.8412,-0.48135,-0.67308,-1.0018,1.3482,0.97272,1.2685
-0.02238,-1.8567,-0.42768,-0.67623,-0.98023,1.3437,0.94429,1.27
-0.011648,-1.8716,-0.37415,-0.67927,-0.95891,1.3391,0.91578,1.2713
-0.0020172,-1.8859,-0.32079,-0.68219,-0.9379,1.3344,0.88722,1.2723
0.0064983,-1.8995,-0.26766,-0.685,-0.91723,1.3296,0.85862,1.273
0.013885,-1.9124,-0.21481,-0.68768,-0.89694,1.3248,0.83003,1.2735
0.020132,-1.9247,-0.16227,-0.69023,-0.87706,1.3199,0.80146,1.2736
0.02523,-1.9363,-0.1101,-0.69263,-0.85762,1.315,0.77294,1.2734
0.029169,-1.9472,-0.058328,-0.69489,-0.83865,1.3102,0.7445,1.2729
0.031944,-1.9575,-0.0070091,-0.69699,-0.82019,1.3053,0.71614,1.272
0.03355,-1.967,0.043819,-0.69892,-0.80227,1.3005,0.68791,1.2709
0.033984,-1.9759,0.094117,-0.70067,-0.7849,1.2958,0.65982,1.2694
0.033244,-1.984,0.14384,-0.70224,-0.76812,1.2911,0.63189,1.2675
0.031329,-1.9914,0.19297,-0.70362,-0.75195,1.2866,0.60415,1.2653
0.028243,-1.9981,0.24144,-0.70479,-0.73642,1.2821,0.57662,1.2628
0.023986,-2.0041,0.28924,-0.70576,-0.72155,1.2777,0.5493,1.2599
0.018566,-2.0094,0.33633,-0.7065,-0.70735,1.2735,0.52224,1.2566
0.011986,-2.0139,0.38267,-0.70701,-0.69386,1.2694,0.49544,1.2529
0.0042561,-2.0177,0.42824,-0.70728,-0.68108,1.2655,0.46892,1.2489
-0.0046155,-2.0208,0.473,-0.70731,-0.66904,1.2617,0.4427,1.2444
-0.014618,-2.0231,0.51693,-0.70707,-0.65774,1.2581,0.4168,1.2396
-0.025739,-2.0247,0.56,-0.70657,-0.64721,1.2547,0.39124,1.2344
-0.037965,-2.0256,0.60218,-0.70579,-0.63745,1.2514,0.36602,1.2287
-0.051281,-2.0257,0.64345,-0.70473,-0.62848,1.2484,0.34117,1.2227
-0.065671,-2.0251,0.6838,-0.70337,-0.6203,1.2456,0.3167,1.2162
-0.081116,-2.0237,0.72318,-0.70171,-0.61293,1.243,0.29263,1.2093
-0.097598,-2.0216,0.7616,-0.69974,-0.60637,1.2406,0.26896,1.202
-0.1151,-2.0187,0.79902,-0.69745,-0.60063,1.2384,0.24571,1.1942
-0.13359,-2.0151,0.83544,-0.69483,-0.59571,1.2364,0.22289,1.1861
-0.15305,-2.0108,0.87083,-0.69188,-0.59162,1.2347,0.20052,1.1774
-0.17347,-2.0057,0.90518,-0.68859,-0.58835,1.2332,0.1786,1.1684
-0.1948,-1.9999,0.93848,-0.68494,-0.5859,1.232,0.15715,1.1589
-0.21703,-1.9933,0.97072,-0.68094,-0.58428,1.231,0.13617,1.149
-0.24013,-1.9861,1.0019,-0.67658,-0.58348,1.2302,0.11567,1.1386
-0.26407,-1.9781,1.032,-0.67184,-0.5835,1.2297,0.095662,1.1277
-0.28883,-1.9694,1.061,-0.66674,-0.58433,1.2294,0.076155,1.1165
-0.31436,-1.96,1.0889,-0.66125,-0.58597,1.2294,0.057154,1.1048
-0.34064,-1.9498,1.1157,-0.65537,-0.58841,1.2295,0.038665,1.0926
-0.36764,-1.939,1.1414,-0.6491,-0.59164,1.23,0.020694,1.08
-0.39532,-1.9275,1.166,-0.64244,-0.59565,1.2306,0.0032475,1.0669
-0.42365,-1.9153,1.1895,-0.63538,-0.60043,1.2315,-0.013671,1.0535
-0.4526,-1.9024,1.2119,-0.62792,-0.60597,1.2326,-0.030057,1.0395
-0.48212,-1.8889,1.2332,-0.62005,-0.61225,1.2339,-0.045907,1.0252
-0.51219,-1.8747,1.2534,-0.61177,-0.61926,1.2354,-0.061218,1.0104
-0.54277,-1.8598,1.2725,-0.60309,-0.62699,1.2372,-0.075988,0.99522
-0.57382,-1.8443,1.2905,-0.59399,-0.63541,1.2391,-0.090214,0.9796
-0.6053,-1.8282,1.3074,-0.58448,-0.64452,1.2412,-0.1039,0.96358
-0.63718,-1.8114,1.3233,-0.57455,-0.65429,1.2436,-0.11703,0.94715
-0.66941,-1.7941,1.338,-0.56421,-0.6647,1.2461,-0.12963,0.93032
-0.70196,-1.7761,1.3517,-0.55345,-0.67574,1.2487,-0.14167,0.9131
-0.73478,-1.7575,1.3644,-0.54227,-0.68738,1.2516,-0.15318,0.8955
-0.76785,-1.7384,1.376,-0.53069,-0.6996,1.2546,-0.16414,0.87753
-0.80111,-1.7186,1.3866,-0.51869,-0.71239,1.2577,-0.17456,0.85919
-0.83453,-1.6984,1.3962,-0.50628,-0.72571,1.261,-0.18444,0.84049
-0.86807,-1.6775,1.4048,-0.49346,-0.73954,1.2644,-0.19378,0.82145
-0.90169,-1.6562,1.4124,-0.48023,-0.75386,1.2679,-0.2026,0.80207
-0.93535,-1.6343,1.419,-0.4666,-0.76865,1.2715,-0.21088,0.78237
-0.96901,-1.6119,1.4246,-0.45257,-0.78388,1.2752,-0.21865,0.76236
-1.0026,-1.589,1.4294,-0.43814,-0.79952,1.2789,-0.22589,0.74204
-1.0362,-1.5656,1.4331,-0.42332,-0.81554,1.2828,-0.23262,0.72144
-1.0696,-1.5418,1.436,-0.40811,-0.83193,1.2867,-0.23884,0.70055
-1.1028,-1.5175,1.438,-0.39252,-0.84865,1.2906,-0.24456,0.6794
-1.1359,-1.4927,1.4392,-0.37655,-0.86568,1.2946,-0.24979,0.65799
-1.1687,-1.4675,1.4395,-0.3602,-0.88299,1.2985,-0.25453,0.63635
-1.2012,-1.4419,1.4389,-0.34348,-0.90054,1.3025,-0.25879,0.61447
-1.2334,-1.4159,1.4375,-0.32641,-0.91832,1.3065,-0.26258,0.59239
-1.2653,-1.3895,1.4354,-0.30897,-0.9363,1.3104,-0.26591,0.5701
-1.2967,-1.3628,1.4325,-0.29119,-0.95444,1.3143,-0.26878,0.54762
-1.3278,-1.3356,1.4288,-0.27306,-0.97271,1.3181,-0.2712,0.52497
-1.3583,-1.3082,1.4244,-0.2546,-0.9911,1.3219,-0.27319,0.50216
-1.3884,-1.2803,1.4193,-0.2358,-1.0096,1.3256,-0.27476,0.47921
-1.4179,-1.2522,1.4135,-0.21669,-1.0281,1.3292,-0.27591,0.45612
-1.4469,-1.2238,1.4071,-0.19726,-1.0466,1.3327,-0.27666,0.43291
-1.4752,-1.195,1.4,-0.17752,-1.0652,1.336,-0.27701,0.4096
-1.5029,-1.166,1.3923,-0.15748,-1.0836,1.3392,-0.27698,0.3862
-1.53,-1.1367,1.384,-0.13715,-1.1021,1.3422,-0.27659,0.36272
-1.5563,-1.1072,1.3752,-0.11654,-1.1204,1.3451,-0.27583,0.33918
-1.5819,-1.0774,1.3657,-0.095656,-1.1387,1.3478,-0.27474,0.31558
-1.6068,-1.0475,1.3558,-0.074503,-1.1567,1.3503,-0.27331,0.29195
-1.6308,-1.0173,1.3453,-0.053093,-1.1746,1.3526,-0.27156,0.2683
-1.654,-0.98687,1.3344,-0.031432,-1.1923,1.3546,-0.26951,0.24463
-1.6764,-0.9563,1.323,-0.0095312,-1.2098,1.3564,-0.26717,0.22097
-1.6979,-0.92557,1.3112,0.012602,-1.227,1.358,-0.26455,0.19732
-1.7185,-0.89468,1.299,0.034959,-1.244,1.3592,-0.26167,0.17369
-1.7382,-0.86366,1.2863,0.05753,-1.2606,1.3602,-0.25854,0.15011
-1.7569,-0.83252,1.2733,0.080307,-1.2769,1.3609,-0.25518,0.12657
-1.7747,-0.80127,1.26,0.10328,-1.2929,1.3613,-0.25161,0.1031
-1.7915,-0.76992,1.2463,0.12644,-1.3084,1.3613,-0.24783,0.079698
-1.8072,-0.7385,1.2323,0.14978,-1.3236,1.3611,-0.24386,0.056379
-1.822,-0.70701,1.218,0.17329,-1.3383,1.3604,-0.23973,0.033155
-1.8356,-0.67546,1.2035,0.19696,-1.3526,1.3594,-0.23544,0.010034
-1.8483,-0.64389,1.1887,0.22078,-1.3665,1.3581,-0.23102,-0.012973
-1.8598,-0.61229,1.1737,0.24475,-1.3798,1.3563,-0.22647,-0.035858
-1.8702,-0.58068,1.1585,0.26885,-1.3926,1.3542,-0.22182,-0.05861
-1.8796,-0.54909,1.1431,0.29307,-1.4049,1.3516,-0.21708,-0.081222
-1.8878,-0.51751,1.1276,0.3174,-1.4166,1.3487,-0.21226,-0.10369
-1.8949,-0.48597,1.1119,0.34184,-1.4278,1.3453,-0.2074,-0.12599
-1.9008,-0.45449,1.0961,0.36638,-1.4384,1.3414,-0.20249,-0.14813
-1.9056,-0.42307,1.0802,0.39101,-1.4483,1.3372,-0.19756,-0.17011
-1.9092,-0.39174,1.0642,0.41571,-1.4577,1.3324,-0.19263,-0.1919
-1.9117,-0.3605,1.0481,0.44048,-1.4664,1.3272,-0.18771,-0.21351
-1.913,-0.32937,1.032,0.46531,-1.4745,1.3216,-0.18282,-0.23492
-1.9131,-0.29838,1.0158,0.49019,-1.4819,1.3155,-0.17798,-0.25615
-1.912,-0.26753,0.99965,0.5151,-1.4886,1.3089,-0.1732,-0.27717
-1.9098,-0.23683,0.98348,0.54005,-1.4946,1.3018,-0.1685,-0.29798
-1.9063,-0.20631,0.96732,0.56502,-1.4999,1.2942,-0.16389,-0.31858
-1.9017,-0.17598,0.9512,0.59,-1.5046,1.2861,-0.1594,-0.33897
-1.8959,-0.14586,0.93512,0.61498,-1.5085,1.2775,-0.15504,-0.35914
-1.889,-0.11596,0.91911,0.63996,-1.5116,1.2684,-0.15082,-0.37909
-1.8808,-0.086297,0.90318,0.66491,-1.5141,1.2589,-0.14677,-0.39881
-1.8715,-0.056887,0.88733,0.68984,-1.5157,1.2488,-0.14289,-0.41831
-1.861,-0.027747,0.8716,0.71472,-1.5167,1.2382,-0.1392,-0.43757
-1.8493,0.001107,0.85598,0.73956,-1.5168,1.2271,-0.13573,-0.4566
-1.8365,0.02966,0.8405,0.76434,-1.5162,1.2155,-0.13248,-0.4754
-1.8226,0.057894,0.82516,0.78904,-1.5149,1.2033,-0.12947,-0.49396
-1.8075,0.085795,0.80998,0.81367,-1.5127,1.1907,-0.12671,-0.51228
-1.7912,0.11335,0.79497,0.83821,-1.5098,1.1776,-0.12422,-0.53037
-1.7739,0.14053,0.78015,0.86264,-1.5062,1.164,-0.12201,-0.54821
-1.7555,0.16733,0.76552,0.88696,-1.5017,1.1499,-0.1201,-0.56582
-1.7359,0.19374,0.75109,0.91115,-1.4965,1.1352,-0.1185,-0.58319
-1.7153,0.21973,0.73688,0.93521,-1.4905,1.1201,-0.11722,-0.60032
-1.6936,0.24528,0.7229,0.95911,-1.4837,1.1046,-0.11628,-0.61721
-1.6708,0.2704,0.70915,0.98286,-1.4762,1.0885,-0.11568,-0.63386
-1.647,0.29505,0.69564,1.0064,-1.4679,1.072,-0.11545,-0.65027
-1.6222,0.31922,0.68239,1.0298,-1.4588,1.055,-0.11558,-0.66644
-1.5964,0.3429,0.66941,1.053,-1.449,1.0375,-0.1161,-0.68238
-1.5696,0.36607,0.65669,1.076,-1.4384,1.0197,-0.11701,-0.69808
-1.5418,0.38872,0.64426,1.0988,-1.4271,1.0014,-0.11832,-0.71355
-1.5131,0.41083,0.63211,1.1213,-1.4151,0.98262,-0.12004,-0.72879
-1.4834,0.43239,0.62026,1.1436,-1.4023,0.96348,-0.12218,-0.7438
-1.4528,0.45338,0.60871,1.1656,-1.3888,0.94393,-0.12475,-0.75857
-1.4213,0.47378,0.59747,1.1874,-1.3746,0.92399,-0.12776,-0.77312
-1.3889,0.4936,0.58655,1.2088,-1.3597,0.90369,-0.13121,-0.78744
-1.3556,0.5128,0.57595,1.23,-1.3441,0.88301,-0.13511,-0.80154
-1.3216,0.53138,0.56568,1.2508,-1.3278,0.862,-0.13947,-0.81542
-1.2867,0.54933,0.55573,1.2713,-1.3108,0.84064,-0.14429,-0.82908
-1.251,0.56663,0.54613,1.2915,-1.2932,0.81897,-0.14959,-0.84251
-1.2145,0.58328,0.53687,1.3113,-1.2749,0.797,-0.15535,-0.85573
-1.1772,0.59925,0.52796,1.3308,-1.2561,0.77473,-0.16159,-0.86874
-1.1393,0.61455,0.51941,1.3498,-1.2366,0.7522,-0.1683,-0.88153
-1.1006,0.62915,0.5112,1.3685,-1.2164,0.72941,-0.1755,-0.89412
-1.0612,0.64306,0.50336,1.3867,-1.1957,0.70638,-0.18319,-0.90649
-1.0212,0.65626,0.49588,1.4045,-1.1745,0.68313,-0.19136,-0.91865
-0.98052,0.66874,0.48877,1.4219,-1.1526,0.65968,-0.20001,-0.93061
-0.93922,0.6805,0.48203,1.4388,-1.1303,0.63604,-0.20915,-0.94237
-0.89732,0.69152,0.47566,1.4552,-1.1073,0.61223,-0.21878,-0.95392
-0.85484,0.70182,0.46966,1.4711,-1.0839,0.58827,-0.22889,-0.96528
-0.8118,0.71137,0.46405,1.4865,-1.06,0.56418,-0.23948,-0.97643
-0.76823,0.72017,0.45881,1.5014,-1.0356,0.53997,-0.25055,-0.98738
-0.72415,0.72822,0.45395,1.5158,-1.0107,0.51567,-0.2621,-0.99814
-0.67959,0.73553,0.44947,1.5296,-0.98543,0.49129,-0.27413,-1.0087
-0.63455,0.74207,0.44537,1.5429,-0.95969,0.46686,-0.28662,-1.0191
-0.58907,0.74786,0.44166,1.5556,-0.93354,0.44238,-0.29958,-1.0292
-0.54317,0.7529,0.43834,1.5677,-0.907,0.41789,-0.313,-1.0392
-0.49687,0.75718,0.43539,1.5791,-0.88008,0.39339,-0.32687,-1.049
-0.4502,0.76072,0.43283,1.59,-0.8528,0.3689,-0.34118,-1.0586
-0.40316,0.7635,0.43066,1.6002,-0.82517,0.34445,-0.35594,-1.068
-0.3558,0.76553,0.42887,1.6098,-0.79722,0.32005,-0.37113,-1.0772
-0.30812,0.76683,0.42747,1.6187,-0.76897,0.29572,-0.38674,-1.0862
-0.26014,0.76739,0.42644,1.627,-0.74042,0.27148,-0.40277,-1.095
-0.2119,0.76722,0.4258,1.6345,-0.7116,0.24734,-0.4192,-1.1036
-0.16342,0.76634,0.42555,1.6414,-0.68252,0.22332,-0.43603,-1.112
-0.1147,0.76474,0.42567,1.6475,-0.6532,0.19944,-0.45325,-1.1203
-0.065775,0.76244,0.42617,1.653,-0.62367,0.17571,-0.47084,-1.1283
-0.016665,0.75946,0.42704,1.6577,-0.59392,0.15215,-0.48879,-1.1361
0.03261,0.7558,0.42829,1.6616,-0.56399,0.12877,-0.5071,-1.1438
0.082031,0.75148,0.42991,1.6649,-0.53388,0.10559,-0.52575,-1.1512
0.13158,0.74651,0.4319,1.6673,-0.50362,0.082619,-0.54472,-1.1585
0.18123,0.74091,0.43425,1.669,-0.47321,0.059877,-0.56401,-1.1655
0.23096,0.73469,0.43697,1.6699,-0.44268,0.037374,-0.5836,-1.1723
0.28077,0.72788,0.44005,1.6701,-0.41204,0.015123,-0.60348,-1.179
0.33061,0.72049,0.44349,1.6694,-0.3813,-0.0068656,-0.62364,-1.1854
0.38049,0.71254,0.44728,1.668,-0.35049,-0.028579,-0.64405,-1.1916
0.43037,0.70406,0.45142,1.6657,-0.3196,-0.050008,-0.66471,-1.1976
0.48024,0.69506,0.4559,1.6627,-0.28866,-0.071142,-0.6856,-1.2034
0.53008,0.68556,0.46073,1.6588,-0.25768,-0.091972,-0.7067,-1.209
0.57987,0.67561,0.46589,1.6542,-0.22667,-0.11249,-0.72801,-1.2143
0.62959,0.6652,0.47138,1.6487,-0.19565,-0.13269,-0.7495,-1.2195
0.67922,0.65438,0.4772,1.6424,-0.16463,-0.15256,-0.77116,-1.2244
0.72875,0.64318,0.48334,1.6353,-0.13362,-0.1721,-0.79297,-1.2291
0.77815,0.63161,0.4898,1.6274,-0.10262,-0.19129,-0.81492,-1.2336
0.82741,0.6197,0.49656,1.6186,-0.071665,-0.21015,-0.83698,-1.2378
0.87651,0.60749,0.50363,1.6091,-0.040748,-0.22866,-0.85915,-1.2419
0.92543,0.59501,0.511,1.5988,-0.0098854,-0.24682,-0.88141,-1.2457
0.97415,0.58228,0.51866,1.5876,0.020914,-0.26462,-0.90374,-1.2492
1.0227,0.56934,0.5266,1.5757,0.051642,-0.28207,-0.92612,-1.2526
1.0709,0.55622,0.53482,1.5629,0.082287,-0.29917,-0.94854,-1.2557
1.1189,0.54296,0.5433,1.5494,0.11284,-0.31591,-0.97098,-1.2585
1.1667,0.52957,0.55205,1.5351,0.1433,-0.3323,-0.99342,-1.2611
1.2142,0.51611,0.56106,1.52,0.17365,-0.34834,-1.0158,-1.2635
1.2613,0.5026,0.5703,1.5042,0.20389,-0.36402,-1.0382,-1.2656
1.3081,0.48907,0.57979,1.4877,0.234,-0.37936,-1.0606,-1.2675
1.3546,0.47557,0.5895,1.4703,0.26399,-0.39436,-1.0828,-1.2692
1.4007,0.46212,0.59943,1.4523,0.29384,-0.40901,-1.105,-1.2706
1.4465,0.44876,0.60957,1.4336,0.32356,-0.42334,-1.1271,-1.2718
1.4918,0.43552,0.61992,1.4142,0.35313,-0.43734,-1.1491,-1.2727
1.5367,0.42245,0.63045,1.394,0.38254,-0.45101,-1.1709,-1.2733
1.5812,0.40957,0.64116,1.3733,0.4118,-0.46438,-1.1926,-1.2737
1.6253,0.39692,0.65203,1.3518,0.4409,-0.47744,-1.2141,-1.2739
1.6688,0.38454,0.66307,1.3298,0.46983,-0.4902,-1.2355,-1.2738
1.7119,0.37246,0.67425,1.3071,0.4986,-0.50267,-1.2566,-1.2735
1.7544,0.3607,0.68557,1.2839,0.52719,-0.51486,-1.2775,-1.2729
1.7965,0.34932,0.69701,1.2601,0.5556,-0.52679,-1.2982,-1.2721
1.8379,0.33834,0.70857,1.2358,0.58383,-0.53846,-1.3186,-1.271
1.8788,0.32779,0.72022,1.2109,0.61187,-0.54989,-1.3388,-1.2697
1.9192,0.3177,0.73196,1.1855,0.63972,-0.56107,-1.3586,-1.2681
1.9589,0.30811,0.74377,1.1597,0.66739,-0.57204,-1.3782,-1.2663
1.998,0.29905,0.75564,1.1334,0.69486,-0.58279,-1.3974,-1.2643
2.0364,0.29055,0.76756,1.1066,0.72213,-0.59335,-1.4164,-1.262
2.0742,0.28264,0.77952,1.0795,0.7492,-0.60372,-1.4349,-1.2594
2.1112,0.27535,0.79149,1.052,0.77606,-0.61392,-1.4531,-1.2567
2.1476,0.2687,0.80347,1.0242,0.80272,-0.62396,-1.471,-1.2537
2.1833,0.26272,0.81543,0.99605,0.82917,-0.63385,-1.4884,-1.2504
2.2182,0.25743,0.82738,0.96761,0.85541,-0.64361,-1.5054,-1.2469
2.2523,0.25287,0.83928,0.93891,0.88143,-0.65325,-1.5221,-1.2432
2.2857,0.24906,0.85113,0.90998,0.90724,-0.66279,-1.5382,-1.2393
2.3182,0.24601,0.86291,0.88086,0.93282,-0.67224,-1.554,-1.2352
2.3499,0.24374,0.8746,0.85156,0.95818,-0.6816,-1.5692,-1.2308
2.3808,0.24229,0.88619,0.82212,0.98331,-0.69091,-1.584,-1.2262
2.4107,0.24166,0.89766,0.79257,1.0082,-0.70016,-1.5983,-1.2214
2.4398,0.24188,0.909,0.76295,1.0329,-0.70937,-1.6121,-1.2164
2.468,0.24295,0.92019,0.73327,1.0573,-0.71856,-1.6254,-1.2111
2.4953,0.2449,0.93121,0.70358,1.0815,-0.72774,-1.6382,-1.2057
2.5216,0.24773,0.94205,0.6739,1.1054,-0.73692,-1.6504,-1.2001
2.5469,0.25146,0.95268,0.64426,1.1291,-0.74611,-1.662,-1.1942
2.5712,0.25609,0.9631,0.6147,1.1526,-0.75532,-1.6731,-1.1882
2.5945,0.26164,0.97328,0.58524,1.1757,-0.76457,-1.6836,-1.182
2.6168,0.26811,0.9832,0.55591,1.1987,-0.77387,-1.6936,-1.1756
2.638,0.2755,0.99286,0.52675,1.2213,-0.78323,-1.7029,-1.169
2.6581,0.28382,1.0022,0.49779,1.2437,-0.79265,-1.7117,-1.1623
2.6771,0.29307,1.0113,0.46904,1.2658,-0.80215,-1.7198,-1.1553
2.695,0.30324,1.02,0.44055,1.2876,-0.81173,-1.7272,-1.1482
2.7118,0.31435,1.0284,0.41234,1.3091,-0.82142,-1.7341,-1.1409
2.7274,0.32638,1.0364,0.38444,1.3303,-0.8312,-1.7403,-1.1335
2.7419,0.33932,1.0441,0.35687,1.3512,-0.84109,-1.7458,-1.1259
2.7551,0.35318,1.0514,0.32966,1.3717,-0.8511,-1.7507,-1.1181
2.7672,0.36795,1.0582,0.30284,1.392,-0.86123,-1.7549,-1.1102
2.778,0.3836,1.0646,0.27643,1.4119,-0.87149,-1.7584,-1.1021
2.7875,0.40014,1.0706,0.25046,1.4315,-0.88188,-1.7612,-1.0939
2.7958,0.41754,1.076,0.22495,1.4508,-0.8924,-1.7633,-1.0855
2.8028,0.4358,1.081,0.19993,1.4696,-0.90307,-1.7648,-1.077
2.8085,0.4549,1.0855,0.1754,1.4882,-0.91387,-1.7655,-1.0683
2.8129,0.47481,1.0895,0.15141,1.5063,-0.92482,-1.7654,-1.0596
2.8159,0.49552,1.0929,0.12796,1.5241,-0.93591,-1.7647,-1.0506
2.8176,0.51701,1.0958,0.10507,1.5414,-0.94714,-1.7632,-1.0416
2.818,0.53926,1.0981,0.082765,1.5584,-0.95851,-1.761,-1.0324
2.8169,0.56223,1.0998,0.061059,1.5749,-0.97003,-1.758,-1.0231
2.8145,0.58592,1.1009,0.039966,1.591,-0.98168,-1.7543,-1.0136
2.8107,0.61028,1.1014,0.019502,1.6066,-0.99347,-1.7498,-1.0041
2.8055,0.63529,1.1012,-0.00032032,1.6219,-1.0054,-1.7446,-0.99437
2.7988,0.66093,1.1003,-0.019489,1.6366,-1.0174,-1.7386,-0.98456
2.7907,0.68716,1.0988,-0.037993,1.6509,-1.0296,-1.7318,-0.97463
2.7812,0.71395,1.0966,-0.055823,1.6646,-1.0419,-1.7243,-0.96458
2.7703,0.74127,1.0937,-0.072971,1.6779,-1.0543,-1.7159,-0.95442
2.7579,0.76909,1.09,-0.089429,1.6906,-1.0668,-1.7068,-0.94414
2.744,0.79737,1.0856,-0.10519,1.7029,-1.0794,-1.697,-0.93375
2.7287,0.82607,1.0805,-0.12026,1.7146,-1.092,-1.6863,-0.92324
2.7119,0.85516,1.0746,-0.13461,1.7257,-1.1048,-1.6749,-0.91263
2.6936,0.88461,1.0679,-0.14827,1.7363,-1.1176,-1.6626,-0.9019
2.6739,0.91437,1.0604,-0.16122,1.7462,-1.1305,-1.6496,-0.89106
2.6527,0.9444,1.0521,-0.17346,1.7556,-1.1434,-1.6358,-0.88011
2.6301,0.97468,1.043,-0.185,1.7644,-1.1563,-1.6212,-0.86906
2.606,1.0052,1.033,-0.19584,1.7726,-1.1692,-1.6059,-0.8579
2.5804,1.0358,1.0222,-0.20598,1.7801,-1.1822,-1.5897,-0.84663
2.5533,1.0665,1.0106,-0.21543,1.787,-1.1951,-1.5728,-0.83525
2.5249,1.0974,0.99803,-0.2242,1.7933,-1.2081,-1.5551,-0.82377
2.4949,1.1282,0.98463,-0.23229,1.7989,-1.221,-1.5366,-0.81218
2.4636,1.1591,0.97034,-0.23972,1.8038,-1.2338,-1.5173,-0.80049
2.4308,1.1899,0.95516,-0.24648,1.808,-1.2466,-1.4973,-0.7887
2.3966,1.2207,0.93907,-0.2526,1.8115,-1.2592,-1.4765,-0.77681
2.361,1.2513,0.92207,-0.25809,1.8143,-1.2718,-1.4549,-0.76481
2.324,1.2817,0.90416,-0.26296,1.8164,-1.2843,-1.4326,-0.75271
2.2857,1.312,0.88532,-0.26722,1.8177,-1.2966,-1.4095,-0.74052
2.246,1.342,0.86556,-0.27089,1.8183,-1.3088,-1.3857,-0.72823
2.2049,1.3717,0.84486,-0.27399,1.8181,-1.3209,-1.3612,-0.71584
2.1626,1.4011,0.82323,-0.27653,1.8172,-1.3327,-1.3359,-0.70335
2.119,1.4301,0.80065,-0.27853,1.8156,-1.3444,-1.3099,-0.69078
2.074,1.4587,0.77714,-0.28001,1.8131,-1.3558,-1.2832,-0.67811
2.0279,1.4869,0.75268,-0.281,1.8099,-1.3671,-1.2558,-0.66535
1.9805,1.5146,0.72728,-0.2815,1.8059,-1.378,-1.2277,-0.65251
1.9319,1.5418,0.70094,-0.28154,1.801,-1.3888,-1.199,-0.63958
1.8821,1.5684,0.67365,-0.28115,1.7954,-1.3992,-1.1695,-0.62657
1.8312,1.5945,0.64543,-0.28034,1.789,-1.4094,-1.1394,-0.61348
1.7792,1.6199,0.61626,-0.27913,1.7818,-1.4192,-1.1087,-0.60031
1.7261,1.6447,0.58617,-0.27756,1.7738,-1.4287,-1.0773,-0.58707
1.672,1.6688,0.55514,-0.27564,1.7649,-1.4379,-1.0453,-0.57376
1.6169,1.6922,0.5232,-0.2734,1.7553,-1.4468,-1.0127,-0.56039
1.5607,1.7148,0.49033,-0.27087,1.7448,-1.4553,-0.97955,-0.54696
1.5037,1.7367,0.45655,-0.26806,1.7336,-1.4634,-0.9458,-0.53346
1.4457,1.7577,0.42188,-0.265,1.7215,-1.4711,-0.91149,-0.51992
1.3869,1.7779,0.38631,-0.26171,1.7086,-1.4784,-0.87665,-0.50632
1.3272,1.7973,0.34986,-0.25823,1.695,-1.4854,-0.84128,-0.49269
1.2668,1.8158,0.31253,-0.25457,1.6805,-1.4919,-0.80542,-0.47901
1.2056,1.8334,0.27435,-0.25077,1.6653,-1.4979,-0.76907,-0.4653
1.1438,1.85,0.23533,-0.24684,1.6492,-1.5035,-0.73225,-0.45157
1.0813,1.8658,0.19546,-0.24281,1.6324,-1.5087,-0.69499,-0.43781
1.0181,1.8805,0.15479,-0.2387,1.6148,-1.5134,-0.65731,-0.42404
0.95445,1.8943,0.11331,-0.23454,1.5965,-1.5176,-0.61923,-0.41026
0.89025,1.9071,0.071042,-0.23036,1.5774,-1.5214,-0.58077,-0.39647
0.82559,1.9188,0.02801,-0.22617,1.5576,-1.5246,-0.54194,-0.3827
0.76052,1.9296,-0.015771,-0.222,1.5371,-1.5274,-0.50279,-0.36893
0.69508,1.9393,-0.060282,-0.21787,1.5158,-1.5297,-0.46332,-0.35518
0.62932,1.9479,-0.1055,-0.2138,1.4939,-1.5315,-0.42356,-0.34146
0.5633,1.9555,-0.15141,-0.20982,1.4713,-1.5328,-0.38355,-0.32778
0.49707,1.962,-0.19798,-0.20595,1.448,-1.5336,-0.34329,-0.31413
0.43068,1.9675,-0.24519,-0.20221,1.424,-1.5338,-0.30282,-0.30054
0.36418,1.9719,-0.29302,-0.19861,1.3995,-1.5336,-0.26217,-0.28701
0.29762,1.9752,-0.34145,-0.19518,1.3743,-1.5329,-0.22135,-0.27354
0.23106,1.9774,-0.39044,-0.19193,1.3486,-1.5317,-0.1804,-0.26015
0.16456,1.9785,-0.43997,-0.18888,1.3222,-1.5299,-0.13934,-0.24684
0.098158,1.9786,-0.49001,-0.18606,1.2953,-1.5277,-0.098209,-0.23362
0.031921,1.9776,-0.54053,-0.18347,1.2679,-1.525,-0.057024,-0.22051
-0.034099,1.9755,-0.59151,-0.18112,1.24,-1.5217,-0.015816,-0.2075
-0.099848,1.9723,-0.64291,-0.17905,1.2117,-1.518,0.025387,-0.19462
-0.16527,1.9681,-0.69471,-0.17725,1.1828,-1.5138,0.066554,-0.18187
-0.23031,1.9629,-0.74686,-0.17574,1.1536,-1.5091,0.10766,-0.16925
-0.29492,1.9566,-0.79935,-0.17453,1.1239,-1.504,0.14867,-0.15678
-0.35903,1.9492,-0.85212,-0.17364,1.0939,-1.4984,0.18956,-0.14447
-0.4226,1.9409,-0.90516,-0.17307,1.0636,-1.4923,0.23029,-0.13232
-0.48556,1.9315,-0.95842,-0.17282,1.0329,-1.4858,0.27085,-0.12034
-0.54787,1.9212,-1.0119,-0.17292,1.0019,-1.4789,0.31119,-0.10855
-0.60947,1.9098,-1.0655,-0.17336,0.97068,-1.4715,0.35129,-0.096954
-0.67031,1.8975,-1.1192,-0.17415,0.93923,-1.4637,0.39111,-0.085558
-0.73033,1.8843,-1.173,-0.17529,0.90758,-1.4556,0.43064,-0.074372
-0.78947,1.8702,-1.2268,-0.17679,0.87577,-1.447,0.46983,-0.063404
-0.8477,1.8551,-1.2807,-0.17866,0.84383,-1.4381,0.50866,-0.052665
-0.90495,1.8392,-1.3345,-0.18088,0.81179,-1.4288,0.54709,-0.042162
-0.96117,1.8224,-1.3882,-0.18347,0.77968,-1.4191,0.5851,-0.031903
-1.0163,1.8048,-1.4418,-0.18642,0.74754,-1.4091,0.62266,-0.021897
-1.0703,1.7864,-1.4952,-0.18973,0.71539,-1.3988,0.65974,-0.012151
