0.5014,-0.50509,1.6653,-1.0215,0.69835,0.53153,-0.91916,0.35452
0.43118,-0.45365,1.613,-0.99286,0.66391,0.5213,-0.88552,0.34883
0.36068,-0.40159,1.5601,-0.96286,0.62945,0.51018,-0.85177,0.34244
0.28991,-0.34898,1.5065,-0.93159,0.59498,0.4982,-0.81789,0.33538
0.21891,-0.29588,1.4523,-0.89908,0.56049,0.48539,-0.78388,0.32765
0.1477,-0.24234,1.3974,-0.86537,0.52597,0.47178,-0.74975,0.31929
0.076309,-0.18844,1.3419,-0.83049,0.49143,0.45741,-0.71548,0.3103
0.0047586,-0.13423,1.2857,-0.79449,0.45685,0.4423,-0.68107,0.30071
-0.066919,-0.079778,1.2289,-0.7574,0.42223,0.42649,-0.64653,0.29055
-0.1387,-0.025148,1.1714,-0.71928,0.38757,0.41001,-0.61186,0.27983
-0.21054,0.029596,1.1134,-0.68015,0.35286,0.3929,-0.57704,0.26858
-0.28242,0.084389,1.0547,-0.64007,0.3181,0.37519,-0.54208,0.25683
-0.35431,0.13917,0.99536,-0.59909,0.28329,0.35691,-0.50698,0.24459
-0.42617,0.19386,0.93546,-0.55724,0.24842,0.33811,-0.47173,0.2319
-0.49796,0.24841,0.87497,-0.51458,0.21348,0.31882,-0.43634,0.21878
-0.56967,0.30274,0.81391,-0.47116,0.17849,0.29908,-0.40081,0.20525
-0.64123,0.35679,0.75228,-0.42703,0.14343,0.27893,-0.36513,0.19135
-0.71263,0.4105,0.6901,-0.38223,0.1083,0.25841,-0.32931,0.1771
-0.78383,0.46379,0.62738,-0.33682,0.073096,0.23755,-0.29334,0.16253
-0.85478,0.51661,0.56415,-0.29086,0.037827,0.2164,-0.25723,0.14768
-0.92545,0.56888,0.50042,-0.2444,0.0024876,0.195,-0.22098,0.13256
-0.99579,0.62055,0.4362,-0.19749,-0.032923,0.17339,-0.1846,0.11721
-1.0658,0.67154,0.37152,-0.15018,-0.068402,0.15161,-0.14807,0.10166
-1.1354,0.72179,0.3064,-0.10254,-0.10395,0.1297,-0.11141,0.085946
-1.2045,0.77124,0.24086,-0.054623,-0.13957,0.1077,-0.074627,0.070091
-1.2731,0.81982,0.17492,-0.0064827,-0.17524,0.085661,-0.037716,0.05413
-1.3412,0.86748,0.10861,0.041821,-0.21098,0.063612,-0.0006835,0.038095
-1.4088,0.91414,0.041959,0.09023,-0.24678,0.041601,0.036464,0.022018
-1.4757,0.95976,-0.025012,0.13869,-0.28263,0.019668,0.07372,0.0059315
-1.5419,1.0043,-0.092273,0.18713,-0.31853,-0.002145,0.11108,-0.010133
-1.6075,1.0476,-0.15979,0.2355,-0.35446,-0.023797,0.14853,-0.026141
-1.6723,1.0897,-0.22754,0.28373,-0.39044,-0.045248,0.18607,-0.042062
-1.7362,1.1305,-0.29549,0.33178,-0.42643,-0.066456,0.22369,-0.057861
-1.7994,1.17,-0.36359,0.37957,-0.46245,-0.087382,0.26138,-0.073507
-1.8616,1.2081,-0.43183,0.42706,-0.49848,-0.10798,0.29913,-0.088965
-1.9229,1.2447,-0.50015,0.47417,-0.53451,-0.12823,0.33693,-0.10421
-1.9832,1.2799,-0.56853,0.52084,-0.57052,-0.14807,0.37477,-0.11919
-2.0425,1.3135,-0.63693,0.56703,-0.60652,-0.16747,0.41263,-0.1339
-2.1006,1.3455,-0.7053,0.61267,-0.64248,-0.1864,0.4505,-0.14828
-2.1577,1.3759,-0.77361,0.65769,-0.67839,-0.20481,0.48838,-0.16232
-2.2135,1.4045,-0.84181,0.70205,-0.71424,-0.22268,0.52624,-0.17598
-2.2682,1.4315,-0.90987,0.74568,-0.75002,-0.23996,0.56406,-0.18923
-2.3215,1.4567,-0.97773,0.78853,-0.7857,-0.25662,0.60185,-0.20204
-2.3735,1.48,-1.0454,0.83054,-0.82128,-0.27263,0.63957,-0.21437
-2.4242,1.5016,-1.1127,0.87165,-0.85673,-0.28795,0.67721,-0.2262
-2.4734,1.5212,-1.1797,0.9118,-0.89204,-0.30256,0.71476,-0.23751
-2.5212,1.539,-1.2463,0.95095,-0.92719,-0.31642,0.75219,-0.24825
-2.5675,1.5548,-1.3125,0.98904,-0.96216,-0.32951,0.78948,-0.25841
-2.6122,1.5686,-1.3783,1.026,-0.99693,-0.34179,0.82662,-0.26795
-2.6553,1.5805,-1.4435,1.0618,-1.0315,-0.35324,0.86359,-0.27685
-2.6968,1.5903,-1.5081,1.0964,-1.0658,-0.36383,0.90036,-0.28509
-2.7366,1.5981,-1.5721,1.1297,-1.0998,-0.37354,0.93691,-0.29263
-2.7746,1.6038,-1.6354,1.1617,-1.1336,-0.38235,0.97323,-0.29946
-2.8109,1.6075,-1.698,1.1924,-1.167,-0.39023,1.0093,-0.30556
-2.8454,1.6091,-1.7598,1.2216,-1.2001,-0.39717,1.045,-0.31089
-2.8781,1.6086,-1.8207,1.2494,-1.2329,-0.40313,1.0805,-0.31545
-2.9088,1.606,-1.8808,1.2757,-1.2652,-0.40812,1.1156,-0.31921
-2.9376,1.6012,-1.9399,1.3005,-1.2972,-0.41211,1.1504,-0.32215
-2.9645,1.5944,-1.998,1.3237,-1.3287,-0.41508,1.1847,-0.32425
-2.9894,1.5855,-2.0551,1.3453,-1.3598,-0.41703,1.2187,-0.32551
-3.0122,1.5744,-2.1111,1.3652,-1.3903,-0.41794,1.2522,-0.3259
-3.033,1.5613,-2.1659,1.3834,-1.4204,-0.41781,1.2853,-0.32541
-3.0518,1.5461,-2.2195,1.4,-1.4499,-0.41662,1.3179,-0.32403
-3.0683,1.5287,-2.2718,1.4148,-1.4788,-0.41437,1.3499,-0.32175
-3.0828,1.5094,-2.3228,1.4278,-1.5071,-0.41105,1.3814,-0.31856
-3.0951,1.4879,-2.3724,1.4391,-1.5348,-0.40666,1.4123,-0.31445
-3.1052,1.4645,-2.4206,1.4485,-1.5619,-0.40121,1.4427,-0.30941
-3.1131,1.439,-2.4673,1.4561,-1.5882,-0.39468,1.4724,-0.30344
-3.1187,1.4116,-2.5125,1.4618,-1.6139,-0.38708,1.5014,-0.29654
-3.1221,1.3822,-2.5561,1.4656,-1.6388,-0.37843,1.5298,-0.2887
-3.1233,1.3508,-2.5981,1.4676,-1.6629,-0.36871,1.5574,-0.27992
-3.1222,1.3176,-2.6384,1.4676,-1.6862,-0.35794,1.5843,-0.2702
-3.1187,1.2825,-2.677,1.4657,-1.7087,-0.34613,1.6105,-0.25955
-3.113,1.2457,-2.7138,1.4619,-1.7304,-0.33329,1.6358,-0.24797
-3.105,1.207,-2.7489,1.4562,-1.7511,-0.31942,1.6603,-0.23547
-3.0946,1.1666,-2.782,1.4486,-1.771,-0.30456,1.684,-0.22204
-3.0819,1.1246,-2.8132,1.439,-1.7899,-0.2887,1.7068,-0.20771
-3.067,1.0809,-2.8425,1.4275,-1.8078,-0.27187,1.7286,-0.19248
-3.0496,1.0356,-2.8698,1.414,-1.8248,-0.25409,1.7496,-0.17636
-3.03,0.98881,-2.8951,1.3987,-1.8407,-0.23537,1.7696,-0.15936
-3.0081,0.94054,-2.9184,1.3814,-1.8556,-0.21575,1.7886,-0.14151
-2.9838,0.89087,-2.9395,1.3623,-1.8694,-0.19524,1.8066,-0.12281
-2.9573,0.83986,-2.9585,1.3413,-1.8821,-0.17388,1.8235,-0.10329
-2.9284,0.78756,-2.9753,1.3184,-1.8937,-0.15168,1.8394,-0.082964
-2.8973,0.73404,-2.99,1.2936,-1.9041,-0.12867,1.8543,-0.061855
-2.8639,0.67938,-3.0024,1.2671,-1.9134,-0.1049,1.868,-0.039986
-2.8283,0.62365,-3.0126,1.2387,-1.9215,-0.080382,1.8805,-0.01738
-2.7904,0.56691,-3.0206,1.2086,-1.9284,-0.055158,1.892,0.0059353
-2.7504,0.50924,-3.0262,1.1767,-1.9341,-0.029261,1.9022,0.029933
-2.7081,0.45072,-3.0296,1.1432,-1.9385,-0.0027282,1.9113,0.054585
-2.6637,0.39142,-3.0306,1.108,-1.9416,0.024404,1.9192,0.07986
-2.6172,0.33143,-3.0292,1.0711,-1.9435,0.052096,1.9258,0.10573
-2.5686,0.27083,-3.0255,1.0327,-1.9441,0.080307,1.9312,0.13215
-2.5179,0.2097,-3.0195,0.99266,-1.9433,0.109,1.9353,0.1591
-2.4651,0.14812,-3.0111,0.95116,-1.9412,0.13812,1.9381,0.18653
-2.4103,0.08618,-3.0003,0.9082,-1.9378,0.16764,1.9396,0.21442
-2.3536,0.023969,-2.9871,0.86384,-1.933,0.19751,1.9398,0.24271
-2.2949,-0.038427,-2.9715,0.81813,-1.9269,0.22767,1.9387,0.27138
-2.2344,-0.10092,-2.9535,0.77111,-1.9193,0.25809,1.9363,0.30037
-2.172,-0.16342,-2.9332,0.72286,-1.9104,0.28872,1.9325,0.32965
-2.1077,-0.22583,-2.9104,0.67342,-1.9001,0.3195,1.9273,0.35918
-2.0417,-0.28807,-2.8853,0.62285,-1.8883,0.3504,1.9207,0.3889
-1.9739,-0.35005,-2.8579,0.57123,-1.8752,0.38135,1.9128,0.41878
-1.9045,-0.41167,-2.8281,0.51861,-1.8606,0.4123,1.9035,0.44876
-1.8334,-0.47283,-2.7959,0.46506,-1.8446,0.44322,1.8928,0.47879
-1.7608,-0.53345,-2.7615,0.41065,-1.8272,0.47403,1.8806,0.50884
-1.6865,-0.59344,-2.7247,0.35545,-1.8084,0.50469,1.8671,0.53884
-1.6108,-0.65271,-2.6856,0.29953,-1.7881,0.53515,1.8522,0.56875
-1.5337,-0.71115,-2.6443,0.24296,-1.7664,0.56536,1.8358,0.59852
-1.4551,-0.76869,-2.6008,0.18583,-1.7432,0.59525,1.818,0.62809
-1.3752,-0.82522,-2.5551,0.1282,-1.7187,0.62478,1.7988,0.65741
-1.2941,-0.88066,-2.5072,0.070159,-1.6927,0.65388,1.7781,0.68643
-1.2117,-0.93493,-2.4571,0.011781,-1.6653,0.68251,1.7561,0.7151
-1.1281,-0.98792,-2.405,-0.046854,-1.6365,0.71061,1.7326,0.74335
-1.0433,-1.0396,-2.3507,-0.10566,-1.6062,0.73813,1.7077,0.77114
-0.95754,-1.0898,-2.2944,-0.16456,-1.5746,0.76501,1.6813,0.79841
-0.87073,-1.1384,-2.2362,-0.22347,-1.5416,0.79119,1.6536,0.8251
-0.78296,-1.1855,-2.1759,-0.28231,-1.5071,0.81663,1.6244,0.85117
-0.69428,-1.2309,-2.1138,-0.34098,-1.4714,0.84126,1.5939,0.87654
-0.60475,-1.2745,-2.0497,-0.39941,-1.4342,0.86504,1.5619,0.90118
-0.51442,-1.3162,-1.9839,-0.45751,-1.3957,0.88792,1.5286,0.92502
-0.42337,-1.3561,-1.9162,-0.5152,-1.3559,0.90983,1.4939,0.948
-0.33163,-1.3939,-1.8469,-0.57238,-1.3147,0.93073,1.4578,0.97008
-0.23927,-1.4297,-1.7758,-0.62897,-1.2723,0.95057,1.4203,0.99119
-0.14634,-1.4633,-1.7031,-0.68489,-1.2285,0.96929,1.3816,1.0113
-0.052908,-1.4947,-1.6288,-0.74005,-1.1835,0.98685,1.3414,1.0303
0.040979,-1.5239,-1.553,-0.79437,-1.1373,1.0032,1.3,1.0482
0.13526,-1.5507,-1.4757,-0.84775,-1.0897,1.0183,1.2572,1.065
0.22989,-1.5751,-1.397,-0.90012,-1.041,1.0321,1.2132,1.0805
0.32479,-1.5971,-1.3169,-0.95139,-0.9911,1.0445,1.1678,1.0947
0.41993,-1.6166,-1.2355,-1.0015,-0.94,1.0556,1.1212,1.1076
0.51524,-1.6336,-1.1529,-1.0503,-0.88776,1.0652,1.0734,1.1191
0.61066,-1.6479,-1.069,-1.0978,-0.83438,1.0733,1.0243,1.1292
0.70615,-1.6596,-0.98401,-1.1438,-0.7799,1.0799,0.97405,1.1379
0.80165,-1.6687,-0.89794,-1.1884,-0.72435,1.085,0.92259,1.145
0.8971,-1.675,-0.81084,-1.2313,-0.66773,1.0884,0.86996,1.1506
0.99245,-1.6786,-0.72279,-1.2727,-0.6101,1.0903,0.81619,1.1545
1.0877,-1.6794,-0.63384,-1.3122,-0.55146,1.0905,0.76129,1.1568
1.1826,-1.6774,-0.54404,-1.35,-0.49184,1.089,0.70529,1.1575
1.2774,-1.6726,-0.45346,-1.3859,-0.43129,1.0857,0.64821,1.1564
1.3718,-1.665,-0.36217,-1.4199,-0.36981,1.0808,0.59009,1.1536
1.4659,-1.6545,-0.27021,-1.4519,-0.30746,1.074,0.53093,1.149
1.5596,-1.6412,-0.17766,-1.4818,-0.24424,1.0655,0.47077,1.1426
1.6528,-1.625,-0.084573,-1.5095,-0.18021,1.0551,0.40964,1.1344
1.7454,-1.6059,0.0089908,-1.5351,-0.11538,1.0429,0.34756,1.1243
1.8376,-1.5839,0.10297,-1.5584,-0.049799,1.0289,0.28456,1.1122
1.9291,-1.5591,0.1973,-1.5794,0.016511,1.013,0.22068,1.0983
2.02,-1.5314,0.29193,-1.5981,0.083513,0.99523,0.15593,1.0825
2.1102,-1.5009,0.38679,-1.6144,0.15117,0.97556,0.090353,1.0647
2.1996,-1.4675,0.48182,-1.6282,0.21945,0.95401,0.023978,1.0449
2.2883,-1.4314,0.57696,-1.6396,0.28832,0.93056,-0.043164,1.0231
2.3761,-1.3924,0.67216,-1.6484,0.35774,0.90521,-0.11104,0.99938
2.463,-1.3508,0.76736,-1.6547,0.42767,0.87796,-0.17962,0.97364
2.549,-1.3064,0.86249,-1.6583,0.49808,0.84881,-0.24886,0.9459
2.6341,-1.2593,0.9575,-1.6594,0.56892,0.81778,-0.31873,0.91616
2.7181,-1.2095,1.0523,-1.6578,0.64017,0.78486,-0.3892,0.88443
2.8011,-1.1572,1.1469,-1.6535,0.71178,0.75008,-0.46023,0.85069
2.883,-1.1023,1.2412,-1.6465,0.7837,0.71343,-0.53179,0.81497
2.9638,-1.0449,1.3352,-1.6369,0.85592,0.67495,-0.60383,0.77726
3.0434,-0.98506,1.4287,-1.6245,0.92837,0.63464,-0.67632,0.73759
3.1218,-0.92282,1.5218,-1.6094,1.001,0.59253,-0.74922,0.69596
3.199,-0.85825,1.6144,-1.5916,1.0738,0.54864,-0.82249,0.6524
3.2749,-0.7914,1.7065,-1.571,1.1468,0.50299,-0.89609,0.60693
3.3494,-0.72236,1.7979,-1.5477,1.2198,0.45562,-0.96998,0.55956
3.4226,-0.65119,1.8886,-1.5217,1.2928,0.40656,-1.0441,0.51033
3.4945,-0.57795,1.9786,-1.493,1.3659,0.35584,-1.1185,0.45927
3.5649,-0.50273,2.0679,-1.4616,1.4389,0.3035,-1.193,0.4064
3.6338,-0.42561,2.1563,-1.4275,1.5118,0.24957,-1.2676,0.35177
3.7013,-0.34666,2.2439,-1.3908,1.5845,0.19409,-1.3423,0.2954
3.7672,-0.26598,2.3306,-1.3514,1.6571,0.13711,-1.4171,0.23734
3.8316,-0.18364,2.4163,-1.3094,1.7295,0.078677,-1.4918,0.17763
3.8944,-0.099733,2.501,-1.2648,1.8015,0.018833,-1.5665,0.11633
3.9556,-0.014354,2.5846,-1.2177,1.8733,-0.042372,-1.6411,0.053462
4.0152,0.072408,2.6671,-1.1682,1.9448,-0.10489,-1.7155,-0.010908
4.073,0.16046,2.7485,-1.1161,2.0158,-0.16865,-1.7898,-0.076729
4.1292,0.2497,2.8288,-1.0616,2.0864,-0.23362,-1.8638,-0.14395
4.1837,0.34003,2.9078,-1.0048,2.1565,-0.29973,-1.9375,-0.21251
4.2364,0.43136,2.9855,-0.94568,2.226,-0.36692,-2.0109,-0.28234
4.2874,0.52358,3.0619,-0.88429,2.295,-0.43514,-2.084,-0.3534
4.3366,0.61659,3.137,-0.8207,2.3634,-0.50431,-2.1566,-0.42561
4.3839,0.71029,3.2107,-0.75498,2.4311,-0.57438,-2.2287,-0.49892
4.4294,0.80457,3.283,-0.68718,2.4981,-0.64528,-2.3004,-0.57324
4.473,0.89933,3.3538,-0.61738,2.5643,-0.71694,-2.3714,-0.64851
4.5148,0.99447,3.4232,-0.54565,2.6297,-0.7893,-2.4418,-0.72467
4.5546,1.0899,3.491,-0.47206,2.6943,-0.86228,-2.5116,-0.80163
4.5925,1.1854,3.5572,-0.39668,2.7581,-0.93582,-2.5807,-0.87933
4.6285,1.281,3.6219,-0.3196,2.8209,-1.0098,-2.649,-0.95768
4.6625,1.3766,3.6849,-0.24088,2.8827,-1.0843,-2.7165,-1.0366
4.6946,1.472,3.7463,-0.16063,2.9435,-1.159,-2.7832,-1.1161
4.7246,1.5672,3.806,-0.078907,3.0033,-1.2341,-2.849,-1.1959
4.7527,1.6619,3.864,0.0041856,3.062,-1.3093,-2.9138,-1.2761
4.7787,1.7562,3.9202,0.088563,3.1195,-1.3846,-2.9776,-1.3566
4.8027,1.8499,3.9747,0.17414,3.1759,-1.46,-3.0404,-1.4372
4.8246,1.943,4.0274,0.26081,3.2311,-1.5353,-3.1021,-1.518
4.8445,2.0352,4.0782,0.34849,3.285,-1.6105,-3.1627,-1.5987
4.8624,2.1266,4.1272,0.43709,3.3377,-1.6855,-3.2221,-1.6794
4.8781,2.2169,4.1744,0.52651,3.389,-1.7603,-3.2802,-1.76
4.8918,2.3062,4.2196,0.61664,3.4389,-1.8347,-3.3372,-1.8403
4.9034,2.3943,4.263,0.7074,3.4875,-1.9087,-3.3928,-1.9202
4.9129,2.4811,4.3044,0.79867,3.5346,-1.9822,-3.447,-1.9998
4.9202,2.5666,4.3439,0.89037,3.5803,-2.0551,-3.4999,-2.0789
4.9255,2.6506,4.3814,0.98239,3.6245,-2.1274,-3.5513,-2.1574
4.9287,2.733,4.4169,1.0746,3.6671,-2.199,-3.6013,-2.2353
4.9297,2.8138,4.4504,1.167,3.7082,-2.2698,-3.6497,-2.3124
4.9287,2.8928,4.4819,1.2593,3.7478,-2.3397,-3.6966,-2.3887
4.9255,2.97,4.5113,1.3516,3.7856,-2.4086,-3.7419,-2.4641
4.9202,3.0454,4.5387,1.4437,3.8219,-2.4766,-3.7856,-2.5385
4.9128,3.1188,4.5641,1.5355,3.8565,-2.5435,-3.8276,-2.6119
4.9033,3.1901,4.5873,1.6269,3.8894,-2.6092,-3.8679,-2.6841
4.8916,3.2593,4.6085,1.7178,3.9205,-2.6738,-3.9065,-2.7551
4.8779,3.3263,4.6276,1.8082,3.95,-2.737,-3.9433,-2.8248
4.8621,3.3911,4.6447,1.8978,3.9776,-2.799,-3.9783,-2.8931
4.8441,3.4536,4.6596,1.9866,4.0035,-2.8595,-4.0115,-2.96
4.8241,3.5136,4.6723,2.0746,4.0276,-2.9185,-4.0429,-3.0254
4.802,3.5713,4.683,2.1615,4.0499,-2.9761,-4.0724,-3.0892
4.7779,3.6264,4.6916,2.2474,4.0703,-3.032,-4.0999,-3.1514
4.7517,3.6791,4.698,2.3321,4.0889,-3.0864,-4.1256,-3.2118
4.7234,3.7291,4.7023,2.4155,4.1056,-3.139,-4.1492,-3.2705
4.6931,3.7765,4.7044,2.4976,4.1204,-3.1899,-4.1709,-3.3273
4.6608,3.8212,4.7045,2.5782,4.1334,-3.239,-4.1906,-3.3823
4.6265,3.8633,4.7024,2.6573,4.1444,-3.2863,-4.2083,-3.4352
4.5902,3.9025,4.6981,2.7348,4.1536,-3.3317,-4.224,-3.4862
4.5519,3.939,4.6918,2.8105,4.1608,-3.3752,-4.2376,-3.5351
4.5117,3.9728,4.6833,2.8845,4.1661,-3.4168,-4.2491,-3.5819
4.4695,4.0036,4.6727,2.9566,4.1695,-3.4563,-4.2586,-3.6266
4.4254,4.0317,4.66,3.0268,4.171,-3.4938,-4.2659,-3.669
4.3794,4.0569,4.6451,3.0949,4.1706,-3.5293,-4.2712,-3.7092
4.3315,4.0792,4.6282,3.161,4.1682,-3.5627,-4.2744,-3.7471
4.2817,4.0986,4.6092,3.2249,4.164,-3.5939,-4.2755,-3.7827
4.2302,4.1152,4.5881,3.2866,4.1578,-3.623,-4.2744,-3.8159
4.1768,4.1289,4.5649,3.346,4.1497,-3.65,-4.2713,-3.8467
4.1216,4.1397,4.5397,3.4031,4.1397,-3.6747,-4.266,-3.8752
4.0647,4.1476,4.5124,3.4578,4.1278,-3.6973,-4.2586,-3.9011
4.006,4.1526,4.4831,3.51,4.114,-3.7176,-4.2491,-3.9247
3.9457,4.1547,4.4517,3.5597,4.0984,-3.7358,-4.2375,-3.9457
3.8837,4.1541,4.4184,3.6068,4.0809,-3.7516,-4.2238,-3.9642
3.82,4.1506,4.383,3.6514,4.0616,-3.7653,-4.208,-3.9803
3.7547,4.1442,4.3457,3.6933,4.0404,-3.7767,-4.1901,-3.9938
3.6878,4.1351,4.3064,3.7326,4.0175,-3.7858,-4.1701,-4.0047
3.6194,4.1232,4.2652,3.7691,3.9927,-3.7928,-4.1481,-4.0132
3.5495,4.1086,4.2221,3.8029,3.9662,-3.7974,-4.124,-4.0191
3.4781,4.0913,4.1771,3.8339,3.9379,-3.7999,-4.0979,-4.0224
3.4052,4.0714,4.1302,3.8622,3.9079,-3.8001,-4.0698,-4.0233
3.3309,4.0488,4.0814,3.8876,3.8762,-3.7981,-4.0396,-4.0216
3.2553,4.0236,4.0308,3.9101,3.8428,-3.7939,-4.0076,-4.0174
3.1783,3.9959,3.9784,3.9299,3.8077,-3.7876,-3.9735,-4.0106
3.1,3.9657,3.9243,3.9467,3.7711,-3.779,-3.9375,-4.0015
3.0204,3.933,3.8683,3.9607,3.7328,-3.7684,-3.8997,-3.9898
2.9396,3.8979,3.8107,3.9718,3.693,-3.7556,-3.8599,-3.9757
2.8576,3.8605,3.7514,3.98,3.6516,-3.7407,-3.8183,-3.9592
2.7745,3.8208,3.6904,3.9854,3.6087,-3.7238,-3.7749,-3.9403
2.6903,3.7788,3.6277,3.9879,3.5644,-3.7048,-3.7297,-3.919
2.605,3.7346,3.5635,3.9875,3.5186,-3.6839,-3.6828,-3.8954
2.5187,3.6883,3.4976,3.9842,3.4714,-3.6609,-3.6341,-3.8694
2.4314,3.64,3.4303,3.9782,3.4229,-3.6361,-3.5838,-3.8413
2.3432,3.5896,3.3614,3.9693,3.373,-3.6093,-3.5318,-3.8109
2.2541,3.5373,3.2911,3.9576,3.3218,-3.5807,-3.4782,-3.7783
2.1641,3.4831,3.2193,3.9431,3.2693,-3.5503,-3.4231,-3.7436
2.0734,3.4271,3.1461,3.9259,3.2157,-3.5181,-3.3664,-3.7068
1.9818,3.3694,3.0715,3.906,3.1608,-3.4842,-3.3082,-3.6679
1.8895,3.3099,2.9957,3.8834,3.1049,-3.4486,-3.2486,-3.6271
1.7966,3.2489,2.9185,3.8581,3.0478,-3.4114,-3.1875,-3.5843
1.703,3.1863,2.8401,3.8302,2.9896,-3.3725,-3.1252,-3.5396
1.6089,3.1222,2.7604,3.7997,2.9305,-3.3322,-3.0615,-3.493
1.5142,3.0567,2.6796,3.7667,2.8703,-3.2903,-2.9965,-3.4447
1.419,2.9898,2.5977,3.7312,2.8093,-3.247,-2.9303,-3.3947
1.3233,2.9217,2.5147,3.6933,2.7473,-3.2024,-2.863,-3.343
1.2273,2.8524,2.4306,3.653,2.6845,-3.1564,-2.7945,-3.2897
1.1308,2.7819,2.3456,3.6104,2.6208,-3.1091,-2.7249,-3.2348
1.0341,2.7104,2.2595,3.5654,2.5564,-3.0606,-2.6543,-3.1785
0.93704,2.6378,2.1726,3.5183,2.4913,-3.0109,-2.5827,-3.1207
0.83978,2.5644,2.0848,3.4689,2.4255,-2.9601,-2.5102,-3.0616
0.74233,2.49,1.9962,3.4175,2.359,-2.9082,-2.4368,-3.0012
0.64473,2.4149,1.9068,3.364,2.2919,-2.8553,-2.3626,-2.9396
0.54703,2.339,1.8166,3.3085,2.2243,-2.8015,-2.2876,-2.8768
0.44927,2.2625,1.7258,3.2511,2.1562,-2.7467,-2.2119,-2.8129
0.35148,2.1854,1.6343,3.1919,2.0876,-2.6911,-2.1355,-2.748
0.25373,2.1077,1.5422,3.1308,2.0185,-2.6348,-2.0585,-2.6821
0.15603,2.0295,1.4496,3.068,1.9491,-2.5776,-1.9809,-2.6153
0.058445,1.951,1.3565,3.0036,1.8793,-2.5198,-1.9028,-2.5477
-0.038999,1.8721,1.263,2.9376,1.8091,-2.4614,-1.8242,-2.4793
-0.13626,1.7928,1.169,2.8701,1.7387,-2.4024,-1.7452,-2.4102
-0.2333,1.7134,1.0747,2.8012,1.6681,-2.3428,-1.6658,-2.3405
-0.33007,1.6337,0.98009,2.7309,1.5973,-2.2828,-1.5861,-2.2702
-0.42655,1.554,0.88522,2.6593,1.5263,-2.2224,-1.5061,-2.1994
-0.52269,1.4741,0.79014,2.5865,1.4551,-2.1615,-1.4259,-2.1282
-0.61846,1.3942,0.69491,2.5125,1.3839,-2.1004,-1.3455,-2.0566
-0.71383,1.3144,0.59957,2.4375,1.3126,-2.0389,-1.265,-1.9846
-0.80876,1.2346,0.50417,2.3614,1.2413,-1.9773,-1.1844,-1.9125
-0.90321,1.1549,0.40875,2.2845,1.17,-1.9154,-1.1038,-1.8401
-0.99716,1.0754,0.31338,2.2067,1.0987,-1.8534,-1.0232,-1.7676
-1.0906,0.99609,0.21809,2.1281,1.0275,-1.7913,-0.94268,-1.695
-1.1834,0.91702,0.12293,2.0488,0.95645,-1.7291,-0.86225,-1.6224
-1.2757,0.83822,0.02796,1.9689,0.88549,-1.6669,-0.78198,-1.5498
-1.3673,0.75974,-0.066784,1.8885,0.81468,-1.6047,-0.7019,-1.4773
-1.4583,0.68161,-0.16125,1.8076,0.74405,-1.5426,-0.62206,-1.4049
-1.5486,0.60385,-0.25539,1.7262,0.67364,-1.4805,-0.5425,-1.3327
-1.6382,0.5265,-0.34916,1.6445,0.60346,-1.4186,-0.46326,-1.2608
-1.727,0.44959,-0.44251,1.5626,0.53353,-1.3568,-0.38439,-1.1891
-1.8152,0.37314,-0.5354,1.4805,0.46389,-1.2952,-0.30591,-1.1178
-1.9025,0.29718,-0.62778,1.3982,0.39454,-1.2338,-0.22786,-1.0469
-1.9891,0.22172,-0.7196,1.3159,0.32552,-1.1726,-0.1503,-0.97637
-2.0748,0.14679,-0.81083,1.2335,0.25683,-1.1117,-0.073235,-0.9063
-2.1597,0.072396,-0.90141,1.1513,0.1885,-1.051,0.0032819,-0.83674
-2.2438,-0.0014352,-0.99131,1.0692,0.12054,-0.9907,0.079223,-0.7677
-2.327,-0.074695,-1.0805,0.98724,0.052967,-0.93067,0.15456,-0.69924
-2.4093,-0.14737,-1.1689,0.90557,-0.014205,-0.87098,0.22925,-0.63137
-2.4907,-0.21945,-1.2565,0.82421,-0.080963,-0.81164,0.30328,-0.56414
-2.5713,-0.29094,-1.3432,0.74323,-0.1473,-0.75266,0.37661,-0.49757
-2.6509,-0.36182,-1.4291,0.66268,-0.2132,-0.69405,0.44922,-0.43168
-2.7295,-0.43208,-1.514,0.58262,-0.27866,-0.63583,0.52109,-0.36651
-2.8073,-0.50174,-1.5979,0.50309,-0.34367,-0.57799,0.59218,-0.30207
-2.884,-0.57078,-1.6809,0.42415,-0.40822,-0.52056,0.66247,-0.23839
-2.9598,-0.6392,-1.7628,0.34585,-0.47231,-0.46352,0.73195,-0.17548
-3.0347,-0.70702,-1.8436,0.26823,-0.53594,-0.40688,0.8006,-0.11336
-3.1086,-0.77423,-1.9234,0.19134,-0.59909,-0.35064,0.86839,-0.052051
-3.1815,-0.84084,-2.002,0.11523,-0.66178,-0.29481,0.9353,0.0084408
-3.2534,-0.90685,-2.0794,0.039928,-0.724,-0.23937,1.0013,0.068103
-3.3243,-0.97227,-2.1556,-0.034516,-0.78575,-0.18433,1.0665,0.12693
-3.3943,-1.0371,-2.2306,-0.10807,-0.84702,-0.12967,1.1307,0.1849
-3.4632,-1.1014,-2.3043,-0.18069,-0.90784,-0.075399,1.1939,0.24203
-3.5312,-1.1651,-2.3768,-0.25235,-0.96819,-0.021494,1.2563,0.29829
-3.5981,-1.2283,-2.4479,-0.32302,-1.0281,0.032049,1.3177,0.35371
-3.664,-1.2909,-2.5177,-0.39266,-1.0875,0.085243,1.3781,0.40826
-3.729,-1.353,-2.5861,-0.46126,-1.1465,0.1381,1.4375,0.46195
-3.7929,-1.4146,-2.6531,-0.52878,-1.205,0.19063,1.496,0.5148
-3.8559,-1.4757,-2.7188,-0.59519,-1.2632,0.24286,1.5535,0.56679
-3.9178,-1.5363,-2.783,-0.66049,-1.3208,0.29479,1.61,0.61793
-3.9787,-1.5964,-2.8457,-0.72465,-1.3781,0.34645,1.6656,0.66825
-4.0387,-1.6561,-2.907,-0.78765,-1.4349,0.39786,1.7201,0.71773
-4.0976,-1.7154,-2.9668,-0.84947,-1.4914,0.44902,1.7736,0.76639
-4.1556,-1.7742,-3.0251,-0.91011,-1.5475,0.49996,1.8262,0.81424
-4.2125,-1.8326,-3.0819,-0.96955,-1.6031,0.5507,1.8778,0.8613
-4.2684,-1.8907,-3.1371,-1.0278,-1.6584,0.60126,1.9283,0.90758
-4.3234,-1.9483,-3.1909,-1.0848,-1.7134,0.65166,1.9779,0.95308
-4.3773,-2.0056,-3.243,-1.1406,-1.768,0.70192,2.0265,0.99783
-4.4303,-2.0625,-3.2936,-1.1951,-1.8222,0.75206,2.0741,1.0418
-4.4822,-2.1191,-3.3427,-1.2484,-1.8762,0.80211,2.1208,1.0851
-4.5332,-2.1753,-3.3901,-1.3005,-1.9298,0.85207,2.1664,1.1277
-4.5832,-2.2313,-3.436,-1.3514,-1.9831,0.90198,2.2111,1.1696
-4.6321,-2.2869,-3.4803,-1.401,-2.0361,0.95186,2.2549,1.2108
-4.6801,-2.3422,-3.523,-1.4493,-2.0888,1.0017,2.2976,1.2514
-4.7271,-2.3972,-3.564,-1.4965,-2.1412,1.0516,2.3394,1.2913
-4.7731,-2.452,-3.6035,-1.5424,-2.1934,1.1015,2.3803,1.3306
-4.818,-2.5065,-3.6414,-1.5871,-2.2453,1.1514,2.4202,1.3693
-4.862,-2.5607,-3.6776,-1.6306,-2.2969,1.2014,2.4592,1.4074
-4.905,-2.6147,-3.7123,-1.6729,-2.3483,1.2515,2.4973,1.445
-4.9469,-2.6684,-3.7453,-1.714,-2.3994,1.3016,2.5345,1.482
-4.9879,-2.7218,-3.7767,-1.7539,-2.4503,1.3519,2.5707,1.5184
-5.0278,-2.7751,-3.8066,-1.7926,-2.501,1.4023,2.606,1.5544
-5.0667,-2.828,-3.8348,-1.8302,-2.5514,1.4528,2.6405,1.5899
-5.1045,-2.8807,-3.8614,-1.8666,-2.6017,1.5035,2.674,1.6249
-5.1413,-2.9331,-3.8864,-1.9019,-2.6517,1.5544,2.7067,1.6594
-5.1771,-2.9853,-3.9099,-1.9361,-2.7014,1.6054,2.7384,1.6935
-5.2118,-3.0372,-3.9317,-1.9692,-2.751,1.6566,2.7693,1.7272
-5.2455,-3.0889,-3.9519,-2.0011,-2.8003,1.7081,2.7994,1.7604
-5.2781,-3.1403,-3.9706,-2.032,-2.8494,1.7597,2.8285,1.7932
-5.3095,-3.1913,-3.9877,-2.0618,-2.8983,1.8115,2.8569,1.8257
-5.3399,-3.2421,-4.0033,-2.0906,-2.947,1.8635,2.8843,1.8578
-5.3692,-3.2926,-4.0173,-2.1184,-2.9954,1.9157,2.9109,1.8894
-5.3974,-3.3427,-4.0297,-2.1451,-3.0436,1.9681,2.9367,1.9208
-5.4244,-3.3925,-4.0406,-2.1709,-3.0915,2.0207,2.9616,1.9518
-5.4503,-3.442,-4.0499,-2.1956,-3.1392,2.0735,2.9857,1.9824
-5.475,-3.4911,-4.0578,-2.2194,-3.1866,2.1265,3.009,2.0127
-5.4986,-3.5398,-4.0641,-2.2422,-3.2337,2.1797,3.0314,2.0427
-5.5209,-3.5881,-4.0689,-2.2641,-3.2805,2.2331,3.0529,2.0723
-5.542,-3.6359,-4.0722,-2.2851,-3.327,2.2867,3.0737,2.1016
-5.5619,-3.6833,-4.074,-2.3052,-3.3732,2.3404,3.0936,2.1306
-5.5806,-3.7302,-4.0744,-2.3244,-3.4191,2.3942,3.1127,2.1592
-5.598,-3.7766,-4.0732,-2.3427,-3.4646,2.4482,3.1309,2.1876
-5.6141,-3.8225,-4.0706,-2.3602,-3.5097,2.5023,3.1483,2.2156
-5.6289,-3.8678,-4.0666,-2.3768,-3.5544,2.5565,3.1649,2.2432
-5.6423,-3.9125,-4.0611,-2.3925,-3.5988,2.6107,3.1806,2.2706
-5.6545,-3.9566,-4.0542,-2.4075,-3.6426,2.665,3.1955,2.2976
-5.6652,-4.0001,-4.0458,-2.4216,-3.686,2.7193,3.2095,2.3242
-5.6746,-4.0428,-4.0361,-2.435,-3.7289,2.7737,3.2226,2.3505
-5.6825,-4.0849,-4.0249,-2.4476,-3.7713,2.8279,3.2349,2.3764
-5.689,-4.1262,-4.0124,-2.4594,-3.8132,2.8822,3.2464,2.402
-5.6941,-4.1667,-3.9984,-2.4704,-3.8545,2.9363,3.2569,2.4271
-5.6976,-4.2064,-3.9831,-2.4807,-3.8952,2.9903,3.2666,2.4519
-5.6997,-4.2452,-3.9664,-2.4903,-3.9352,3.0442,3.2754,2.4762
-5.7002,-4.2832,-3.9484,-2.4991,-3.9746,3.0979,3.2833,2.5002
-5.6992,-4.3202,-3.929,-2.5072,-4.0133,3.1513,3.2903,2.5236
-5.6966,-4.3562,-3.9083,-2.5146,-4.0513,3.2045,3.2964,2.5466
-5.6924,-4.3912,-3.8863,-2.5212,-4.0885,3.2574,3.3016,2.5691
-5.6866,-4.4252,-3.863,-2.5272,-4.125,3.3099,3.3058,2.5912
-5.6791,-4.4581,-3.8383,-2.5325,-4.1606,3.362,3.3091,2.6127
-5.67,-4.4898,-3.8124,-2.5371,-4.1953,3.4138,3.3114,2.6336
-5.6591,-4.5204,-3.7851,-2.541,-4.2292,3.465,3.3128,2.654
-5.6466,-4.5498,-3.7566,-2.5442,-4.2621,3.5157,3.3132,2.6739
-5.6323,-4.5779,-3.7269,-2.5468,-4.294,3.5659,3.3126,2.6931
-5.6162,-4.6047,-3.6958,-2.5487,-4.3249,3.6155,3.3111,2.7117
-5.5983,-4.6302,-3.6636,-2.5499,-4.3548,3.6644,3.3085,2.7296
-5.5786,-4.6543,-3.63,-2.5504,-4.3836,3.7126,3.3049,2.7468
-5.5571,-4.677,-3.5953,-2.5503,-4.4113,3.7601,3.3003,2.7634
-5.5337,-4.6982,-3.5594,-2.5495,-4.4378,3.8067,3.2946,2.7792
-5.5084,-4.718,-3.5222,-2.548,-4.4631,3.8525,3.2879,2.7943
-5.4812,-4.7361,-3.4839,-2.5459,-4.4871,3.8975,3.2802,2.8085
-5.4521,-4.7528,-3.4443,-2.5431,-4.5099,3.9414,3.2714,2.822
-5.4211,-4.7677,-3.4036,-2.5396,-4.5314,3.9844,3.2615,2.8347
-5.3881,-4.7811,-3.3617,-2.5355,-4.5515,4.0263,3.2505,2.8465
-5.3531,-4.7927,-3.3187,-2.5306,-4.5703,4.0672,3.2384,2.8574
-5.3161,-4.8026,-3.2745,-2.5251,-4.5876,4.1069,3.2252,2.8674
-5.2771,-4.8107,-3.2292,-2.519,-4.6034,4.1454,3.2108,2.8764
-5.2361,-4.8171,-3.1828,-2.5121,-4.6177,4.1826,3.1954,2.8845
-5.193,-4.8215,-3.1353,-2.5046,-4.6305,4.2186,3.1788,2.8916
-5.1479,-4.8241,-3.0866,-2.4964,-4.6417,4.2532,3.161,2.8977
-5.1007,-4.8248,-3.0369,-2.4874,-4.6514,4.2864,3.1421,2.9027
-5.0514,-4.8235,-2.9861,-2.4778,-4.6593,4.3182,3.1221,2.9067
-5,-4.8203,-2.9343,-2.4675,-4.6656,4.3484,3.1008,2.9096
-4.9465,-4.815,-2.8814,-2.4564,-4.6702,4.3772,3.0784,2.9114
-4.8909,-4.8077,-2.8274,-2.4447,-4.673,4.4044,3.0548,2.912
-4.8331,-4.7984,-2.7725,-2.4322,-4.6741,4.4299,3.03,2.9115
-4.7733,-4.7869,-2.7165,-2.419,-4.6734,4.4538,3.004,2.9098
-4.7113,-4.7733,-2.6596,-2.405,-4.6708,4.4759,2.9769,2.9069
-4.6472,-4.7576,-2.6016,-2.3904,-4.6664,4.4963,2.9485,2.9028
-4.5809,-4.7398,-2.5427,-2.3749,-4.6601,4.5149,2.9189,2.8975
-4.5126,-4.7197,-2.4828,-2.3588,-4.6519,4.5317,2.8881,2.8908
-4.4421,-4.6974,-2.422,-2.3418,-4.6417,4.5466,2.8561,2.883
-4.3694,-4.6729,-2.3603,-2.3241,-4.6296,4.5595,2.8229,2.8738
-4.2946,-4.6462,-2.2977,-2.3057,-4.6155,4.5705,2.7884,2.8633
-4.2178,-4.6172,-2.2342,-2.2864,-4.5994,4.5796,2.7528,2.8515
-4.1388,-4.5859,-2.1698,-2.2664,-4.5813,4.5866,2.716,2.8383
-4.0577,-4.5523,-2.1045,-2.2456,-4.5612,4.5915,2.6779,2.8238
-3.9745,-4.5165,-2.0385,-2.224,-4.539,4.5944,2.6387,2.808
-3.8893,-4.4784,-1.9716,-2.2016,-4.5147,4.5951,2.5982,2.7907
-3.802,-4.4379,-1.9039,-2.1784,-4.4884,4.5937,2.5566,2.7721
-3.7126,-4.3952,-1.8354,-2.1544,-4.4599,4.5902,2.5138,2.7522
-3.6212,-4.3501,-1.7662,-2.1296,-4.4294,4.5844,2.4698,2.7308
-3.5279,-4.3028,-1.6962,-2.104,-4.3967,4.5765,2.4247,2.708
-3.4325,-4.2531,-1.6255,-2.0776,-4.362,4.5663,2.3784,2.6839
-3.3352,-4.2011,-1.5542,-2.0503,-4.3251,4.5538,2.3309,2.6583
-3.236,-4.1469,-1.4821,-2.0222,-4.2861,4.5391,2.2823,2.6314
-3.1348,-4.0903,-1.4094,-1.9933,-4.245,4.5221,2.2326,2.6031
-3.0318,-4.0315,-1.3361,-1.9636,-4.2018,4.5029,2.1818,2.5733
-2.927,-3.9704,-1.2621,-1.9331,-4.1564,4.4813,2.1299,2.5422
-2.8203,-3.907,-1.1876,-1.9017,-4.109,4.4574,2.0769,2.5097
-2.7119,-3.8415,-1.1125,-1.8695,-4.0594,4.4312,2.0229,2.4758
-2.6018,-3.7737,-1.0369,-1.8365,-4.0077,4.4027,1.9678,2.4406
-2.49,-3.7037,-0.96081,-1.8026,-3.954,4.3718,1.9117,2.404
-2.3765,-3.6315,-0.88423,-1.768,-3.8981,4.3387,1.8545,2.3661
-2.2615,-3.5573,-0.80719,-1.7325,-3.8402,4.3032,1.7964,2.3268
-2.1448,-3.4809,-0.72973,-1.6962,-3.7803,4.2654,1.7374,2.2862
-2.0267,-3.4024,-0.65188,-1.6591,-3.7183,4.2253,1.6774,2.2443
-1.9071,-3.3218,-0.57366,-1.6212,-3.6543,4.1829,1.6165,2.2012
-1.7861,-3.2393,-0.4951,-1.5825,-3.5883,4.1382,1.5547,2.1568
-1.6638,-3.1547,-0.41624,-1.543,-3.5204,4.0912,1.492,2.1111
-1.5402,-3.0682,-0.33711,-1.5027,-3.4505,4.042,1.4286,2.0642
-1.4153,-2.9798,-0.25773,-1.4617,-3.3787,3.9905,1.3643,2.0162
-1.2893,-2.8896,-0.17814,-1.4199,-3.305,3.9369,1.2992,1.967
-1.1621,-2.7975,-0.098367,-1.3773,-3.2294,3.881,1.2334,1.9166
-1.0339,-2.7037,-0.018449,-1.334,-3.152,3.8229,1.1669,1.8651
-0.90471,-2.6081,0.061583,-1.29,-3.0729,3.7627,1.0996,1.8126
-0.77459,-2.5109,0.14169,-1.2453,-2.9919,3.7004,1.0318,1.7589
-0.64362,-2.412,0.22185,-1.1998,-2.9093,3.6359,0.96331,1.7043
-0.51187,-2.3116,0.30202,-1.1537,-2.825,3.5695,0.89425,1.6487
-0.37941,-2.2097,0.38216,-1.1069,-2.739,3.501,0.82466,1.5921
-0.24631,-2.1063,0.46224,-1.0595,-2.6514,3.4305,0.75455,1.5346
-0.11264,-2.0015,0.54222,-1.0114,-2.5623,3.358,0.68398,1.4763
0.021509,-1.8954,0.62207,-0.9627,-2.4717,3.2837,0.61298,1.4171
0.15607,-1.788,0.70175,-0.91342,-2.3796,3.2074,0.54158,1.3571
0.29097,-1.6794,0.78121,-0.86357,-2.2862,3.1294,0.46984,1.2963
0.42611,-1.5696,0.86043,-0.81318,-2.1913,3.0496,0.39778,1.2348
0.56143,-1.4588,0.93935,-0.76226,-2.0952,2.968,0.32546,1.1727
0.69684,-1.347,1.018,-0.71083,-1.9978,2.8848,0.25291,1.1099
0.83226,-1.2342,1.0962,-0.65893,-1.8991,2.8,0.18018,1.0466
0.9676,-1.1205,1.174,-0.60659,-1.7994,2.7135,0.10731,0.98264
1.1028,-1.006,1.2514,-0.55382,-1.6986,2.6256,0.03434,0.91824
1.2377,-0.89084,1.3283,-0.50066,-1.5967,2.5361,-0.038675,0.85339
1.3723,-0.77498,1.4047,-0.44713,-1.4939,2.4453,-0.11169,0.78815
1.5065,-0.65852,1.4804,-0.39327,-1.3901,2.3531,-0.18467,0.72255
1.6402,-0.54155,1.5556,-0.3391,-1.2855,2.2596,-0.25756,0.65665
1.7732,-0.42413,1.6302,-0.28467,-1.1802,2.1649,-0.33031,0.5905
1.9056,-0.30635,1.704,-0.22999,-1.0741,2.0691,-0.40288,0.52415
2.0373,-0.18827,1.7771,-0.17511,-0.96737,1.9721,-0.47522,0.45765
2.1681,-0.069971,1.8494,-0.12005,-0.86006,1.874,-0.54727,0.39106
2.2979,0.048469,1.9209,-0.064857,-0.75223,1.775,-0.619,0.32441
2.4267,0.16698,1.9915,-0.0095606,-0.64395,1.6751,-0.69036,0.25777
2.5544,0.28548,2.0612,0.045803,-0.53529,1.5744,-0.76128,0.19119
2.6808,0.40389,2.13,0.1012,-0.42632,1.4729,-0.83174,0.12472
2.806,0.52215,2.1977,0.15658,-0.31711,1.3706,-0.90166,0.058404
2.9298,0.64017,2.2645,0.21193,-0.20773,1.2678,-0.97102,-0.0076926
3.0521,0.75789,2.3301,0.26719,-0.098249,1.1643,-1.0398,-0.073522
3.1729,0.87522,2.3946,0.32232,0.011256,1.0604,-1.1078,-0.13903
3.2921,0.99209,2.4579,0.3773,0.12072,0.95604,-1.1751,-0.20417
3.4095,1.1084,2.5201,0.43208,0.23006,0.85134,-1.2417,-0.26888
3.5251,1.2242,2.581,0.48662,0.33922,0.74635,-1.3075,-0.33312
3.6389,1.3392,2.6405,0.54089,0.44811,0.64115,-1.3723,-0.39683
3.7507,1.4535,2.6988,0.59483,0.55666,0.53581,-1.4363,-0.45997
3.8604,1.567,2.7556,0.64841,0.66481,0.43041,-1.4993,-0.52247
3.968,1.6796,2.8111,0.7016,0.77248,0.32501,-1.5612,-0.58429
4.0735,1.7912,2.865,0.75435,0.8796,0.21969,-1.6222,-0.64539
4.1767,1.9019,2.9175,0.80662,0.98609,0.11451,-1.682,-0.7057
4.2775,2.0114,2.9684,0.85837,1.0919,0.0095615,-1.7406,-0.76519
4.376,2.1197,3.0177,0.90956,1.1969,-0.0951,-1.798,-0.8238
4.472,2.2269,3.0654,0.96015,1.3011,-0.1994,-1.8542,-0.8815
4.5654,2.3327,3.1114,1.0101,1.4044,-0.30327,-1.9091,-0.93822
4.6563,2.4372,3.1558,1.0594,1.5067,-0.40663,-1.9627,-0.99394
4.7445,2.5403,3.1983,1.1079,1.6079,-0.50943,-2.0149,-1.0486
4.83,2.6419,3.2392,1.1557,1.7081,-0.61159,-2.0656,-1.1022
4.9127,2.742,3.2781,1.2027,1.807,-0.71304,-2.1149,-1.1546
4.9926,2.8405,3.3153,1.2489,1.9047,-0.81372,-2.1627,-1.2058
5.0696,2.9373,3.3505,1.2942,2.0011,-0.91356,-2.2089,-1.2558
5.1437,3.0325,3.3839,1.3386,2.096,-1.0125,-2.2535,-1.3046
5.2149,3.126,3.4152,1.382,2.1896,-1.1105,-2.2966,-1.352
5.283,3.2176,3.4446,1.4245,2.2816,-1.2074,-2.3379,-1.3981
5.3481,3.3074,3.472,1.466,2.3721,-1.3033,-2.3776,-1.4429
5.4101,3.3954,3.4974,1.5064,2.4609,-1.398,-2.4155,-1.4862
5.469,3.4814,3.5206,1.5457,2.548,-1.4915,-2.4516,-1.5281
5.5247,3.5654,3.5418,1.5839,2.6334,-1.5837,-2.486,-1.5686
5.5773,3.6475,3.5609,1.621,2.717,-1.6746,-2.5185,-1.6075
5.6267,3.7275,3.5778,1.6569,2.7987,-1.7641,-2.5492,-1.645
5.6729,3.8054,3.5925,1.6916,2.8786,-1.8522,-2.578,-1.6809
5.7158,3.8812,3.605,1.725,2.9564,-1.9388,-2.6049,-1.7152
5.7556,3.9548,3.6153,1.7572,3.0323,-2.0239,-2.6298,-1.7479
5.792,4.0263,3.6234,1.7881,3.1061,-2.1073,-2.6528,-1.779
5.8252,4.0956,3.6293,1.8176,3.1777,-2.1892,-2.6738,-1.8085
5.8551,4.1626,3.6328,1.8459,3.2473,-2.2694,-2.6928,-1.8363
5.8818,4.2274,3.6341,1.8727,3.3146,-2.3479,-2.7098,-1.8624
5.9052,4.2899,3.6331,1.8982,3.3798,-2.4246,-2.7247,-1.8869
5.9253,4.3502,3.6298,1.9223,3.4427,-2.4995,-2.7376,-1.9096
5.9422,4.4081,3.6242,1.9449,3.5032,-2.5725,-2.7484,-1.9307
5.9559,4.4637,3.6163,1.9661,3.5615,-2.6437,-2.7572,-1.95
5.9664,4.5169,3.606,1.9858,3.6173,-2.713,-2.7638,-1.9676
5.9736,4.5678,3.5934,2.0041,3.6708,-2.7804,-2.7684,-1.9835
5.9777,4.6163,3.5785,2.0208,3.7219,-2.8458,-2.7709,-1.9976
5.9786,4.6625,3.5613,2.036,3.7705,-2.9091,-2.7712,-2.01
5.9764,4.7063,3.5417,2.0497,3.8167,-2.9705,-2.7695,-2.0207
5.9711,4.7477,3.5198,2.0619,3.8604,-3.0298,-2.7656,-2.0296
5.9628,4.7867,3.4956,2.0725,3.9016,-3.087,-2.7597,-2.0367
5.9514,4.8233,3.469,2.0815,3.9403,-3.1422,-2.7516,-2.0421
5.9371,4.8576,3.4402,2.089,3.9764,-3.1952,-2.7414,-2.0458
5.9198,4.8894,3.4091,2.0949,4.01,-3.2461,-2.7292,-2.0478
5.8997,4.9189,3.3757,2.0992,4.0411,-3.2948,-2.7148,-2.048
5.8766,4.9461,3.34,2.102,4.0696,-3.3414,-2.6984,-2.0466
5.8508,4.9708,3.3021,2.1032,4.0956,-3.3859,-2.6799,-2.0434
5.8223,4.9933,3.262,2.1028,4.119,-3.4281,-2.6594,-2.0385
5.7911,5.0134,3.2197,2.1008,4.1399,-3.4682,-2.6368,-2.032
5.7572,5.0311,3.1752,2.0972,4.1582,-3.5061,-2.6123,-2.0238
5.7208,5.0466,3.1285,2.0921,4.174,-3.5418,-2.5857,-2.014
5.6819,5.0598,3.0797,2.0853,4.1873,-3.5753,-2.5572,-2.0026
5.6406,5.0707,3.0288,2.0771,4.1981,-3.6066,-2.5267,-1.9895
5.5968,5.0793,2.9759,2.0672,4.2063,-3.6357,-2.4943,-1.9749
5.5508,5.0857,2.9209,2.0558,4.2121,-3.6627,-2.4601,-1.9587
5.5025,5.0899,2.8639,2.0429,4.2154,-3.6875,-2.4239,-1.941
5.4521,5.0919,2.8049,2.0284,4.2162,-3.7101,-2.3859,-1.9217
5.3996,5.0917,2.744,2.0124,4.2146,-3.7305,-2.3461,-1.901
5.3451,5.0894,2.6813,1.9949,4.2107,-3.7488,-2.3046,-1.8788
5.2886,5.085,2.6167,1.976,4.2043,-3.765,-2.2613,-1.8552
5.2302,5.0785,2.5503,1.9555,4.1956,-3.779,-2.2163,-1.8302
5.1701,5.0699,2.4821,1.9336,4.1846,-3.7909,-2.1697,-1.8038
5.1082,5.0593,2.4122,1.9103,4.1714,-3.8008,-2.1215,-1.776
5.0448,5.0467,2.3407,1.8855,4.1558,-3.8086,-2.0717,-1.747
4.9797,5.0321,2.2676,1.8593,4.1381,-3.8143,-2.0203,-1.7166
4.9132,5.0155,2.1929,1.8318,4.1182,-3.8181,-1.9675,-1.685
4.8453,4.9971,2.1167,1.8029,4.0962,-3.8198,-1.9132,-1.6522
4.7761,4.9768,2.039,1.7727,4.0721,-3.8196,-1.8575,-1.6182
4.7057,4.9546,1.9599,1.7411,4.046,-3.8174,-1.8005,-1.5831
4.6341,4.9307,1.8795,1.7083,4.0178,-3.8133,-1.7422,-1.5468
4.5615,4.9049,1.7979,1.6743,3.9877,-3.8073,-1.6826,-1.5095
4.4879,4.8774,1.715,1.639,3.9558,-3.7994,-1.6218,-1.4711
4.4134,4.8482,1.6309,1.6025,3.9219,-3.7897,-1.5599,-1.4317
4.338,4.8173,1.5457,1.5648,3.8863,-3.7783,-1.4969,-1.3913
4.2619,4.7848,1.4595,1.526,3.849,-3.765,-1.4328,-1.35
4.1852,4.7507,1.3723,1.4861,3.8099,-3.7501,-1.3678,-1.3078
4.1078,4.715,1.2843,1.4451,3.7692,-3.7334,-1.3018,-1.2647
4.03,4.6778,1.1953,1.403,3.7269,-3.7151,-1.2349,-1.2208
3.9518,4.6391,1.1056,1.36,3.6832,-3.6951,-1.1673,-1.1762
3.8731,4.5989,1.0151,1.3159,3.6379,-3.6736,-1.0988,-1.1307
3.7943,4.5573,0.92406,1.2709,3.5912,-3.6505,-1.0297,-1.0846
3.7152,4.5144,0.83239,1.225,3.5432,-3.626,-0.95985,-1.0378
3.636,4.47,0.74021,1.1782,3.4939,-3.5999,-0.88946,-0.99029
3.5567,4.4244,0.64758,1.1306,3.4434,-3.5724,-0.81852,-0.94221
3.4775,4.3774,0.55457,1.0821,3.3917,-3.5436,-0.74711,-0.89358
3.3983,4.3293,0.46125,1.0329,3.3389,-3.5134,-0.67527,-0.8444
3.3193,4.2799,0.36769,0.98293,3.2851,-3.4818,-0.60307,-0.79474
3.2406,4.2293,0.27396,0.93224,3.2303,-3.449,-0.53056,-0.74461
3.1621,4.1776,0.18013,0.88088,3.1746,-3.415,-0.4578,-0.69406
3.0839,4.1248,0.08626,0.82889,3.118,-3.3798,-0.38485,-0.64312
3.0062,4.071,-0.0075726,0.77629,3.0606,-3.3435,-0.31176,-0.59182
2.9289,4.0161,-0.1013,0.72313,3.0025,-3.306,-0.2386,-0.5402
2.8522,3.9602,-0.19486,0.66943,2.9437,-3.2675,-0.16541,-0.48829
2.776,3.9033,-0.28818,0.61525,2.8843,-3.228,-0.092252,-0.43613
2.7004,3.8455,-0.38119,0.5606,2.8244,-3.1875,-0.019181,-0.38374
2.6256,3.7868,-0.47384,0.50554,2.764,-3.146,0.053747,-0.33117
2.5515,3.7272,-0.56604,0.45008,2.7032,-3.1037,0.12648,-0.27843
2.4781,3.6667,-0.65773,0.39427,2.642,-3.0605,0.19896,-0.22556
2.4056,3.6055,-0.74886,0.33814,2.5805,-3.0165,0.27115,-0.1726
2.334,3.5435,-0.83935,0.28174,2.5187,-2.9717,0.34298,-0.11956
2.2632,3.4807,-0.92914,0.22508,2.4568,-2.9262,0.41441,-0.066487
2.1934,3.4173,-1.0182,0.1682,2.3947,-2.8799,0.48539,-0.013397
2.1246,3.3531,-1.1064,0.11115,2.3325,-2.8331,0.55586,0.039681
2.0568,3.2883,-1.1937,0.053941,2.2704,-2.7856,0.62579,0.092718
1.9901,3.2229,-1.2801,-0.0033793,2.2083,-2.7375,0.69512,0.14569
1.9244,3.1568,-1.3655,-0.060784,2.1462,-2.6889,0.76382,0.19857
1.8598,3.0902,-1.4498,-0.11824,2.0843,-2.6397,0.83182,0.25134
1.7963,3.0231,-1.533,-0.17572,2.0226,-2.5901,0.8991,0.30397
1.734,2.9554,-1.6151,-0.23318,1.9612,-2.5401,0.96562,0.35644
1.6729,2.8872,-1.6959,-0.29061,1.9,-2.4897,1.0313,0.40873
1.6129,2.8186,-1.7755,-0.34797,1.8392,-2.4389,1.0962,0.46081
1.5541,2.7496,-1.8537,-0.40523,1.7787,-2.3877,1.1601,0.51267
1.4966,2.6801,-1.9306,-0.46236,1.7187,-2.3363,1.2232,0.56429
1.4403,2.6102,-2.006,-0.51934,1.6592,-2.2846,1.2853,0.61565
1.3852,2.54,-2.08,-0.57613,1.6002,-2.2327,1.3464,0.66673
1.3313,2.4695,-2.1524,-0.63272,1.5417,-2.1805,1.4064,0.71752
1.2787,2.3986,-2.2234,-0.68907,1.4838,-2.1282,1.4655,0.76799
1.2273,2.3275,-2.2927,-0.74517,1.4266,-2.0757,1.5234,0.81814
1.1772,2.2561,-2.3604,-0.80098,1.37,-2.0232,1.5802,0.86795
1.1283,2.1844,-2.4264,-0.85648,1.3141,-1.9705,1.6359,0.9174
1.0806,2.1125,-2.4908,-0.91165,1.2589,-1.9177,1.6905,0.96648
1.0342,2.0405,-2.5533,-0.96647,1.2045,-1.865,1.7438,1.0152
0.98903,1.9682,-2.6142,-1.0209,1.1509,-1.8122,1.796,1.0635
0.94506,1.8958,-2.6732,-1.075,1.0981,-1.7594,1.8469,1.1114
0.90229,1.8233,-2.7304,-1.1286,1.0462,-1.7066,1.8966,1.1589
0.86071,1.7507,-2.7858,-1.1818,0.99506,-1.6539,1.945,1.206
0.8203,1.678,-2.8392,-1.2346,0.94485,-1.6013,1.9922,1.2526
0.78106,1.6052,-2.8908,-1.2868,0.89554,-1.5488,2.0381,1.2988
0.74296,1.5323,-2.9405,-1.3386,0.84715,-1.4964,2.0827,1.3446
0.70597,1.4595,-2.9882,-1.3899,0.79969,-1.4441,2.1259,1.3899
0.6701,1.3866,-3.034,-1.4407,0.75319,-1.392,2.1679,1.4347
0.63529,1.3138,-3.0778,-1.4909,0.70765,-1.34,2.2086,1.4791
0.60155,1.2409,-3.1196,-1.5405,0.66307,-1.2882,2.2479,1.523
0.56883,1.1682,-3.1594,-1.5896,0.61948,-1.2367,2.2859,1.5664
0.53712,1.0955,-3.1973,-1.6381,0.57688,-1.1853,2.3225,1.6093
0.50638,1.0229,-3.2331,-1.6861,0.53527,-1.1341,2.3578,1.6517
0.47658,0.95043,-3.2669,-1.7334,0.49465,-1.0832,2.3918,1.6937
0.44771,0.87808,-3.2987,-1.7801,0.45503,-1.0326,2.4245,1.7351
0.41972,0.80588,-3.3285,-1.8261,0.41641,-0.98219,2.4558,1.7761
0.39258,0.73385,-3.3563,-1.8715,0.37878,-0.93207,2.4858,1.8165
0.36626,0.662,-3.3821,-1.9163,0.34214,-0.88222,2.5145,1.8565
0.34073,0.59037,-3.4059,-1.9604,0.30649,-0.83267,2.5418,1.8959
0.31596,0.51895,-3.4276,-2.0038,0.27182,-0.78341,2.5679,1.9349
0.2919,0.44779,-3.4474,-2.0466,0.23812,-0.73446,2.5927,1.9733
0.26852,0.37688,-3.4652,-2.0886,0.20539,-0.68581,2.6162,2.0112
0.24579,0.30625,-3.481,-2.13,0.1736,-0.63749,2.6384,2.0485
0.22367,0.23592,-3.4948,-2.1706,0.14275,-0.58948,2.6594,2.0854
0.20212,0.1659,-3.5068,-2.2106,0.11283,-0.54179,2.6791,2.1217
0.1811,0.096221,-3.5167,-2.2498,0.083809,-0.49444,2.6976,2.1576
0.16057,0.026889,-3.5248,-2.2882,0.055683,-0.44742,2.7149,2.1928
0.14051,-0.042076,-3.531,-2.326,0.028431,-0.40073,2.7309,2.2276
0.12086,-0.11065,-3.5353,-2.363,0.0020326,-0.35437,2.7458,2.2618
0.10159,-0.17883,-3.5377,-2.3992,-0.023532,-0.30836,2.7596,2.2955
0.082656,-0.24659,-3.5383,-2.4347,-0.048284,-0.26268,2.7722,2.3287
0.064026,-0.31391,-3.5372,-2.4694,-0.072247,-0.21734,2.7837,2.3613
0.045658,-0.38077,-3.5342,-2.5034,-0.095444,-0.17234,2.7941,2.3934
0.027512,-0.44717,-3.5295,-2.5366,-0.1179,-0.12768,2.8034,2.4249
0.0095489,-0.51308,-3.5231,-2.5689,-0.13964,-0.083361,2.8116,2.4559
-0.0082698,-0.57848,-3.5149,-2.6006,-0.16069,-0.039373,2.8188,2.4864
-0.025983,-0.64337,-3.5052,-2.6314,-0.18108,0.0042794,2.825,2.5163
-0.043629,-0.70772,-3.4937,-2.6614,-0.20084,0.0476,2.8303,2.5456
-0.061246,-0.77152,-3.4807,-2.6906,-0.21999,0.09059,2.8345,2.5744
-0.078872,-0.83475,-3.4661,-2.719,-0.23856,0.13325,2.8378,2.6026
-0.096545,-0.89739,-3.45,-2.7466,-0.25659,0.17559,2.8402,2.6303
-0.1143,-0.95944,-3.4324,-2.7734,-0.27411,0.21761,2.8417,2.6574
-0.13218,-1.0209,-3.4133,-2.7993,-0.29114,0.25931,2.8424,2.6839
-0.15021,-1.0817,-3.3928,-2.8244,-0.30771,0.3007,2.8422,2.7098
-0.16844,-1.1418,-3.371,-2.8487,-0.32387,0.34177,2.8412,2.7352
-0.18689,-1.2014,-3.3477,-2.8722,-0.33964,0.38254,2.8394,2.7599
-0.2056,-1.2602,-3.3232,-2.8947,-0.35505,0.42301,2.8369,2.7841
-0.22461,-1.3183,-3.2974,-2.9165,-0.37014,0.46317,2.8336,2.8077
-0.24394,-1.3758,-3.2703,-2.9374,-0.38493,0.50305,2.8296,2.8306
-0.26363,-1.4325,-3.2421,-2.9574,-0.39947,0.54263,2.8249,2.853
-0.28372,-1.4885,-3.2127,-2.9765,-0.41378,0.58193,2.8196,2.8747
-0.30422,-1.5438,-3.1823,-2.9948,-0.4279,0.62095,2.8136,2.8958
-0.32517,-1.5983,-3.1507,-3.0122,-0.44185,0.65969,2.807,2.9162
-0.3466,-1.6521,-3.1181,-3.0287,-0.45568,0.69816,2.7999,2.9361
-0.36854,-1.7051,-3.0846,-3.0443,-0.46941,0.73637,2.7921,2.9552
-0.39101,-1.7573,-3.0501,-3.0591,-0.48308,0.77431,2.7839,2.9738
-0.41404,-1.8087,-3.0147,-3.0729,-0.49672,0.81199,2.7751,2.9916
-0.43766,-1.8593,-2.9784,-3.0858,-0.51035,0.84941,2.7659,3.0088
-0.46188,-1.9091,-2.9413,-3.0978,-0.52402,0.88659,2.7562,3.0254
-0.48673,-1.958,-2.9035,-3.1089,-0.53775,0.92352,2.746,3.0412
-0.51223,-2.0061,-2.8649,-3.119,-0.55156,0.9602,2.7355,3.0564
-0.5384,-2.0534,-2.8257,-3.1282,-0.5655,0.99665,2.7245,3.0709
-0.56526,-2.0998,-2.7858,-3.1365,-0.57959,1.0329,2.7132,3.0846
-0.59282,-2.1454,-2.7453,-3.1438,-0.59385,1.0688,2.7015,3.0977
-0.62112,-2.1901,-2.7042,-3.1502,-0.60832,1.1046,2.6895,3.11
-0.65015,-2.2339,-2.6626,-3.1557,-0.62302,1.1401,2.6772,3.1216
-0.67993,-2.2769,-2.6205,-3.1602,-0.63798,1.1754,2.6647,3.1325
-0.71048,-2.3189,-2.578,-3.1637,-0.65323,1.2105,2.6518,3.1427
-0.74181,-2.3601,-2.5351,-3.1662,-0.66878,1.2454,2.6387,3.1521
-0.77393,-2.4003,-2.4919,-3.1678,-0.68466,1.28,2.6254,3.1607
-0.80685,-2.4397,-2.4483,-3.1684,-0.7009,1.3145,2.6119,3.1686
-0.84058,-2.4782,-2.4044,-3.168,-0.71751,1.3487,2.5982,3.1758
-0.87511,-2.5157,-2.3603,-3.1667,-0.73452,1.3827,2.5843,3.1822
-0.91047,-2.5523,-2.3161,-3.1643,-0.75195,1.4165,2.5702,3.1878
-0.94665,-2.588,-2.2716,-3.161,-0.76981,1.4501,2.556,3.1926
-0.98365,-2.6228,-2.227,-3.1567,-0.78813,1.4835,2.5417,3.1966
-1.0215,-2.6567,-2.1823,-3.1514,-0.80693,1.5167,2.5272,3.1999
-1.0601,-2.6897,-2.1376,-3.145,-0.82621,1.5497,2.5127,3.2023
-1.0996,-2.7217,-2.0929,-3.1377,-0.84599,1.5825,2.4981,3.204
-1.1399,-2.7528,-2.0481,-3.1294,-0.86629,1.6151,2.4834,3.2048
-1.181,-2.783,-2.0035,-3.1201,-0.88712,1.6474,2.4686,3.2049
-1.2229,-2.8122,-1.9589,-3.1097,-0.90849,1.6796,2.4538,3.2041
-1.2657,-2.8406,-1.9144,-3.0984,-0.93041,1.7116,2.439,3.2026
-1.3092,-2.868,-1.8701,-3.086,-0.95289,1.7433,2.4241,3.2002
-1.3535,-2.8945,-1.8259,-3.0727,-0.97594,1.7749,2.4093,3.1971
-1.3986,-2.9201,-1.782,-3.0583,-0.99957,1.8062,2.3944,3.1931
-1.4444,-2.9448,-1.7383,-3.043,-1.0238,1.8373,2.3795,3.1883
-1.491,-2.9686,-1.6949,-3.0266,-1.0486,1.8682,2.3646,3.1827
-1.5383,-2.9914,-1.6517,-3.0093,-1.074,1.8989,2.3497,3.1763
-1.5864,-3.0134,-1.6089,-2.9909,-1.1,1.9294,2.3349,3.1691
-1.6351,-3.0345,-1.5664,-2.9716,-1.1265,1.9597,2.3201,3.1611
-1.6845,-3.0546,-1.5243,-2.9512,-1.1537,1.9897,2.3053,3.1523
-1.7346,-3.0739,-1.4826,-2.9299,-1.1815,2.0195,2.2906,3.1426
-1.7853,-3.0923,-1.4414,-2.9076,-1.2099,2.0491,2.2759,3.1322
-1.8367,-3.1099,-1.4005,-2.8844,-1.2388,2.0784,2.2613,3.121
-1.8886,-3.1265,-1.3601,-2.8601,-1.2684,2.1075,2.2467,3.109
-1.9411,-3.1423,-1.3202,-2.835,-1.2985,2.1364,2.2322,3.0963
-1.9941,-3.1573,-1.2809,-2.8088,-1.3292,2.165,2.2177,3.0827
-2.0476,-3.1713,-1.242,-2.7817,-1.3605,2.1934,2.2033,3.0684
-2.1017,-3.1846,-1.2037,-2.7537,-1.3923,2.2215,2.189,3.0533
-2.1561,-3.197,-1.1659,-2.7247,-1.4247,2.2493,2.1747,3.0375
-2.211,-3.2085,-1.1287,-2.6949,-1.4576,2.2769,2.1605,3.0209
-2.2663,-3.2193,-1.092,-2.6641,-1.4911,2.3042,2.1464,3.0036
-2.322,-3.2292,-1.056,-2.6324,-1.525,2.3313,2.1324,2.9855
-2.378,-3.2383,-1.0206,-2.5998,-1.5595,2.358,2.1184,2.9667
-2.4342,-3.2466,-0.98578,-2.5663,-1.5944,2.3845,2.1045,2.9473
-2.4907,-3.2541,-0.95161,-2.532,-1.6299,2.4107,2.0906,2.9271
-2.5475,-3.2609,-0.91808,-2.4969,-1.6658,2.4366,2.0768,2.9062
-2.6044,-3.2668,-0.88519,-2.4608,-1.7021,2.4621,2.0631,2.8846
-2.6614,-3.272,-0.85296,-2.424,-1.7388,2.4874,2.0494,2.8624
-2.7186,-3.2764,-0.82139,-2.3863,-1.776,2.5123,2.0358,2.8395
-2.7758,-3.2801,-0.79049,-2.3479,-1.8135,2.5369,2.0223,2.816
-2.833,-3.283,-0.76026,-2.3086,-1.8514,2.5612,2.0088,2.7918
-2.8902,-3.2851,-0.73069,-2.2686,-1.8896,2.5852,1.9953,2.767
-2.9474,-3.2866,-0.70181,-2.2279,-1.9281,2.6087,1.9819,2.7416
-3.0044,-3.2873,-0.67359,-2.1864,-1.967,2.632,1.9685,2.7156
-3.0613,-3.2873,-0.64606,-2.1441,-2.0061,2.6548,1.9551,2.689
-3.118,-3.2865,-0.61919,-2.1012,-2.0454,2.6773,1.9418,2.6618
-3.1745,-3.2851,-0.593,-2.0576,-2.085,2.6995,1.9285,2.6341
-3.2307,-3.283,-0.56748,-2.0133,-2.1248,2.7212,1.9151,2.6058
-3.2865,-3.2802,-0.54262,-1.9683,-2.1647,2.7425,1.9018,2.577
-3.342,-3.2767,-0.51842,-1.9227,-2.2048,2.7634,1.8885,2.5477
-3.3971,-3.2725,-0.49487,-1.8765,-2.2449,2.784,1.8752,2.5179
-3.4517,-3.2677,-0.47197,-1.8297,-2.2852,2.804,1.8619,2.4876
-3.5058,-3.2622,-0.4497,-1.7822,-2.3255,2.8237,1.8485,2.4568
-3.5593,-3.256,-0.42807,-1.7343,-2.3659,2.8429,1.8351,2.4255
-3.6123,-3.2492,-0.40705,-1.6857,-2.4062,2.8617,1.8216,2.3938
-3.6646,-3.2418,-0.38664,-1.6367,-2.4465,2.88,1.8081,2.3617
-3.7162,-3.2337,-0.36683,-1.5871,-2.4868,2.8979,1.7945,2.3291
-3.7671,-3.225,-0.3476,-1.537,-2.527,2.9152,1.7808,2.2961
-3.8171,-3.2157,-0.32895,-1.4865,-2.567,2.9321,1.7671,2.2627
-3.8664,-3.2058,-0.31084,-1.4355,-2.6069,2.9485,1.7532,2.229
-3.9148,-3.1953,-0.29328,-1.384,-2.6465,2.9644,1.7393,2.1948
-3.9623,-3.1841,-0.27624,-1.3322,-2.686,2.9798,1.7252,2.1603
-4.0088,-3.1724,-0.25971,-1.2799,-2.7252,2.9946,1.711,2.1254
-4.0543,-3.1601,-0.24367,-1.2273,-2.7641,3.0089,1.6966,2.0902
-4.0987,-3.1472,-0.22809,-1.1743,-2.8027,3.0227,1.6821,2.0547
-4.1421,-3.1338,-0.21297,-1.1209,-2.841,3.0359,1.6674,2.0188
-4.1843,-3.1198,-0.19828,-1.0673,-2.8789,3.0485,1.6526,1.9826
-4.2253,-3.1052,-0.18401,-1.0133,-2.9163,3.0606,1.6375,1.9461
-4.2652,-3.09,-0.17012,-0.95902,-2.9533,3.0721,1.6222,1.9094
-4.3037,-3.0744,-0.15659,-0.90449,-2.9899,3.083,1.6067,1.8723
-4.3409,-3.0582,-0.14341,-0.8497,-3.0259,3.0933,1.591,1.835
-4.3769,-3.0414,-0.13056,-0.79469,-3.0614,3.103,1.575,1.7974
-4.4114,-3.0242,-0.118,-0.73946,-3.0963,3.1121,1.5587,1.7595
-4.4445,-3.0064,-0.10571,-0.68403,-3.1305,3.1205,1.5422,1.7214
-4.4761,-2.9881,-0.093668,-0.62843,-3.1642,3.1284,1.5254,1.6831
-4.5063,-2.9693,-0.081849,-0.57267,-3.1972,3.1355,1.5082,1.6445
-4.5349,-2.95,-0.070227,-0.51677,-3.2294,3.142,1.4908,1.6057
-4.562,-2.9303,-0.058773,-0.46075,-3.261,3.1479,1.473,1.5667
-4.5874,-2.9101,-0.047463,-0.40462,-3.2918,3.1531,1.4548,1.5274
-4.6113,-2.8894,-0.036268,-0.34841,-3.3218,3.1576,1.4363,1.4879
-4.6335,-2.8682,-0.02516,-0.29213,-3.3509,3.1614,1.4174,1.4483
-4.6539,-2.8467,-0.014114,-0.2358,-3.3792,3.1645,1.3981,1.4084
-4.6727,-2.8246,-0.0030989,-0.17943,-3.4067,3.167,1.3784,1.3683
-4.6898,-2.8022,0.0079119,-0.12305,-3.4332,3.1687,1.3583,1.328
-4.705,-2.7793,0.018947,-0.066675,-3.4588,3.1697,1.3377,1.2875
-4.7185,-2.756,0.030036,-0.010318,-3.4834,3.17,1.3167,1.2468
-4.7301,-2.7324,0.041206,0.046002,-3.507,3.1696,1.2952,1.2059
-4.74,-2.7083,0.052488,0.10227,-3.5296,3.1684,1.2732,1.1649
-4.7479,-2.6839,0.063908,0.15846,-3.5512,3.1666,1.2508,1.1236
-4.754,-2.6591,0.075497,0.21456,-3.5717,3.1639,1.2278,1.0822
-4.7582,-2.634,0.087283,0.27055,-3.5912,3.1606,1.2043,1.0406
-4.7604,-2.6085,0.099294,0.32642,-3.6095,3.1565,1.1802,0.99877
-4.7608,-2.5827,0.11156,0.38215,-3.6267,3.1516,1.1556,0.95677
-4.7591,-2.5566,0.12411,0.43772,-3.6427,3.1461,1.1305,0.9146
-4.7556,-2.5302,0.13696,0.49311,-3.6576,3.1397,1.1047,0.87224
-4.75,-2.5036,0.15016,0.5483,-3.6713,3.1326,1.0784,0.8297
-4.7425,-2.4766,0.16372,0.60329,-3.6837,3.1248,1.0515,0.78698
-4.7331,-2.4494,0.17768,0.65804,-3.695,3.1162,1.024,0.74407
-4.7216,-2.4219,0.19205,0.71255,-3.705,3.1069,0.99585,0.70098
-4.7081,-2.3942,0.20687,0.7668,-3.7137,3.0968,0.96707,0.65771
-4.6927,-2.3663,0.22216,0.82076,-3.7212,3.0859,0.93765,0.61425
-4.6752,-2.3382,0.23795,0.87442,-3.7273,3.0744,0.90759,0.57061
-4.6557,-2.3099,0.25426,0.92777,-3.7322,3.0621,0.87686,0.52679
-4.6343,-2.2814,0.27111,0.98079,-3.7358,3.049,0.84547,0.48278
-4.6109,-2.2528,0.28854,1.0335,-3.738,3.0352,0.81341,0.4386
-4.5854,-2.224,0.30655,1.0858,-3.7389,3.0207,0.78066,0.39423
-4.558,-2.1951,0.32519,1.1377,-3.7385,3.0055,0.74723,0.34968
-4.5287,-2.1661,0.34445,1.1892,-3.7367,2.9896,0.71311,0.30494
-4.4973,-2.1369,0.36437,1.2403,-3.7336,2.9729,0.67828,0.26003
-4.464,-2.1077,0.38497,1.2909,-3.7291,2.9556,0.64276,0.21494
-4.4288,-2.0785,0.40626,1.3411,-3.7233,2.9375,0.60653,0.16968
-4.3917,-2.0491,0.42826,1.3908,-3.7161,2.9188,0.56959,0.12424
-4.3526,-2.0197,0.451,1.44,-3.7075,2.8994,0.53194,0.078627
-4.3116,-1.9903,0.47447,1.4887,-3.6976,2.8793,0.49358,0.032846
-4.2688,-1.9609,0.49871,1.5369,-3.6863,2.8586,0.4545,-0.013101
-4.2241,-1.9315,0.52372,1.5846,-3.6736,2.8373,0.41471,-0.05921
-4.1776,-1.9021,0.54952,1.6317,-3.6596,2.8153,0.37422,-0.10548
-4.1292,-1.8727,0.57611,1.6782,-3.6442,2.7927,0.33301,-0.1519
-4.0791,-1.8434,0.60351,1.7241,-3.6275,2.7695,0.2911,-0.19847
-4.0272,-1.8141,0.63173,1.7694,-3.6094,2.7457,0.24848,-0.24519
-3.9736,-1.7849,0.66077,1.814,-3.59,2.7213,0.20516,-0.29204
-3.9182,-1.7557,0.69065,1.858,-3.5692,2.6964,0.16115,-0.33903
-3.8612,-1.7267,0.72137,1.9014,-3.5472,2.6709,0.11646,-0.38614
-3.8025,-1.6977,0.75292,1.9441,-3.5238,2.6448,0.07108,-0.43336
-3.7422,-1.6689,0.78532,1.986,-3.4991,2.6183,0.025031,-0.4807
-3.6803,-1.6402,0.81857,2.0273,-3.4731,2.5912,-0.021682,-0.52813
-3.6169,-1.6116,0.85267,2.0678,-3.4458,2.5637,-0.069048,-0.57566
-3.5519,-1.5831,0.88761,2.1076,-3.4173,2.5357,-0.11706,-0.62327
-3.4854,-1.5548,0.9234,2.1466,-3.3875,2.5072,-0.1657,-0.67095
-3.4175,-1.5267,0.96002,2.1849,-3.3565,2.4783,-0.21496,-0.71869
-3.3482,-1.4987,0.99748,2.2223,-3.3243,2.449,-0.26483,-0.76647
-3.2775,-1.4709,1.0358,2.2589,-3.2909,2.4193,-0.31529,-0.8143
-3.2054,-1.4433,1.0749,2.2947,-3.2563,2.3892,-0.36633,-0.86215
-3.1321,-1.4158,1.1148,2.3297,-3.2205,2.3587,-0.41794,-0.91001
-3.0575,-1.3886,1.1555,2.3638,-3.1836,2.3279,-0.47008,-0.95786
-2.9817,-1.3615,1.197,2.3971,-3.1456,2.2967,-0.52276,-1.0057
-2.9047,-1.3346,1.2393,2.4295,-3.1065,2.2653,-0.57594,-1.0535
-2.8265,-1.3079,1.2824,2.461,-3.0663,2.2335,-0.62962,-1.1013
-2.7473,-1.2815,1.3262,2.4915,-3.025,2.2015,-0.68377,-1.149
-2.667,-1.2552,1.3707,2.5212,-2.9827,2.1692,-0.73837,-1.1966
-2.5857,-1.2291,1.4159,2.5499,-2.9395,2.1367,-0.79339,-1.2441
-2.5035,-1.2032,1.4618,2.5777,-2.8952,2.1039,-0.84883,-1.2915
-2.4204,-1.1775,1.5084,2.6046,-2.85,2.0709,-0.90465,-1.3388
-2.3364,-1.1519,1.5556,2.6305,-2.8038,2.0378,-0.96083,-1.386
-2.2516,-1.1266,1.6034,2.6554,-2.7568,2.0045,-1.0173,-1.4329
-2.166,-1.1015,1.6518,2.6794,-2.7088,1.971,-1.0742,-1.4797
-2.0797,-1.0765,1.7008,2.7023,-2.66,1.9374,-1.1313,-1.5263
-1.9927,-1.0517,1.7504,2.7243,-2.6104,1.9036,-1.1887,-1.5727
-1.905,-1.027,1.8004,2.7453,-2.56,1.8698,-1.2463,-1.6188
-1.8168,-1.0026,1.8509,2.7652,-2.5088,1.8358,-1.3041,-1.6647
-1.7281,-0.97824,1.9018,2.7842,-2.4569,1.8018,-1.3621,-1.7103
-1.6389,-0.95404,1.9532,2.8022,-2.4043,1.7678,-1.4202,-1.7556
-1.5493,-0.92998,2.0049,2.8191,-2.351,1.7336,-1.4785,-1.8006
-1.4592,-0.90604,2.057,2.835,-2.297,1.6995,-1.5368,-1.8452
-1.3689,-0.8822,2.1094,2.8499,-2.2425,1.6653,-1.5952,-1.8895
-1.2782,-0.85846,2.1621,2.8638,-2.1873,1.6312,-1.6537,-1.9334
-1.1873,-0.8348,2.2149,2.8766,-2.1315,1.597,-1.7121,-1.9769
-1.0962,-0.81121,2.268,2.8884,-2.0753,1.5628,-1.7705,-2.02
-1.005,-0.78767,2.3212,2.8992,-2.0185,1.5287,-1.8289,-2.0627
-0.91371,-0.76417,2.3745,2.909,-1.9613,1.4946,-1.8871,-2.1049
-0.82237,-0.7407,2.4279,2.9178,-1.9036,1.4606,-1.9453,-2.1466
-0.73103,-0.71724,2.4813,2.9256,-1.8455,1.4266,-2.0033,-2.1878
-0.63975,-0.69378,2.5347,2.9323,-1.787,1.3927,-2.0611,-2.2285
-0.54857,-0.67029,2.588,2.9381,-1.7281,1.3589,-2.1186,-2.2687
-0.45755,-0.64676,2.6413,2.9428,-1.669,1.3251,-2.1759,-2.3084
-0.36673,-0.62317,2.6943,2.9466,-1.6095,1.2914,-2.233,-2.3474
-0.27616,-0.59951,2.7472,2.9494,-1.5498,1.2579,-2.2897,-2.3859
-0.18589,-0.57576,2.7998,2.9512,-1.4898,1.2244,-2.346,-2.4238
-0.095959,-0.5519,2.8521,2.9521,-1.4297,1.191,-2.402,-2.4611
-0.0064211,-0.52791,2.904,2.952,-1.3693,1.1577,-2.4576,-2.4977
0.08268,-0.50377,2.9556,2.951,-1.3089,1.1246,-2.5127,-2.5337
0.1713,-0.47947,3.0067,2.9491,-1.2483,1.0915,-2.5673,-2.569
0.25939,-0.45498,3.0573,2.9463,-1.1876,1.0586,-2.6214,-2.6036
0.3469,-0.43029,3.1074,2.9425,-1.1268,1.0257,-2.675,-2.6375
0.4338,-0.40539,3.1569,2.9379,-1.066,0.99304,-2.7279,-2.6708
0.52003,-0.38024,3.2058,2.9324,-1.0052,0.96045,-2.7803,-2.7032
0.60556,-0.35483,3.254,2.9261,-0.94443,0.92797,-2.832,-2.735
0.69034,-0.32916,3.3014,2.919,-0.8837,0.8956,-2.8831,-2.766
0.77434,-0.30319,3.3481,2.911,-0.82305,0.86335,-2.9335,-2.7962
0.85749,-0.27691,3.3939,2.9023,-0.7625,0.8312,-2.9831,-2.8257
0.93978,-0.2503,3.4388,2.8928,-0.70207,0.79916,-3.0319,-2.8544
1.0211,-0.22335,3.4828,2.8826,-0.6418,0.76721,-3.08,-2.8822
1.1016,-0.19604,3.5259,2.8716,-0.58171,0.73537,-3.1272,-2.9093
1.181,-0.16836,3.5679,2.8599,-0.52182,0.70362,-3.1736,-2.9356
1.2594,-0.14029,3.6088,2.8475,-0.46216,0.67196,-3.2191,-2.961
1.3367,-0.11182,3.6486,2.8345,-0.40276,0.64038,-3.2636,-2.9856
1.4129,-0.082932,3.6873,2.8208,-0.34363,0.60888,-3.3073,-3.0094
1.488,-0.053613,3.7247,2.8066,-0.2848,0.57745,-3.3499,-3.0323
1.5619,-0.023853,3.7609,2.7917,-0.22629,0.54609,-3.3916,-3.0544
1.6346,0.0063604,3.7958,2.7763,-0.16814,0.51478,-3.4323,-3.0756
1.706,0.037037,3.8293,2.7603,-0.11034,0.48352,-3.4719,-3.096
1.7762,0.068187,3.8615,2.7438,-0.052944,0.45231,-3.5104,-3.1155
1.8451,0.099819,3.8922,2.7268,0.0040438,0.42114,-3.5478,-3.1341
1.9126,0.13194,3.9214,2.7094,0.060599,0.38999,-3.5842,-3.1519
1.9788,0.16456,3.9492,2.6915,0.1167,0.35887,-3.6193,-3.1688
2.0435,0.19768,3.9754,2.6732,0.17233,0.32776,-3.6534,-3.1848
2.1068,0.23131,4,2.6545,0.22746,0.29666,-3.6862,-3.1999
2.1687,0.26545,4.0229,2.6355,0.28208,0.26556,-3.7178,-3.2142
2.2291,0.3001,4.0443,2.6161,0.33617,0.23445,-3.7482,-3.2276
2.288,0.33526,4.0639,2.5964,0.38971,0.20332,-3.7773,-3.2401
2.3453,0.37095,4.0818,2.5765,0.44267,0.17217,-3.8052,-3.2517
2.4011,0.40715,4.0979,2.5563,0.49506,0.14099,-3.8318,-3.2625
2.4553,0.44386,4.1123,2.5358,0.54683,0.10977,-3.857,-3.2724
2.508,0.48108,4.1248,2.5151,0.59799,0.0785,-3.881,-3.2815
2.559,0.5188,4.1355,2.4943,0.64851,0.04718,-3.9036,-3.2897
2.6083,0.55703,4.1443,2.4733,0.69837,0.0158,-3.9249,-3.297
2.656,0.59575,4.1512,2.4521,0.74757,-0.015646,-3.9448,-3.3034
2.7021,0.63496,4.1562,2.4309,0.79608,-0.047165,-3.9633,-3.3091
2.7464,0.67465,4.1592,2.4095,0.8439,-0.078761,-3.9804,-3.3138
2.7891,0.7148,4.1603,2.3881,0.891,-0.11044,-3.9961,-3.3178
2.83,0.75541,4.1594,2.3666,0.93737,-0.14221,-4.0104,-3.3208
2.8692,0.79646,4.1565,2.3451,0.983,-0.17407,-4.0232,-3.3231
2.9067,0.83795,4.1516,2.3237,1.0279,-0.20604,-4.0346,-3.3246
2.9424,0.87985,4.1447,2.3022,1.072,-0.2381,-4.0446,-3.3252
2.9763,0.92215,4.1357,2.2807,1.1153,-0.27027,-4.0531,-3.325
3.0085,0.96484,4.1247,2.2593,1.1579,-0.30255,-4.0601,-3.324
3.0389,1.0079,4.1116,2.238,1.1996,-0.33494,-4.0656,-3.3223
3.0676,1.0513,4.0964,2.2168,1.2405,-0.36745,-4.0697,-3.3197
3.0944,1.095,4.0792,2.1956,1.2806,-0.40007,-4.0723,-3.3164
3.1195,1.1391,4.0598,2.1746,1.3199,-0.43281,-4.0733,-3.3123
3.1428,1.1834,4.0384,2.1537,1.3583,-0.46566,-4.0729,-3.3074
3.1643,1.228,4.015,2.133,1.3959,-0.49864,-4.071,-3.3018
3.184,1.2728,3.9894,2.1124,1.4326,-0.53173,-4.0676,-3.2955
3.2019,1.3178,3.9618,2.092,1.4685,-0.56494,-4.0627,-3.2884
3.218,1.3631,3.9321,2.0718,1.5035,-0.59826,-4.0562,-3.2806
3.2324,1.4085,3.9004,2.0517,1.5375,-0.6317,-4.0483,-3.2721
3.245,1.454,3.8666,2.0318,1.5707,-0.66525,-4.0389,-3.2628
3.2558,1.4997,3.8307,2.0122,1.6031,-0.6989,-4.0279,-3.2529
3.2648,1.5454,3.7928,1.9927,1.6345,-0.73266,-4.0155,-3.2423
3.2722,1.5912,3.7529,1.9735,1.665,-0.76653,-4.0016,-3.231
3.2778,1.637,3.711,1.9545,1.6946,-0.80048,-3.9861,-3.2191
3.2816,1.6828,3.6672,1.9357,1.7232,-0.83453,-3.9692,-3.2065
3.2838,1.7286,3.6213,1.9171,1.751,-0.86866,-3.9508,-3.1932
3.2842,1.7744,3.5735,1.8987,1.7778,-0.90288,-3.931,-3.1794
3.283,1.82,3.5238,1.8806,1.8038,-0.93716,-3.9096,-3.1649
3.2801,1.8656,3.4722,1.8627,1.8288,-0.97152,-3.8869,-3.1497
3.2756,1.911,3.4188,1.845,1.8529,-1.0059,-3.8626,-3.134
3.2694,1.9562,3.3634,1.8276,1.876,-1.0404,-3.837,-3.1177
3.2617,2.0012,3.3063,1.8103,1.8982,-1.0749,-3.8099,-3.1008
3.2523,2.0459,3.2474,1.7933,1.9195,-1.1094,-3.7814,-3.0833
3.2414,2.0904,3.1867,1.7764,1.9399,-1.144,-3.7515,-3.0653
3.229,2.1346,3.1244,1.7598,1.9594,-1.1786,-3.7202,-3.0467
3.215,2.1785,3.0603,1.7433,1.978,-1.2132,-3.6875,-3.0275
3.1996,2.222,2.9946,1.7271,1.9956,-1.2477,-3.6536,-3.0079
3.1827,2.2651,2.9273,1.711,2.0124,-1.2823,-3.6182,-2.9877
3.1643,2.3078,2.8584,1.695,2.0282,-1.3169,-3.5816,-2.967
3.1446,2.3501,2.788,1.6792,2.0431,-1.3514,-3.5436,-2.9458
3.1235,2.3919,2.7161,1.6636,2.0572,-1.3858,-3.5044,-2.9241
3.1011,2.4332,2.6428,1.6481,2.0704,-1.4203,-3.4639,-2.9019
3.0774,2.4739,2.5681,1.6327,2.0827,-1.4546,-3.4222,-2.8792
3.0523,2.5141,2.492,1.6174,2.0941,-1.4889,-3.3793,-2.8561
3.0261,2.5538,2.4147,1.6022,2.1047,-1.523,-3.3352,-2.8326
2.9986,2.5928,2.3361,1.5871,2.1144,-1.5571,-3.2899,-2.8086
2.97,2.6312,2.2562,1.5721,2.1233,-1.5911,-3.2435,-2.7842
2.9403,2.6689,2.1753,1.5571,2.1314,-1.6249,-3.196,-2.7593
2.9095,2.7059,2.0932,1.5421,2.1387,-1.6586,-3.1474,-2.7341
2.8776,2.7423,2.01,1.5272,2.1452,-1.6922,-3.0977,-2.7084
2.8447,2.7779,1.9259,1.5123,2.1509,-1.7256,-3.0471,-2.6824
2.8108,2.8127,1.8409,1.4973,2.1558,-1.7588,-2.9954,-2.656
2.776,2.8468,1.7549,1.4824,2.16,-1.7918,-2.9427,-2.6292
2.7403,2.8801,1.6681,1.4674,2.1634,-1.8247,-2.8892,-2.6021
2.7038,2.9126,1.5806,1.4523,2.1661,-1.8573,-2.8347,-2.5746
2.6665,2.9443,1.4923,1.4372,2.1682,-1.8898,-2.7794,-2.5468
2.6284,2.9751,1.4034,1.4219,2.1695,-1.922,-2.7232,-2.5187
2.5896,3.0051,1.3139,1.4066,2.1702,-1.9539,-2.6662,-2.4903
2.5501,3.0342,1.2238,1.3911,2.1702,-1.9857,-2.6085,-2.4616
2.51,3.0624,1.1332,1.3755,2.1696,-2.0171,-2.55,-2.4325
2.4693,3.0897,1.0423,1.3598,2.1684,-2.0484,-2.4909,-2.4032
2.4281,3.1161,0.95091,1.3439,2.1666,-2.0793,-2.4311,-2.3737
2.3864,3.1416,0.85926,1.3278,2.1642,-2.1099,-2.3707,-2.3439
2.3443,3.1661,0.76737,1.3115,2.1613,-2.1403,-2.3097,-2.3138
2.3017,3.1897,0.6753,1.295,2.1579,-2.1704,-2.2482,-2.2835
2.2588,3.2123,0.58311,1.2782,2.154,-2.2001,-2.1863,-2.253
2.2157,3.234,0.49086,1.2613,2.1496,-2.2295,-2.1238,-2.2222
2.1723,3.2547,0.3986,1.244,2.1448,-2.2586,-2.061,-2.1913
2.1286,3.2744,0.30641,1.2266,2.1396,-2.2874,-1.9978,-2.1602
2.0849,3.2931,0.21434,1.2088,2.1339,-2.3158,-1.9342,-2.1289
2.041,3.3109,0.12244,1.1907,2.1279,-2.3439,-1.8704,-2.0975
1.9971,3.3277,0.030792,1.1724,2.1216,-2.3717,-1.8063,-2.0659
1.9531,3.3435,-0.060558,1.1537,2.115,-2.399,-1.7421,-2.0341
1.9092,3.3583,-0.15155,1.1348,2.108,-2.4261,-1.6777,-2.0023
1.8654,3.3721,-0.24212,1.1155,2.1008,-2.4527,-1.6132,-1.9703
1.8217,3.3849,-0.33221,1.0958,2.0934,-2.479,-1.5486,-1.9382
1.7782,3.3968,-0.42176,1.0758,2.0857,-2.5049,-1.4841,-1.9061
1.735,3.4077,-0.51072,1.0555,2.0779,-2.5304,-1.4195,-1.8738
1.692,3.4175,-0.59903,1.0348,2.07,-2.5555,-1.3551,-1.8415
1.6493,3.4265,-0.68663,1.0138,2.0619,-2.5802,-1.2907,-1.8092
1.6071,3.4344,-0.77346,0.99235,2.0537,-2.6046,-1.2265,-1.7768
1.5652,3.4414,-0.85947,0.97056,2.0455,-2.6285,-1.1626,-1.7444
1.5238,3.4474,-0.94461,0.94841,2.0372,-2.6521,-1.0989,-1.712
1.4829,3.4525,-1.0288,0.92587,2.029,-2.6752,-1.0355,-1.6795
1.4426,3.4566,-1.112,0.90296,2.0207,-2.698,-0.97242,-1.6471
1.4028,3.4598,-1.1942,0.87968,2.0125,-2.7203,-0.90976,-1.6148
1.3637,3.4621,-1.2753,0.85601,2.0044,-2.7422,-0.84754,-1.5824
1.3253,3.4635,-1.3553,0.83197,1.9964,-2.7638,-0.78581,-1.5502
