0.8908,-0.52553,1.5917,-1.03,0.67711,0.50378,-0.94719,0.31628
0.82458,-0.47276,1.5419,-1.0001,0.64343,0.49475,-0.91588,0.30555
0.75787,-0.41937,1.4916,-0.96877,0.60976,0.4848,-0.88441,0.2942
0.69068,-0.36539,1.4408,-0.93614,0.57609,0.47396,-0.85278,0.28226
0.62303,-0.31091,1.3895,-0.90222,0.54241,0.46227,-0.82098,0.26977
0.55494,-0.25599,1.3378,-0.86706,0.50873,0.44974,-0.789,0.25675
0.48643,-0.20068,1.2855,-0.83069,0.47504,0.43641,-0.75684,0.24324
0.41753,-0.14506,1.2327,-0.79316,0.44133,0.4223,-0.7245,0.22926
0.34825,-0.089185,1.1795,-0.75451,0.4076,0.40745,-0.69196,0.21485
0.27862,-0.033131,1.1257,-0.71479,0.37385,0.39189,-0.65922,0.20005
0.20868,0.023038,1.0715,-0.67404,0.34006,0.37566,-0.62628,0.18488
0.13843,0.079255,1.0167,-0.63231,0.30623,0.35878,-0.59313,0.16938
0.067922,0.13545,0.9615,-0.58964,0.27237,0.34129,-0.55977,0.15358
-0.0028251,0.19156,0.9058,-0.5461,0.23847,0.32323,-0.52619,0.13752
-0.073777,0.24751,0.84962,-0.50172,0.20451,0.30463,-0.4924,0.12123
-0.1449,0.30324,0.79297,-0.45656,0.17051,0.28553,-0.45837,0.10474
-0.21617,0.35867,0.73586,-0.41068,0.13645,0.26597,-0.42413,0.088096
-0.28753,0.41374,0.67829,-0.36412,0.10234,0.24599,-0.38965,0.07132
-0.35897,0.46839,0.62027,-0.31695,0.068163,0.22562,-0.35495,0.054451
-0.43043,0.52253,0.56181,-0.26922,0.033929,0.20491,-0.32002,0.037523
-0.50189,0.57611,0.50291,-0.22099,-0.00036749,0.18388,-0.28485,0.020571
-0.57329,0.62905,0.4436,-0.17231,-0.034728,0.16259,-0.24946,0.0036274
-0.6446,0.6813,0.38388,-0.12324,-0.069152,0.14108,-0.21384,-0.013273
-0.71578,0.73277,0.32377,-0.073847,-0.10364,0.11938,-0.17799,-0.030096
-0.78678,0.78342,0.26328,-0.024185,-0.13819,0.097535,-0.14192,-0.046809
-0.85756,0.83317,0.20242,0.025684,-0.17281,0.075588,-0.10562,-0.063379
-0.92807,0.88196,0.14121,0.0757,-0.20748,0.053579,-0.069113,-0.079773
-0.99826,0.92972,0.079676,0.1258,-0.24221,0.03155,-0.03239,-0.095958
-1.0681,0.9764,0.017826,0.17592,-0.277,0.0095424,0.0045406,-0.1119
-1.1375,1.0219,-0.044315,0.22601,-0.31184,-0.012403,0.041671,-0.12758
-1.2064,1.0663,-0.10673,0.27599,-0.34673,-0.034245,0.078995,-0.14295
-1.2749,1.1093,-0.16939,0.32581,-0.38166,-0.055941,0.1165,-0.15798
-1.3427,1.151,-0.23227,0.3754,-0.41662,-0.077452,0.15419,-0.17266
-1.41,1.1914,-0.29536,0.4247,-0.45162,-0.098736,0.19204,-0.18694
-1.4766,1.2303,-0.35862,0.47366,-0.48663,-0.11975,0.23005,-0.2008
-1.5424,1.2677,-0.42203,0.52219,-0.52167,-0.14046,0.26821,-0.21421
-1.6075,1.3036,-0.48555,0.57026,-0.5567,-0.16083,0.30649,-0.22715
-1.6717,1.3379,-0.54916,0.61778,-0.59174,-0.18081,0.3449,-0.23958
-1.7351,1.3706,-0.61284,0.6647,-0.62675,-0.20036,0.38341,-0.25148
-1.7975,1.4016,-0.67653,0.71097,-0.66175,-0.21945,0.42201,-0.26283
-1.8589,1.4308,-0.74022,0.75651,-0.6967,-0.23805,0.46068,-0.27361
-1.9192,1.4583,-0.80387,0.80127,-0.73161,-0.2561,0.49941,-0.28378
-1.9785,1.484,-0.86743,0.84519,-0.76645,-0.27359,0.53819,-0.29333
-2.0365,1.5078,-0.93089,0.88821,-0.80121,-0.29047,0.57698,-0.30224
-2.0934,1.5297,-0.99419,0.93028,-0.83588,-0.30671,0.61577,-0.31048
-2.1489,1.5497,-1.0573,0.97133,-0.87043,-0.32228,0.65455,-0.31805
-2.2032,1.5678,-1.1202,1.0113,-0.90486,-0.33714,0.69329,-0.32491
-2.256,1.5839,-1.1828,1.0502,-0.93915,-0.35127,0.73197,-0.33105
-2.3074,1.598,-1.2451,1.0878,-0.97327,-0.36463,0.77056,-0.33645
-2.3572,1.61,-1.307,1.1243,-1.0072,-0.3772,0.80904,-0.34111
-2.4056,1.62,-1.3685,1.1594,-1.041,-0.38894,0.8474,-0.34501
-2.4523,1.6279,-1.4296,1.1933,-1.0745,-0.39984,0.8856,-0.34812
-2.4974,1.6338,-1.4902,1.2257,-1.1077,-0.40986,0.92362,-0.35045
-2.5407,1.6375,-1.5502,1.2567,-1.1408,-0.41898,0.96143,-0.35199
-2.5823,1.6391,-1.6097,1.2863,-1.1735,-0.42719,0.999,-0.35271
-2.6221,1.6385,-1.6685,1.3143,-1.2059,-0.43445,1.0363,-0.35262
-2.66,1.6359,-1.7266,1.3408,-1.238,-0.44076,1.0733,-0.3517
-2.696,1.6311,-1.7841,1.3656,-1.2697,-0.44608,1.11,-0.34995
-2.73,1.6242,-1.8407,1.3889,-1.301,-0.45042,1.1464,-0.34738
-2.762,1.6151,-1.8965,1.4104,-1.3319,-0.45374,1.1824,-0.34396
-2.792,1.6039,-1.9514,1.4302,-1.3624,-0.45604,1.2179,-0.3397
-2.82,1.5905,-2.0054,1.4483,-1.3925,-0.4573,1.2531,-0.3346
-2.8457,1.5751,-2.0584,1.4646,-1.422,-0.45752,1.2877,-0.32867
-2.8694,1.5575,-2.1104,1.4791,-1.451,-0.45669,1.3219,-0.32189
-2.8908,1.5378,-2.1612,1.4918,-1.4795,-0.45479,1.3555,-0.31427
-2.91,1.5161,-2.211,1.5026,-1.5074,-0.45183,1.3886,-0.30582
-2.9269,1.4923,-2.2596,1.5115,-1.5347,-0.4478,1.4211,-0.29654
-2.9415,1.4665,-2.3069,1.5185,-1.5614,-0.44269,1.453,-0.28644
-2.9538,1.4387,-2.3529,1.5236,-1.5875,-0.43652,1.4842,-0.27552
-2.9637,1.4089,-2.3976,1.5268,-1.6129,-0.42927,1.5147,-0.2638
-2.9712,1.3772,-2.4409,1.528,-1.6375,-0.42096,1.5445,-0.25127
-2.9764,1.3436,-2.4828,1.5272,-1.6614,-0.41159,1.5735,-0.23796
-2.9791,1.3081,-2.5232,1.5245,-1.6846,-0.40116,1.6018,-0.22387
-2.9793,1.2707,-2.5621,1.5198,-1.707,-0.38968,1.6292,-0.20902
-2.9771,1.2316,-2.5994,1.5131,-1.7285,-0.37716,1.6558,-0.19342
-2.9725,1.1907,-2.635,1.5045,-1.7492,-0.36362,1.6815,-0.17708
-2.9653,1.1482,-2.669,1.4938,-1.769,-0.34907,1.7064,-0.16003
-2.9556,1.104,-2.7013,1.4812,-1.7879,-0.33353,1.7303,-0.14227
-2.9435,1.0581,-2.7318,1.4666,-1.8059,-0.317,1.7532,-0.12384
-2.9288,1.0108,-2.7605,1.45,-1.823,-0.29952,1.7751,-0.10473
-2.9116,0.96198,-2.7874,1.4315,-1.839,-0.28109,1.796,-0.08499
-2.8919,0.91174,-2.8124,1.4111,-1.8541,-0.26175,1.8159,-0.064623
-2.8697,0.86013,-2.8354,1.3887,-1.8681,-0.24151,1.8347,-0.043656
-2.845,0.80723,-2.8565,1.3644,-1.8811,-0.22041,1.8524,-0.022113
-2.8178,0.7531,-2.8756,1.3383,-1.8929,-0.19846,1.8689,-1.8991e-05
-2.7881,0.69782,-2.8927,1.3103,-1.9037,-0.17571,1.8843,0.022602
-2.756,0.64144,-2.9078,1.2804,-1.9134,-0.15216,1.8985,0.045723
-2.7214,0.58405,-2.9207,1.2488,-1.9219,-0.12787,1.9116,0.069318
-2.6843,0.52571,-2.9315,1.2154,-1.9292,-0.10286,1.9234,0.093357
-2.6449,0.46651,-2.9402,1.1802,-1.9354,-0.077166,1.9339,0.11781
-2.603,0.40652,-2.9467,1.1434,-1.9403,-0.050823,1.9432,0.14265
-2.5588,0.34582,-2.951,1.1049,-1.944,-0.02387,1.9512,0.16785
-2.5122,0.28449,-2.9531,1.0648,-1.9464,0.0036544,1.9579,0.19337
-2.4633,0.22262,-2.953,1.0231,-1.9476,0.031711,1.9633,0.21918
-2.4122,0.16029,-2.9506,0.97993,-1.9476,0.060259,1.9673,0.24525
-2.3588,0.097586,-2.9459,0.93526,-1.9462,0.089255,1.97,0.27155
-2.3031,0.03459,-2.939,0.88917,-1.9435,0.11866,1.9713,0.29804
-2.2453,-0.028607,-2.9298,0.84171,-1.9395,0.14842,1.9713,0.32468
-2.1854,-0.091918,-2.9182,0.79293,-1.9341,0.17849,1.9698,0.35143
-2.1234,-0.15525,-2.9044,0.74291,-1.9274,0.20883,1.967,0.37828
-2.0593,-0.21852,-2.8883,0.69169,-1.9193,0.2394,1.9627,0.40516
-1.9932,-0.28163,-2.8698,0.63934,-1.9099,0.27013,1.957,0.43205
-1.9252,-0.3445,-2.849,0.58593,-1.8991,0.30099,1.9498,0.45891
-1.8552,-0.40703,-2.8259,0.53152,-1.8869,0.33192,1.9413,0.4857
-1.7834,-0.46912,-2.8006,0.47618,-1.8733,0.36287,1.9313,0.51238
-1.7098,-0.5307,-2.7729,0.41998,-1.8584,0.39378,1.9198,0.53891
-1.6344,-0.59166,-2.7429,0.363,-1.842,0.42462,1.9069,0.56525
-1.5573,-0.65191,-2.7106,0.30529,-1.8242,0.45532,1.8925,0.59136
-1.4786,-0.71137,-2.6761,0.24696,-1.805,0.48583,1.8766,0.61719
-1.3983,-0.76994,-2.6393,0.18806,-1.7844,0.51609,1.8594,0.64271
-1.3165,-0.82753,-2.6002,0.12868,-1.7624,0.54606,1.8406,0.66788
-1.2332,-0.88405,-2.559,0.06889,-1.739,0.57568,1.8204,0.69264
-1.1485,-0.93942,-2.5156,0.0087816,-1.7143,0.60489,1.7987,0.71697
-1.0624,-0.99354,-2.47,-0.051567,-1.6881,0.63364,1.7756,0.74081
-0.97508,-1.0463,-2.4222,-0.11207,-1.6605,0.66187,1.7511,0.76413
-0.88652,-1.0977,-2.3723,-0.17265,-1.6315,0.68953,1.7251,0.78689
-0.79679,-1.1476,-2.3204,-0.23322,-1.6011,0.71657,1.6977,0.80903
-0.70597,-1.1959,-2.2663,-0.29369,-1.5694,0.74293,1.6689,0.83052
-0.61412,-1.2425,-2.2103,-0.35398,-1.5363,0.76855,1.6387,0.85131
-0.52129,-1.2873,-2.1523,-0.414,-1.5018,0.79339,1.6071,0.87137
-0.42757,-1.3304,-2.0923,-0.47367,-1.466,0.81738,1.574,0.89065
-0.33301,-1.3715,-2.0304,-0.53289,-1.4289,0.84048,1.5396,0.90911
-0.23768,-1.4107,-1.9666,-0.59158,-1.3904,0.86263,1.5039,0.92671
-0.14165,-1.4478,-1.901,-0.64966,-1.3506,0.88378,1.4668,0.9434
-0.044976,-1.4828,-1.8336,-0.70703,-1.3095,0.90388,1.4283,0.95915
0.052269,-1.5157,-1.7644,-0.76361,-1.2672,0.92288,1.3886,0.97392
0.15002,-1.5463,-1.6936,-0.81932,-1.2236,0.94073,1.3475,0.98766
0.24821,-1.5745,-1.6211,-0.87406,-1.1787,0.95738,1.3052,1.0003
0.34678,-1.6004,-1.547,-0.92775,-1.1326,0.97278,1.2616,1.0119
0.44566,-1.6239,-1.4713,-0.98031,-1.0853,0.98688,1.2167,1.0223
0.54478,-1.6449,-1.3941,-1.0317,-1.0368,0.99965,1.1706,1.0316
0.64409,-1.6634,-1.3155,-1.0817,-0.98713,1.011,1.1233,1.0397
0.74351,-1.6793,-1.2355,-1.1304,-0.93631,1.021,1.0748,1.0465
0.84298,-1.6926,-1.1541,-1.1776,-0.88436,1.0295,1.0252,1.052
0.94244,-1.7033,-1.0715,-1.2232,-0.8313,1.0365,0.97438,1.0562
1.0418,-1.7112,-0.98756,-1.2673,-0.77716,1.0419,0.92247,1.059
1.1411,-1.7164,-0.90249,-1.3097,-0.72197,1.0458,0.86945,1.0605
1.2401,-1.7189,-0.81629,-1.3503,-0.66574,1.048,0.81537,1.0606
1.3389,-1.7186,-0.72903,-1.389,-0.60851,1.0486,0.76023,1.0592
1.4374,-1.7155,-0.64077,-1.4259,-0.5503,1.0475,0.70408,1.0564
1.5355,-1.7095,-0.55156,-1.4607,-0.49113,1.0447,0.64692,1.052
1.6331,-1.7007,-0.46146,-1.4936,-0.43104,1.0401,0.5888,1.0462
1.7303,-1.6891,-0.37053,-1.5243,-0.37006,1.0338,0.52973,1.0388
1.8269,-1.6746,-0.27883,-1.5529,-0.30821,1.0257,0.46975,1.0298
1.9229,-1.6573,-0.18643,-1.5792,-0.24552,1.0158,0.40888,1.0193
2.0183,-1.6371,-0.093379,-1.6033,-0.18203,1.0041,0.34715,1.0072
2.1129,-1.614,0.00025562,-1.625,-0.11776,0.99053,0.2846,0.99342
2.2067,-1.5881,0.094414,-1.6444,-0.052757,0.9751,0.22124,0.97803
2.2998,-1.5594,0.18904,-1.6613,0.012958,0.9578,0.15712,0.961
2.3919,-1.5278,0.28406,-1.6758,0.079348,0.93862,0.09225,0.94231
2.4832,-1.4935,0.37942,-1.6877,0.14638,0.91755,0.026678,0.92194
2.5734,-1.4564,0.47506,-1.6971,0.21402,0.89459,-0.039569,0.8999
2.6627,-1.4165,0.57092,-1.7039,0.28223,0.86974,-0.10646,0.87618
2.7508,-1.3739,0.66694,-1.7081,0.35097,0.843,-0.17396,0.85076
2.8379,-1.3286,0.76305,-1.7096,0.42021,0.81436,-0.24204,0.82366
2.9238,-1.2807,0.8592,-1.7085,0.48992,0.78384,-0.31067,0.79486
3.0085,-1.2302,0.95532,-1.7047,0.56005,0.75145,-0.3798,0.76437
3.0919,-1.1771,1.0514,-1.6982,0.63057,0.71719,-0.44941,0.7322
3.1741,-1.1215,1.1472,-1.6889,0.70143,0.68107,-0.51946,0.69834
3.2549,-1.0635,1.2429,-1.6769,0.77261,0.64312,-0.58992,0.66281
3.3344,-1.0031,1.3384,-1.6622,0.84405,0.60334,-0.66075,0.62562
3.4125,-0.94032,1.4335,-1.6448,0.91572,0.56177,-0.73191,0.58677
3.4891,-0.87528,1.5282,-1.6246,0.98759,0.51842,-0.80336,0.54629
3.5642,-0.80803,1.6225,-1.6016,1.0596,0.47332,-0.87508,0.50418
3.6378,-0.73864,1.7162,-1.5759,1.1317,0.4265,-0.94702,0.46047
3.7099,-0.66718,1.8095,-1.5476,1.2039,0.37799,-1.0191,0.41518
3.7804,-0.59372,1.9021,-1.5165,1.2761,0.32782,-1.0914,0.36833
3.8493,-0.51835,1.994,-1.4827,1.3483,0.27603,-1.1638,0.31993
3.9166,-0.44114,2.0853,-1.4463,1.4204,0.22266,-1.2362,0.27003
3.9821,-0.36218,2.1757,-1.4072,1.4925,0.16774,-1.3087,0.21864
4.046,-0.28154,2.2654,-1.3655,1.5643,0.11132,-1.3812,0.1658
4.1081,-0.19932,2.3541,-1.3212,1.636,0.053439,-1.4536,0.11154
4.1685,-0.1156,2.442,-1.2744,1.7075,-0.0058477,-1.5259,0.055901
4.2272,-0.030473,2.5288,-1.2251,1.7787,-0.066495,-1.5981,-0.001091
4.284,0.055963,2.6146,-1.1734,1.8495,-0.12845,-1.6702,-0.059393
4.339,0.14362,2.6993,-1.1192,1.92,-0.19166,-1.742,-0.11897
4.3921,0.23239,2.7829,-1.0627,1.9901,-0.25608,-1.8135,-0.17976
4.4434,0.3222,2.8653,-1.0039,2.0597,-0.32163,-1.8848,-0.24175
4.4928,0.41292,2.9464,-0.94284,2.1289,-0.38827,-1.9557,-0.30487
4.5403,0.50448,3.0263,-0.87958,2.1975,-0.45594,-2.0263,-0.36908
4.5859,0.59675,3.1049,-0.81419,2.2655,-0.52457,-2.0964,-0.43433
4.6295,0.68965,3.1821,-0.74674,2.3328,-0.5941,-2.1661,-0.50058
4.6712,0.78307,3.2578,-0.67729,2.3995,-0.66446,-2.2353,-0.56776
4.7109,0.87691,3.3322,-0.60592,2.4655,-0.73559,-2.3039,-0.63582
4.7487,0.97106,3.405,-0.5327,2.5308,-0.80741,-2.3719,-0.70471
4.7844,1.0654,3.4763,-0.4577,2.5952,-0.87987,-2.4393,-0.77437
4.8182,1.1599,3.546,-0.381,2.6587,-0.95288,-2.5061,-0.84475
4.8499,1.2544,3.614,-0.30269,2.7214,-1.0264,-2.5721,-0.91578
4.8797,1.3487,3.6804,-0.22283,2.7832,-1.1003,-2.6373,-0.9874
4.9074,1.4429,3.7452,-0.14153,2.844,-1.1746,-2.7018,-1.0595
4.933,1.5367,3.8081,-0.05886,2.9037,-1.2491,-2.7654,-1.1322
4.9567,1.6302,3.8694,0.025086,2.9624,-1.3238,-2.8281,-1.2052
4.9783,1.7231,3.9288,0.11022,3.0201,-1.3987,-2.89,-1.2785
4.9978,1.8154,3.9863,0.19645,3.0765,-1.4736,-2.9508,-1.3522
5.0153,1.907,4.042,0.28368,3.1318,-1.5484,-3.0106,-1.426
5.0307,1.9977,4.0958,0.37181,3.1859,-1.6232,-3.0694,-1.5
5.0441,2.0876,4.1477,0.46076,3.2388,-1.6978,-3.1271,-1.574
5.0555,2.1764,4.1976,0.55043,3.2903,-1.7721,-3.1837,-1.6481
5.0647,2.2641,4.2455,0.64071,3.3405,-1.8461,-3.2391,-1.722
5.072,2.3507,4.2914,0.73151,3.3894,-1.9197,-3.2933,-1.7959
5.0772,2.4359,4.3353,0.82273,3.4369,-1.9928,-3.3463,-1.8695
5.0803,2.5198,4.3771,0.91428,3.4829,-2.0653,-3.398,-1.9429
5.0814,2.6021,4.4168,1.006,3.5275,-2.1372,-3.4484,-2.0159
5.0805,2.683,4.4545,1.0979,3.5705,-2.2084,-3.4974,-2.0884
5.0776,2.7622,4.4899,1.1898,3.6121,-2.2788,-3.545,-2.1605
5.0726,2.8396,4.5233,1.2816,3.6521,-2.3484,-3.5912,-2.2321
5.0656,2.9153,4.5544,1.3733,3.6905,-2.417,-3.6359,-2.303
5.0566,2.9891,4.5834,1.4646,3.7273,-2.4847,-3.6791,-2.3732
5.0456,3.0609,4.6102,1.5556,3.7624,-2.5513,-3.7208,-2.4426
5.0327,3.1308,4.6348,1.6461,3.7959,-2.6168,-3.761,-2.5112
5.0177,3.1985,4.6571,1.736,3.8277,-2.681,-3.7996,-2.5789
5.0009,3.2641,4.6773,1.8252,3.8578,-2.744,-3.8365,-2.6457
4.982,3.3274,4.6951,1.9137,3.8862,-2.8057,-3.8718,-2.7113
4.9612,3.3885,4.7107,2.0012,3.9128,-2.866,-3.9054,-2.7759
4.9385,3.4473,4.7241,2.0878,3.9376,-2.9249,-3.9373,-2.8394
4.9139,3.5036,4.7352,2.1734,3.9606,-2.9823,-3.9674,-2.9015
4.8875,3.5576,4.744,2.2578,3.9818,-3.0381,-3.9958,-2.9624
4.8591,3.609,4.7505,2.3409,4.0012,-3.0923,-4.0224,-3.022
4.8289,3.6579,4.7547,2.4227,4.0188,-3.1448,-4.0472,-3.0801
4.7968,3.7042,4.7567,2.5031,4.0345,-3.1956,-4.0702,-3.1367
4.763,3.748,4.7563,2.582,4.0483,-3.2447,-4.0913,-3.1918
4.7273,3.7891,4.7537,2.6593,4.0602,-3.2919,-4.1106,-3.2453
4.6898,3.8275,4.7488,2.7349,4.0703,-3.3373,-4.128,-3.2972
4.6506,3.8632,4.7417,2.8087,4.0785,-3.3809,-4.1434,-3.3474
4.6097,3.8962,4.7322,2.8808,4.0848,-3.4224,-4.157,-3.3958
4.567,3.9265,4.7205,2.9509,4.0892,-3.462,-4.1686,-3.4425
4.5227,3.954,4.7066,3.019,4.0917,-3.4996,-4.1783,-3.4872
4.4766,3.9788,4.6904,3.0851,4.0923,-3.5352,-4.186,-3.5301
4.429,4.0007,4.6719,3.1491,4.091,-3.5687,-4.1917,-3.5711
4.3797,4.0199,4.6513,3.2109,4.0878,-3.6001,-4.1955,-3.6101
4.3288,4.0363,4.6284,3.2705,4.0827,-3.6294,-4.1972,-3.6471
4.2763,4.0499,4.6033,3.3277,4.0757,-3.6566,-4.197,-3.682
4.2223,4.0607,4.576,3.3826,4.0669,-3.6816,-4.1948,-3.7149
4.1668,4.0687,4.5466,3.4351,4.0561,-3.7044,-4.1905,-3.7456
4.1098,4.0739,4.5151,3.4852,4.0435,-3.725,-4.1843,-3.7742
4.0513,4.0764,4.4814,3.5327,4.0291,-3.7435,-4.1761,-3.8006
3.9914,4.0762,4.4456,3.5777,4.0128,-3.7597,-4.1658,-3.8248
3.93,4.0732,4.4077,3.6201,3.9946,-3.7738,-4.1536,-3.8467
3.8673,4.0675,4.3677,3.6598,3.9747,-3.7856,-4.1394,-3.8665
3.8033,4.0591,4.3257,3.6969,3.953,-3.7952,-4.1232,-3.8839
3.7379,4.0481,4.2817,3.7313,3.9295,-3.8026,-4.105,-3.8991
3.6712,4.0345,4.2357,3.763,3.9042,-3.8078,-4.0848,-3.912
3.6033,4.0182,4.1878,3.792,3.8772,-3.8108,-4.0627,-3.9226
3.5342,3.9994,4.1379,3.8182,3.8485,-3.8116,-4.0386,-3.9308
3.4638,3.9781,4.0861,3.8416,3.8181,-3.8102,-4.0126,-3.9368
3.3923,3.9544,4.0325,3.8622,3.786,-3.8067,-3.9847,-3.9404
3.3197,3.9282,3.977,3.88,3.7523,-3.801,-3.9549,-3.9417
3.246,3.8996,3.9197,3.895,3.717,-3.7932,-3.9231,-3.9407
3.1712,3.8686,3.8606,3.9071,3.6801,-3.7832,-3.8896,-3.9373
3.0954,3.8354,3.7998,3.9165,3.6417,-3.7712,-3.8541,-3.9317
3.0186,3.7999,3.7373,3.923,3.6017,-3.7572,-3.8169,-3.9237
2.9408,3.7622,3.6732,3.9268,3.5602,-3.7411,-3.7778,-3.9135
2.8621,3.7224,3.6074,3.9277,3.5173,-3.723,-3.737,-3.9009
2.7825,3.6806,3.54,3.9258,3.4729,-3.7029,-3.6944,-3.8862
2.702,3.6367,3.4711,3.9212,3.4272,-3.6809,-3.6501,-3.8691
2.6207,3.5908,3.4007,3.9138,3.3801,-3.657,-3.6041,-3.8498
2.5387,3.543,3.3288,3.9036,3.3316,-3.6313,-3.5565,-3.8284
2.4558,3.4934,3.2555,3.8908,3.2819,-3.6037,-3.5072,-3.8047
2.3723,3.442,3.1808,3.8753,3.231,-3.5743,-3.4563,-3.7789
2.288,3.3889,3.1048,3.8571,3.1788,-3.5432,-3.4039,-3.751
2.2031,3.3341,3.0275,3.8363,3.1255,-3.5104,-3.3499,-3.721
2.1176,3.2778,2.9489,3.8129,3.071,-3.476,-3.2945,-3.6889
2.0315,3.2199,2.8692,3.787,3.0154,-3.44,-3.2376,-3.6548
1.9449,3.1606,2.7883,3.7585,2.9588,-3.4024,-3.1792,-3.6187
1.8577,3.0998,2.7063,3.7276,2.9012,-3.3633,-3.1195,-3.5807
1.7701,3.0378,2.6232,3.6943,2.8427,-3.3227,-3.0585,-3.5408
1.682,2.9744,2.5392,3.6586,2.7832,-3.2808,-2.9962,-3.499
1.5935,2.9099,2.4541,3.6205,2.7228,-3.2374,-2.9326,-3.4554
1.5047,2.8443,2.3682,3.5802,2.6615,-3.1928,-2.8678,-3.41
1.4155,2.7776,2.2814,3.5377,2.5995,-3.147,-2.8019,-3.3629
1.326,2.7099,2.1938,3.493,2.5367,-3.0999,-2.7348,-3.3141
1.2362,2.6412,2.1054,3.4463,2.4732,-3.0517,-2.6666,-3.2637
1.1462,2.5717,2.0163,3.3974,2.409,-3.0024,-2.5975,-3.2117
1.056,2.5014,1.9266,3.3466,2.3442,-2.9521,-2.5273,-3.1581
0.96567,2.4304,1.8362,3.2939,2.2788,-2.9007,-2.4562,-3.1031
0.87516,2.3587,1.7453,3.2393,2.2128,-2.8485,-2.3843,-3.0467
0.78456,2.2864,1.6539,3.183,2.1464,-2.7954,-2.3115,-2.989
0.69388,2.2135,1.562,3.1249,2.0794,-2.7414,-2.2379,-2.9299
0.60316,2.1401,1.4697,3.0651,2.0121,-2.6868,-2.1635,-2.8695
0.51243,2.0663,1.377,3.0038,1.9444,-2.6313,-2.0885,-2.808
0.42172,1.9921,1.2841,2.9409,1.8763,-2.5753,-2.0128,-2.7453
0.33107,1.9175,1.1909,2.8766,1.8079,-2.5186,-1.9366,-2.6816
0.2405,1.8428,1.0975,2.8109,1.7392,-2.4614,-1.8598,-2.6169
0.15004,1.7678,1.0039,2.7439,1.6703,-2.4037,-1.7825,-2.5512
0.059728,1.6926,0.91027,2.6757,1.6012,-2.3455,-1.7047,-2.4846
-0.030416,1.6173,0.81656,2.6063,1.532,-2.2869,-1.6266,-2.4171
-0.12036,1.5419,0.72286,2.5358,1.4626,-2.228,-1.5481,-2.3489
-0.21008,1.4666,0.6292,2.4643,1.3932,-2.1687,-1.4693,-2.28
-0.29955,1.3912,0.53564,2.3918,1.3237,-2.1092,-1.3903,-2.2104
-0.38874,1.3159,0.44223,2.3185,1.2542,-2.0495,-1.3111,-2.1402
-0.47763,1.2408,0.34902,2.2444,1.1847,-1.9896,-1.2317,-2.0695
-0.56619,1.1658,0.25605,2.1695,1.1153,-1.9296,-1.1522,-1.9983
-0.6544,1.0909,0.16337,2.094,1.0459,-1.8695,-1.0727,-1.9268
-0.74223,1.0163,0.071031,2.0179,0.97664,-1.8093,-0.99317,-1.8548
-0.82966,0.94192,-0.020921,1.9413,0.90753,-1.7492,-0.91368,-1.7825
-0.91667,0.86783,-0.11244,1.8643,0.83858,-1.6891,-0.83428,-1.7101
-1.0032,0.79406,-0.20348,1.7868,0.76982,-1.629,-0.75501,-1.6374
-1.0893,0.72062,-0.294,1.7091,0.70128,-1.5691,-0.67591,-1.5646
-1.175,0.64755,-0.38396,1.6311,0.63298,-1.5092,-0.59704,-1.4917
-1.2601,0.57486,-0.47331,1.553,0.56494,-1.4496,-0.51843,-1.4188
-1.3447,0.50258,-0.562,1.4747,0.4972,-1.3901,-0.44013,-1.346
-1.4288,0.43073,-0.65001,1.3964,0.42976,-1.3308,-0.36217,-1.2732
-1.5123,0.35932,-0.73728,1.3182,0.36264,-1.2718,-0.2846,-1.2006
-1.5952,0.28837,-0.82378,1.24,0.29587,-1.2131,-0.20746,-1.1281
-1.6775,0.21789,-0.90947,1.162,0.22947,-1.1546,-0.13079,-1.0559
-1.7593,0.1479,-0.99431,1.0841,0.16344,-1.0965,-0.05462,-0.98401
-1.8404,0.07839,-1.0783,1.0066,0.0978,-1.0386,0.02101,-0.91243
-1.9209,0.0093805,-1.1613,0.92933,0.032567,-0.98116,0.096064,-0.84122
-2.0008,-0.059125,-1.2434,0.85246,-0.032248,-0.92403,0.17051,-0.77044
-2.08,-0.12712,-1.3245,0.77602,-0.096636,-0.86727,0.24431,-0.70012
-2.1585,-0.19461,-1.4045,0.70006,-0.16059,-0.81089,0.31743,-0.6303
-2.2364,-0.26159,-1.4835,0.62463,-0.22409,-0.7549,0.38985,-0.56102
-2.3135,-0.32807,-1.5614,0.54977,-0.28715,-0.69929,0.46154,-0.49232
-2.39,-0.39403,-1.6383,0.47554,-0.34975,-0.64409,0.53246,-0.42423
-2.4658,-0.4595,-1.7139,0.40198,-0.41188,-0.58929,0.60259,-0.35679
-2.5408,-0.52447,-1.7884,0.32913,-0.47355,-0.53488,0.6719,-0.29003
-2.6152,-0.58895,-1.8617,0.25703,-0.53476,-0.48088,0.74038,-0.22398
-2.6888,-0.65295,-1.9338,0.18571,-0.59549,-0.42728,0.80799,-0.15866
-2.7616,-0.71648,-2.0047,0.11522,-0.65576,-0.37408,0.87471,-0.094114
-2.8337,-0.77955,-2.0742,0.045596,-0.71556,-0.32127,0.94053,-0.030353
-2.9051,-0.84217,-2.1425,-0.023141,-0.77489,-0.26884,1.0054,0.032596
-2.9756,-0.90434,-2.2095,-0.090955,-0.83377,-0.21678,1.0694,0.094712
-3.0455,-0.9661,-2.2752,-0.15782,-0.89218,-0.16509,1.1324,0.15597
-3.1145,-1.0274,-2.3395,-0.2237,-0.95015,-0.11375,1.1944,0.21637
-3.1828,-1.0884,-2.4025,-0.28858,-1.0077,-0.062755,1.2554,0.27587
-3.2503,-1.1489,-2.4641,-0.35244,-1.0647,-0.012086,1.3154,0.33447
-3.317,-1.2091,-2.5243,-0.41525,-1.1214,0.038271,1.3744,0.39216
-3.3829,-1.2689,-2.5831,-0.477,-1.1776,0.088332,1.4324,0.44893
-3.448,-1.3284,-2.6405,-0.53767,-1.2334,0.13811,1.4894,0.50476
-3.5122,-1.3876,-2.6965,-0.59724,-1.2888,0.18764,1.5453,0.55965
-3.5757,-1.4465,-2.7511,-0.65571,-1.3438,0.23692,1.6001,0.61359
-3.6384,-1.505,-2.8042,-0.71305,-1.3984,0.28597,1.6539,0.66658
-3.7002,-1.5633,-2.8559,-0.76927,-1.4527,0.33483,1.7067,0.71861
-3.7612,-1.6213,-2.9062,-0.82434,-1.5066,0.3835,1.7584,0.76969
-3.8214,-1.6791,-2.955,-0.87828,-1.5601,0.43202,1.809,0.81982
-3.8807,-1.7366,-3.0023,-0.93107,-1.6133,0.4804,1.8585,0.86899
-3.9392,-1.7939,-3.0482,-0.98271,-1.6661,0.52866,1.907,0.91721
-3.9968,-1.851,-3.0927,-1.0332,-1.7187,0.57683,1.9544,0.96448
-4.0536,-1.9079,-3.1356,-1.0825,-1.7709,0.62493,2.0008,1.0108
-4.1094,-1.9646,-3.1772,-1.1307,-1.8229,0.67298,2.046,1.0562
-4.1644,-2.0211,-3.2173,-1.1778,-1.8745,0.721,2.0902,1.1007
-4.2186,-2.0774,-3.2559,-1.2237,-1.9259,0.76902,2.1334,1.1442
-4.2718,-2.1336,-3.2931,-1.2685,-1.977,0.81706,2.1755,1.1868
-4.3241,-2.1897,-3.3289,-1.3121,-2.0279,0.86514,2.2166,1.2286
-4.3755,-2.2456,-3.3632,-1.3546,-2.0785,0.91328,2.2566,1.2694
-4.426,-2.3013,-3.3961,-1.3961,-2.1289,0.9615,2.2955,1.3094
-4.4755,-2.3569,-3.4275,-1.4364,-2.1791,1.0098,2.3335,1.3485
-4.5241,-2.4124,-3.4576,-1.4756,-2.2291,1.0583,2.3704,1.3868
-4.5717,-2.4677,-3.4862,-1.5138,-2.2789,1.1068,2.4063,1.4242
-4.6183,-2.5229,-3.5135,-1.5509,-2.3285,1.1556,2.4411,1.4608
-4.664,-2.578,-3.5393,-1.5869,-2.3779,1.2045,2.475,1.4966
-4.7086,-2.6329,-3.5638,-1.6219,-2.4271,1.2536,2.5079,1.5316
-4.7523,-2.6877,-3.5869,-1.6559,-2.4761,1.3029,2.5398,1.5659
-4.7949,-2.7423,-3.6086,-1.6889,-2.5249,1.3524,2.5707,1.5994
-4.8364,-2.7968,-3.629,-1.7209,-2.5736,1.4022,2.6006,1.6321
-4.8769,-2.8511,-3.6481,-1.7519,-2.6221,1.4521,2.6296,1.6641
-4.9164,-2.9052,-3.6658,-1.7819,-2.6705,1.5024,2.6576,1.6954
-4.9547,-2.9591,-3.6822,-1.8111,-2.7187,1.5528,2.6847,1.726
-4.9919,-3.0128,-3.6972,-1.8393,-2.7667,1.6036,2.7108,1.756
-5.0279,-3.0664,-3.711,-1.8665,-2.8145,1.6546,2.736,1.7852
-5.0628,-3.1196,-3.7235,-1.8929,-2.8622,1.7059,2.7603,1.8138
-5.0966,-3.1727,-3.7347,-1.9185,-2.9097,1.7574,2.7837,1.8418
-5.1291,-3.2254,-3.7447,-1.9432,-2.957,1.8092,2.8061,1.8692
-5.1604,-3.2779,-3.7534,-1.967,-3.0041,1.8613,2.8277,1.896
-5.1905,-3.33,-3.7608,-1.99,-3.051,1.9136,2.8484,1.9222
-5.2194,-3.3819,-3.767,-2.0122,-3.0977,1.9662,2.8682,1.9478
-5.2469,-3.4333,-3.772,-2.0336,-3.1441,2.0191,2.8871,1.9728
-5.2732,-3.4844,-3.7758,-2.0543,-3.1904,2.0722,2.9052,1.9973
-5.2981,-3.5351,-3.7784,-2.0742,-3.2363,2.1255,2.9224,2.0213
-5.3216,-3.5853,-3.7798,-2.0933,-3.2821,2.179,2.9387,2.0447
-5.3438,-3.635,-3.78,-2.1118,-3.3275,2.2327,2.9542,2.0676
-5.3646,-3.6843,-3.779,-2.1295,-3.3726,2.2867,2.9689,2.09
-5.384,-3.733,-3.7769,-2.1465,-3.4175,2.3407,2.9827,2.112
-5.4019,-3.7811,-3.7736,-2.1628,-3.462,2.395,2.9957,2.1334
-5.4183,-3.8286,-3.7691,-2.1785,-3.5061,2.4493,3.0078,2.1543
-5.4332,-3.8755,-3.7636,-2.1935,-3.5499,2.5038,3.0191,2.1748
-5.4467,-3.9217,-3.7568,-2.2079,-3.5932,2.5583,3.0296,2.1948
-5.4585,-3.9672,-3.749,-2.2216,-3.6361,2.6129,3.0392,2.2144
-5.4688,-4.012,-3.74,-2.2347,-3.6786,2.6675,3.0481,2.2335
-5.4775,-4.056,-3.7299,-2.2472,-3.7206,2.7221,3.0561,2.2521
-5.4845,-4.0991,-3.7187,-2.2591,-3.762,2.7767,3.0633,2.2703
-5.49,-4.1413,-3.7064,-2.2704,-3.803,2.8312,3.0696,2.2881
-5.4937,-4.1827,-3.693,-2.2811,-3.8433,2.8856,3.0752,2.3054
-5.4957,-4.2231,-3.6786,-2.2912,-3.8831,2.9398,3.0799,2.3222
-5.496,-4.2625,-3.663,-2.3007,-3.9222,2.9939,3.0838,2.3386
-5.4945,-4.3008,-3.6463,-2.3097,-3.9607,3.0477,3.0869,2.3546
-5.4913,-4.3381,-3.6286,-2.3181,-3.9984,3.1013,3.0891,2.3701
-5.4862,-4.3743,-3.6098,-2.326,-4.0355,3.1545,3.0906,2.3851
-5.4794,-4.4092,-3.5899,-2.3333,-4.0717,3.2075,3.0912,2.3997
-5.4706,-4.443,-3.5689,-2.34,-4.1072,3.26,3.0909,2.4139
-5.4601,-4.4755,-3.5468,-2.3462,-4.1418,3.3121,3.0899,2.4275
-5.4476,-4.5067,-3.5237,-2.3518,-4.1755,3.3637,3.0879,2.4407
-5.4331,-4.5366,-3.4995,-2.3569,-4.2083,3.4148,3.0852,2.4534
-5.4168,-4.5651,-3.4743,-2.3614,-4.2401,3.4654,3.0816,2.4656
-5.3985,-4.5921,-3.448,-2.3654,-4.271,3.5153,3.0771,2.4774
-5.3782,-4.6177,-3.4206,-2.3688,-4.3008,3.5645,3.0718,2.4886
-5.3559,-4.6418,-3.3922,-2.3716,-4.3296,3.613,3.0656,2.4993
-5.3316,-4.6643,-3.3627,-2.3739,-4.3572,3.6608,3.0586,2.5094
-5.3052,-4.6852,-3.3321,-2.3757,-4.3837,3.7077,3.0506,2.5191
-5.2768,-4.7044,-3.3005,-2.3768,-4.409,3.7538,3.0418,2.5282
-5.2463,-4.722,-3.2678,-2.3774,-4.433,3.7989,3.0322,2.5367
-5.2138,-4.7378,-3.2341,-2.3775,-4.4558,3.8431,3.0216,2.5446
-5.1791,-4.7519,-3.1993,-2.3769,-4.4773,3.8862,3.0101,2.552
-5.1423,-4.7641,-3.1634,-2.3757,-4.4975,3.9283,2.9977,2.5588
-5.1034,-4.7746,-3.1265,-2.374,-4.5162,3.9692,2.9845,2.5649
-5.0624,-4.7831,-3.0885,-2.3716,-4.5335,4.009,2.9703,2.5705
-5.0192,-4.7897,-3.0495,-2.3686,-4.5494,4.0476,2.9552,2.5754
-4.9738,-4.7944,-3.0094,-2.365,-4.5638,4.0848,2.9391,2.5796
-4.9263,-4.797,-2.9682,-2.3608,-4.5766,4.1208,2.9221,2.5831
-4.8766,-4.7977,-2.926,-2.3559,-4.5879,4.1553,2.9042,2.586
-4.8247,-4.7963,-2.8827,-2.3504,-4.5975,4.1885,2.8854,2.5882
-4.7706,-4.7928,-2.8384,-2.3443,-4.6056,4.2201,2.8656,2.5896
-4.7144,-4.7872,-2.7931,-2.3374,-4.6119,4.2502,2.8448,2.5904
-4.656,-4.7795,-2.7467,-2.3299,-4.6165,4.2788,2.8231,2.5903
-4.5953,-4.7696,-2.6992,-2.3217,-4.6194,4.3057,2.8005,2.5895
-4.5325,-4.7575,-2.6507,-2.3128,-4.6205,4.331,2.7769,2.5879
-4.4676,-4.7431,-2.6012,-2.3032,-4.6198,4.3546,2.7523,2.5856
-4.4004,-4.7266,-2.5506,-2.2928,-4.6173,4.3764,2.7267,2.5824
-4.3311,-4.7078,-2.4991,-2.2818,-4.6129,4.3964,2.7001,2.5783
-4.2596,-4.6867,-2.4464,-2.27,-4.6066,4.4146,2.6726,2.5735
-4.1859,-4.6633,-2.3928,-2.2574,-4.5985,4.4309,2.6441,2.5677
-4.1101,-4.6376,-2.3382,-2.2441,-4.5883,4.4453,2.6146,2.5611
-4.0322,-4.6095,-2.2826,-2.2301,-4.5762,4.4577,2.5842,2.5536
-3.9521,-4.5792,-2.2259,-2.2152,-4.5622,4.4682,2.5527,2.5452
-3.8699,-4.5465,-2.1683,-2.1996,-4.5461,4.4766,2.5203,2.5358
-3.7857,-4.5114,-2.1097,-2.1831,-4.528,4.483,2.4869,2.5255
-3.6994,-4.474,-2.0502,-2.1659,-4.5078,4.4872,2.4525,2.5143
-3.611,-4.4342,-1.9897,-2.1478,-4.4856,4.4894,2.4171,2.5021
-3.5206,-4.392,-1.9282,-2.1289,-4.4614,4.4894,2.3807,2.4889
-3.4283,-4.3475,-1.8659,-2.1092,-4.435,4.4873,2.3434,2.4747
-3.3339,-4.3006,-1.8026,-2.0887,-4.4066,4.4829,2.3051,2.4596
-3.2376,-4.2514,-1.7384,-2.0673,-4.376,4.4764,2.2658,2.4434
-3.1393,-4.1998,-1.6733,-2.045,-4.3433,4.4676,2.2255,2.4261
-3.0392,-4.1459,-1.6073,-2.0219,-4.3085,4.4565,2.1843,2.4079
-2.9373,-4.0896,-1.5405,-1.998,-4.2716,4.4432,2.1421,2.3886
-2.8335,-4.0311,-1.4729,-1.9731,-4.2325,4.4276,2.099,2.3682
-2.7279,-3.9702,-1.4044,-1.9474,-4.1913,4.4096,2.055,2.3468
-2.6206,-3.907,-1.3351,-1.9209,-4.148,4.3894,2.01,2.3243
-2.5115,-3.8416,-1.2651,-1.8934,-4.1026,4.3668,1.9641,2.3008
-2.4008,-3.7739,-1.1942,-1.8651,-4.055,4.342,1.9173,2.2761
-2.2885,-3.7041,-1.1227,-1.8359,-4.0054,4.3147,1.8695,2.2504
-2.1746,-3.632,-1.0504,-1.8058,-3.9536,4.2852,1.8209,2.2236
-2.0592,-3.5578,-0.9775,-1.7749,-3.8997,4.2533,1.7714,2.1956
-1.9423,-3.4814,-0.90389,-1.7431,-3.8437,4.219,1.721,2.1666
-1.824,-3.403,-0.82964,-1.7104,-3.7857,4.1825,1.6698,2.1365
-1.7043,-3.3224,-0.75478,-1.6769,-3.7256,4.1436,1.6178,2.1053
-1.5832,-3.2399,-0.67935,-1.6425,-3.6634,4.1024,1.5649,2.073
-1.4609,-3.1554,-0.60336,-1.6072,-3.5993,4.0589,1.5112,2.0396
-1.3374,-3.0689,-0.52685,-1.5711,-3.5331,4.0131,1.4568,2.0052
-1.2127,-2.9805,-0.44985,-1.5342,-3.465,3.965,1.4015,1.9696
-1.087,-2.8903,-0.37239,-1.4964,-3.3949,3.9147,1.3455,1.933
-0.96016,-2.7983,-0.2945,-1.4578,-3.3229,3.8621,1.2888,1.8953
-0.83239,-2.7045,-0.21622,-1.4184,-3.249,3.8073,1.2314,1.8566
-0.70372,-2.609,-0.13759,-1.3782,-3.1732,3.7503,1.1733,1.8168
-0.5742,-2.5119,-0.058635,-1.3372,-3.0956,3.6911,1.1145,1.7759
-0.44391,-2.4131,0.020605,-1.2954,-3.0162,3.6298,1.0551,1.7341
-0.31293,-2.3128,0.10009,-1.2529,-2.935,3.5664,0.99506,1.6912
-0.1813,-2.2111,0.17978,-1.2097,-2.8521,3.5009,0.93444,1.6473
-0.049122,-2.1079,0.25965,-1.1657,-2.7675,3.4333,0.87325,1.6025
0.08355,-2.0033,0.33964,-1.121,-2.6812,3.3637,0.81152,1.5567
0.21664,-1.8975,0.41971,-1.0757,-2.5934,3.2922,0.74929,1.5099
0.35006,-1.7904,0.49984,-1.0296,-2.504,3.2187,0.68657,1.4623
0.48375,-1.6821,0.57996,-0.98298,-2.4131,3.1433,0.6234,1.4137
0.61763,-1.5728,0.66005,-0.93571,-2.3207,3.0661,0.55982,1.3643
0.75162,-1.4624,0.74005,-0.88784,-2.2269,2.987,0.49584,1.314
0.88564,-1.351,0.81992,-0.83941,-2.1317,2.9063,0.43151,1.2629
1.0196,-1.2388,0.89962,-0.79043,-2.0353,2.8238,0.36686,1.211
1.1535,-1.1257,0.97909,-0.74094,-1.9375,2.7396,0.30192,1.1583
1.2871,-1.0119,1.0583,-0.69096,-1.8386,2.6538,0.23673,1.1049
1.4204,-0.89738,1.1372,-0.64053,-1.7385,2.5665,0.17132,1.0508
1.5534,-0.78226,1.2157,-0.58967,-1.6373,2.4777,0.10573,0.99596
1.6859,-0.66661,1.2938,-0.53841,-1.5351,2.3874,0.039993,0.94052
1.8179,-0.55051,1.3715,-0.48679,-1.4319,2.2958,-0.025848,0.88448
1.9492,-0.43401,1.4486,-0.43484,-1.3279,2.2028,-0.091756,0.82787
2.0799,-0.31721,1.5252,-0.38258,-1.2229,2.1086,-0.15769,0.77072
2.2097,-0.20018,1.6012,-0.33007,-1.1172,2.0132,-0.22361,0.71308
2.3387,-0.082987,1.6765,-0.27732,-1.0108,1.9166,-0.28948,0.65499
2.4667,0.034288,1.7511,-0.22438,-0.90368,1.819,-0.35526,0.59648
2.5937,0.15157,1.8249,-0.17128,-0.79601,1.7204,-0.42089,0.53759
2.7196,0.26879,1.898,-0.11807,-0.68782,1.6208,-0.48635,0.47838
2.8443,0.38586,1.9701,-0.064764,-0.57918,1.5203,-0.55159,0.41888
2.9676,0.50271,2.0413,-0.011418,-0.47017,1.4191,-0.61656,0.35913
3.0897,0.61927,2.1116,0.041935,-0.36085,1.3171,-0.68122,0.29919
3.2102,0.73546,2.1809,0.095255,-0.25129,1.2144,-0.74553,0.23909
3.3293,0.85122,2.249,0.1485,-0.14156,1.1112,-0.80943,0.17889
3.4467,0.96646,2.3161,0.20164,-0.031736,1.0074,-0.8729,0.11863
3.5624,1.0811,2.382,0.25463,0.078108,0.90313,-0.93587,0.058353
3.6764,1.1951,2.4466,0.30742,0.1879,0.7985,-0.99831,-0.0018864
3.7886,1.3084,2.51,0.35998,0.29757,0.69357,-1.0602,-0.062041
3.8988,1.4208,2.572,0.41227,0.40705,0.58839,-1.1214,-0.12206
4.007,1.5324,2.6327,0.46425,0.51625,0.48305,-1.1819,-0.1819
4.1132,1.6431,2.6919,0.51587,0.62511,0.37761,-1.2418,-0.2415
4.2173,1.7528,2.7496,0.56709,0.73355,0.27215,-1.3008,-0.30083
4.3191,1.8614,2.8059,0.61788,0.84151,0.16674,-1.3591,-0.35982
4.4187,1.9688,2.8605,0.6682,0.94889,0.061448,-1.4165,-0.41842
4.516,2.0751,2.9135,0.718,1.0556,-0.04365,-1.473,-0.4766
4.6108,2.1801,2.9649,0.76724,1.1617,-0.14848,-1.5285,-0.53429
4.7032,2.2838,3.0145,0.81588,1.2669,-0.25298,-1.5831,-0.59145
4.7931,2.3861,3.0624,0.86389,1.3713,-0.35707,-1.6366,-0.64802
4.8804,2.487,3.1084,0.91122,1.4748,-0.46068,-1.689,-0.70396
4.9651,2.5864,3.1526,0.95784,1.5773,-0.56375,-1.7402,-0.75922
5.0471,2.6843,3.1949,1.0037,1.6787,-0.6662,-1.7903,-0.81374
5.1264,2.7805,3.2353,1.0488,1.779,-0.76797,-1.8392,-0.86749
5.2029,2.8751,3.2736,1.093,1.878,-0.86899,-1.8868,-0.92041
5.2766,2.9681,3.31,1.1364,1.9758,-0.96919,-1.9331,-0.97245
5.3474,3.0592,3.3443,1.1789,2.0723,-1.0685,-1.978,-1.0236
5.4153,3.1486,3.3765,1.2204,2.1673,-1.1669,-2.0216,-1.0737
5.4802,3.2362,3.4066,1.261,2.2609,-1.2642,-2.0637,-1.1228
5.5422,3.3218,3.4345,1.3005,2.3529,-1.3605,-2.1044,-1.1709
5.6012,3.4056,3.4602,1.3391,2.4433,-1.4557,-2.1435,-1.2179
5.6571,3.4874,3.4837,1.3765,2.5321,-1.5496,-2.1811,-1.2637
5.71,3.5672,3.505,1.4129,2.6191,-1.6423,-2.2171,-1.3083
5.7598,3.645,3.5239,1.4481,2.7044,-1.7337,-2.2515,-1.3517
5.8065,3.7208,3.5405,1.4821,2.7878,-1.8237,-2.2842,-1.3938
5.85,3.7944,3.5548,1.515,2.8694,-1.9123,-2.3152,-1.4347
5.8905,3.866,3.5667,1.5466,2.9489,-1.9994,-2.3445,-1.4741
5.9277,3.9354,3.5763,1.577,3.0265,-2.085,-2.3721,-1.5122
5.9619,4.0027,3.5834,1.6061,3.1021,-2.169,-2.3978,-1.5489
5.9928,4.0677,3.5882,1.6339,3.1755,-2.2514,-2.4218,-1.5841
6.0206,4.1306,3.5904,1.6604,3.2468,-2.3321,-2.4439,-1.6178
6.0453,4.1912,3.5903,1.6856,3.3159,-2.4111,-2.4642,-1.65
6.0667,4.2496,3.5877,1.7093,3.3828,-2.4883,-2.4826,-1.6806
6.0851,4.3057,3.5826,1.7317,3.4474,-2.5637,-2.499,-1.7097
6.1003,4.3596,3.575,1.7527,3.5098,-2.6373,-2.5136,-1.7372
6.1124,4.4112,3.5649,1.7723,3.5697,-2.709,-2.5261,-1.7631
6.1213,4.4605,3.5524,1.7904,3.6273,-2.7788,-2.5368,-1.7873
6.1272,4.5075,3.5374,1.8071,3.6825,-2.8467,-2.5454,-1.8098
6.13,4.5522,3.5199,1.8223,3.7352,-2.9125,-2.552,-1.8306
6.1298,4.5946,3.4999,1.8361,3.7855,-2.9763,-2.5567,-1.8497
6.1266,4.6347,3.4774,1.8483,3.8332,-3.0381,-2.5593,-1.8671
6.1203,4.6725,3.4525,1.859,3.8785,-3.0979,-2.5599,-1.8828
6.1112,4.708,3.4251,1.8683,3.9212,-3.1555,-2.5584,-1.8967
6.0991,4.7412,3.3953,1.876,3.9614,-3.211,-2.555,-1.9088
6.0841,4.7721,3.363,1.8822,3.999,-3.2644,-2.5495,-1.9192
6.0664,4.8007,3.3283,1.8869,4.034,-3.3156,-2.5419,-1.9277
6.0458,4.827,3.2912,1.89,4.0664,-3.3647,-2.5323,-1.9345
6.0225,4.8511,3.2518,1.8917,4.0962,-3.4115,-2.5207,-1.9395
5.9965,4.8729,3.21,1.8917,4.1234,-3.4562,-2.5071,-1.9427
5.9678,4.8925,3.1659,1.8903,4.148,-3.4987,-2.4914,-1.9441
5.9366,4.9099,3.1194,1.8873,4.17,-3.5389,-2.4737,-1.9437
5.9028,4.925,3.0708,1.8829,4.1894,-3.5769,-2.454,-1.9415
5.8666,4.938,3.0198,1.8768,4.2062,-3.6127,-2.4323,-1.9375
5.8279,4.9488,2.9667,1.8693,4.2203,-3.6462,-2.4087,-1.9318
5.7869,4.9574,2.9114,1.8603,4.2319,-3.6775,-2.3831,-1.9243
5.7435,4.9639,2.854,1.8498,4.2409,-3.7066,-2.3556,-1.915
5.698,4.9683,2.7946,1.8378,4.2473,-3.7334,-2.3261,-1.9039
5.6502,4.9706,2.733,1.8243,4.2512,-3.758,-2.2947,-1.8912
5.6004,4.9709,2.6695,1.8094,4.2526,-3.7804,-2.2615,-1.8767
5.5485,4.9691,2.6041,1.7931,4.2514,-3.8006,-2.2265,-1.8605
5.4947,4.9653,2.5367,1.7753,4.2477,-3.8186,-2.1896,-1.8426
5.439,4.9595,2.4675,1.756,4.2416,-3.8344,-2.1509,-1.8231
5.3814,4.9518,2.3965,1.7354,4.233,-3.848,-2.1105,-1.8019
5.3222,4.9421,2.3237,1.7135,4.222,-3.8594,-2.0684,-1.7791
5.2612,4.9306,2.2493,1.6901,4.2087,-3.8687,-2.0245,-1.7547
5.1986,4.9172,2.1732,1.6655,4.193,-3.8758,-1.9791,-1.7288
5.1345,4.9019,2.0956,1.6395,4.1749,-3.8809,-1.932,-1.7013
5.069,4.8849,2.0164,1.6122,4.1547,-3.8838,-1.8833,-1.6723
5.0021,4.866,1.9358,1.5837,4.1321,-3.8847,-1.8331,-1.6419
4.9338,4.8454,1.8538,1.5539,4.1074,-3.8836,-1.7814,-1.61
4.8644,4.8232,1.7705,1.5229,4.0805,-3.8804,-1.7283,-1.5767
4.7938,4.7992,1.6859,1.4907,4.0515,-3.8752,-1.6738,-1.542
4.7221,4.7736,1.6001,1.4574,4.0205,-3.8681,-1.6179,-1.506
4.6495,4.7464,1.5132,1.4229,3.9874,-3.859,-1.5607,-1.4687
4.5759,4.7176,1.4252,1.3873,3.9524,-3.8481,-1.5022,-1.4301
4.5014,4.6873,1.3362,1.3507,3.9155,-3.8352,-1.4426,-1.3903
4.4262,4.6555,1.2464,1.313,3.8767,-3.8205,-1.3818,-1.3493
4.3503,4.6222,1.1556,1.2743,3.836,-3.8041,-1.3198,-1.3072
4.2738,4.5874,1.0641,1.2346,3.7937,-3.7858,-1.2569,-1.264
4.1967,4.5513,0.9719,1.194,3.7496,-3.7658,-1.1929,-1.2197
4.1192,4.5138,0.87905,1.1524,3.7039,-3.7441,-1.128,-1.1744
4.0413,4.4749,0.78564,1.11,3.6566,-3.7208,-1.0622,-1.1281
3.963,4.4347,0.69174,1.0667,3.6078,-3.6958,-0.99552,-1.0809
3.8844,4.3933,0.59742,1.0226,3.5575,-3.6692,-0.92809,-1.0328
3.8057,4.3506,0.50277,0.97767,3.5058,-3.6411,-0.85995,-0.98389
3.7268,4.3067,0.40785,0.93203,3.4528,-3.6115,-0.79114,-0.93416
3.6479,4.2617,0.31273,0.88567,3.3985,-3.5804,-0.72172,-0.88369
3.569,4.2155,0.21749,0.83862,3.3429,-3.5479,-0.65174,-0.83251
3.4901,4.1681,0.12221,0.79093,3.2862,-3.514,-0.58128,-0.78067
3.4114,4.1197,0.026956,0.74262,3.2285,-3.4788,-0.51038,-0.72822
3.3329,4.0703,-0.068199,0.69373,3.1696,-3.4422,-0.43911,-0.67519
3.2546,4.0198,-0.16318,0.6443,3.1099,-3.4044,-0.36751,-0.62165
3.1766,3.9684,-0.25792,0.59435,3.0492,-3.3654,-0.29566,-0.56763
3.099,3.9159,-0.35234,0.54393,2.9877,-3.3252,-0.2236,-0.51317
3.0218,3.8626,-0.44637,0.49306,2.9254,-3.2839,-0.1514,-0.45833
2.9451,3.8083,-0.53994,0.44178,2.8624,-3.2415,-0.079109,-0.40315
2.8688,3.7532,-0.63298,0.39012,2.7987,-3.1981,-0.0067869,-0.34766
2.7932,3.6973,-0.72543,0.33812,2.7345,-3.1536,0.06551,-0.29192
2.7182,3.6405,-0.81721,0.28581,2.6698,-3.1082,0.13773,-0.23596
2.6438,3.5829,-0.90826,0.23322,2.6046,-3.0619,0.2098,-0.17984
2.5702,3.5246,-0.99851,0.18038,2.539,-3.0147,0.28169,-0.12358
2.4973,3.4655,-1.0879,0.12733,2.4731,-2.9667,0.35333,-0.067242
2.4251,3.4057,-1.1764,0.074091,2.407,-2.9179,0.42468,-0.010852
2.3538,3.3452,-1.2638,0.020699,2.3406,-2.8684,0.49567,0.045546
2.2834,3.284,-1.3502,-0.032817,2.2741,-2.8181,0.56626,0.10191
2.2138,3.2223,-1.4356,-0.086426,2.2075,-2.7672,0.6364,0.15821
2.1452,3.1598,-1.5197,-0.1401,2.1408,-2.7157,0.70603,0.21441
2.0775,3.0968,-1.6026,-0.19381,2.0742,-2.6635,0.77511,0.27046
2.0108,3.0333,-1.6843,-0.24753,2.0077,-2.6109,0.84359,0.32634
1.9451,2.9691,-1.7646,-0.30123,1.9414,-2.5577,0.91142,0.382
1.8804,2.9045,-1.8435,-0.35488,1.8752,-2.5041,0.97857,0.43743
1.8167,2.8393,-1.9209,-0.40847,1.8093,-2.4501,1.045,0.49258
1.7542,2.7736,-1.9969,-0.46195,1.7437,-2.3957,1.1106,0.54742
1.6927,2.7075,-2.0714,-0.51531,1.6784,-2.3409,1.1754,0.60193
1.6323,2.641,-2.1443,-0.56853,1.6135,-2.2858,1.2394,0.65608
1.573,2.574,-2.2155,-0.62158,1.5491,-2.2305,1.3024,0.70983
1.5148,2.5066,-2.2851,-0.67443,1.4852,-2.1749,1.3645,0.76317
1.4578,2.4388,-2.353,-0.72707,1.4219,-2.1191,1.4257,0.81607
1.4019,2.3706,-2.4192,-0.77947,1.3591,-2.0631,1.4858,0.86851
1.3472,2.3021,-2.4836,-0.83162,1.2969,-2.007,1.5449,0.92045
1.2936,2.2332,-2.5462,-0.88349,1.2355,-1.9507,1.603,0.97189
1.2411,2.1641,-2.6069,-0.93506,1.1747,-1.8945,1.6599,1.0228
1.1898,2.0946,-2.6658,-0.98632,1.1147,-1.8381,1.7157,1.0732
1.1396,2.0249,-2.7228,-1.0372,1.0554,-1.7818,1.7704,1.123
1.0906,1.9549,-2.7779,-1.0878,0.997,-1.7254,1.8239,1.1722
1.0427,1.8846,-2.831,-1.138,0.93942,-1.6691,1.8762,1.2208
0.99599,1.8142,-2.8821,-1.1878,0.88272,-1.6129,1.9272,1.2688
0.95036,1.7435,-2.9313,-1.2373,0.82692,-1.5567,1.9771,1.3162
0.90585,1.6726,-2.9785,-1.2863,0.77205,-1.5007,2.0256,1.363
0.86244,1.6015,-3.0237,-1.3348,0.71813,-1.4449,2.0729,1.4091
0.82012,1.5303,-3.0668,-1.383,0.6652,-1.3892,2.1189,1.4546
0.77888,1.459,-3.1079,-1.4306,0.61327,-1.3336,2.1636,1.4993
0.73869,1.3875,-3.147,-1.4779,0.56235,-1.2783,2.207,1.5435
0.69955,1.3159,-3.184,-1.5246,0.51247,-1.2233,2.249,1.5869
0.66143,1.2443,-3.2189,-1.5708,0.46365,-1.1684,2.2898,1.6297
0.62432,1.1725,-3.2518,-1.6165,0.41588,-1.1139,2.3291,1.6718
0.58819,1.1007,-3.2827,-1.6618,0.3692,-1.0596,2.3672,1.7132
0.55303,1.0289,-3.3115,-1.7064,0.3236,-1.0057,2.4039,1.7539
0.51881,0.957,-3.3382,-1.7506,0.2791,-0.95203,2.4392,1.7939
0.4855,0.88514,-3.3629,-1.7942,0.23569,-0.89873,2.4732,1.8332
0.45309,0.81329,-3.3855,-1.8372,0.1934,-0.84578,2.5058,1.8718
0.42154,0.74147,-3.4062,-1.8797,0.15221,-0.79319,2.5371,1.9097
0.39084,0.6697,-3.4248,-1.9216,0.11212,-0.74098,2.5671,1.947
0.36095,0.598,-3.4414,-1.963,0.073151,-0.68915,2.5957,1.9835
0.33184,0.52638,-3.456,-2.0037,0.035281,-0.63773,2.6229,2.0194
0.30349,0.45487,-3.4687,-2.0438,-0.0014879,-0.58671,2.6489,2.0546
0.27587,0.38347,-3.4794,-2.0834,-0.037163,-0.53611,2.6735,2.0891
0.24894,0.31222,-3.4881,-2.1223,-0.071751,-0.48593,2.6968,2.1229
0.22268,0.24113,-3.495,-2.1606,-0.10526,-0.43618,2.7188,2.156
0.19706,0.17021,-3.5,-2.1982,-0.13771,-0.38687,2.7396,2.1885
0.17204,0.099496,-3.5031,-2.2353,-0.1691,-0.33801,2.7591,2.2203
0.1476,0.028993,-3.5043,-2.2717,-0.19945,-0.2896,2.7773,2.2515
0.12369,-0.041274,-3.5038,-2.3074,-0.22878,-0.24164,2.7943,2.282
0.1003,-0.11129,-3.5015,-2.3425,-0.2571,-0.19414,2.81,2.3119
0.077374,-0.18103,-3.4974,-2.3769,-0.28444,-0.14709,2.8246,2.3411
0.054894,-0.25047,-3.4916,-2.4107,-0.3108,-0.10051,2.838,2.3698
0.032822,-0.31961,-3.4841,-2.4438,-0.33622,-0.054394,2.8502,2.3978
0.011126,-0.38841,-3.475,-2.4762,-0.36071,-0.0087412,2.8612,2.4251
-0.010228,-0.45686,-3.4642,-2.5079,-0.3843,0.036447,2.8712,2.4519
-0.031275,-0.52494,-3.4518,-2.5389,-0.40701,0.081171,2.88,2.4781
-0.052046,-0.59262,-3.438,-2.5692,-0.42886,0.12543,2.8878,2.5037
-0.072576,-0.65989,-3.4225,-2.5988,-0.44989,0.16923,2.8945,2.5287
-0.092899,-0.72673,-3.4057,-2.6277,-0.47013,0.21257,2.9001,2.5531
-0.11305,-0.79312,-3.3874,-2.6558,-0.48959,0.25545,2.9048,2.577
-0.13305,-0.85903,-3.3677,-2.6833,-0.50832,0.29788,2.9084,2.6003
-0.15295,-0.92446,-3.3466,-2.71,-0.52633,0.33985,2.9111,2.6231
-0.17277,-0.98937,-3.3242,-2.7359,-0.54367,0.38138,2.9129,2.6453
-0.19255,-1.0537,-3.3006,-2.7611,-0.56036,0.42247,2.9138,2.6669
-0.21232,-1.1176,-3.2757,-2.7855,-0.57643,0.46312,2.9137,2.688
-0.23211,-1.1808,-3.2496,-2.8092,-0.59192,0.50333,2.9128,2.7086
-0.25195,-1.2435,-3.2224,-2.8321,-0.60687,0.54312,2.9111,2.7287
-0.27187,-1.3055,-3.1941,-2.8542,-0.62129,0.58249,2.9086,2.7482
-0.2919,-1.367,-3.1647,-2.8756,-0.63524,0.62144,2.9053,2.7672
-0.31208,-1.4277,-3.1343,-2.8961,-0.64875,0.65998,2.9012,2.7858
-0.33243,-1.4878,-3.103,-2.9158,-0.66184,0.69812,2.8964,2.8038
-0.35298,-1.5472,-3.0707,-2.9347,-0.67455,0.73586,2.8909,2.8213
-0.37376,-1.606,-3.0375,-2.9528,-0.68693,0.77322,2.8847,2.8383
-0.3948,-1.6639,-3.0034,-2.9701,-0.699,0.81019,2.8778,2.8548
-0.41612,-1.7212,-2.9686,-2.9865,-0.71079,0.84678,2.8704,2.8708
-0.43776,-1.7777,-2.933,-3.0021,-0.72236,0.88301,2.8623,2.8863
-0.45973,-1.8334,-2.8967,-3.0168,-0.73372,0.91888,2.8536,2.9013
-0.48206,-1.8883,-2.8597,-3.0306,-0.74492,0.95439,2.8444,2.9158
-0.50478,-1.9424,-2.8221,-3.0436,-0.756,0.98956,2.8347,2.9298
-0.52791,-1.9957,-2.7839,-3.0557,-0.76697,1.0244,2.8245,2.9433
-0.55147,-2.0481,-2.7452,-3.0669,-0.77789,1.0589,2.8137,2.9564
-0.57548,-2.0997,-2.706,-3.0773,-0.78878,1.0931,2.8026,2.9689
-0.59997,-2.1504,-2.6663,-3.0867,-0.79968,1.1269,2.791,2.981
-0.62496,-2.2003,-2.6261,-3.0952,-0.81061,1.1605,2.7789,2.9925
-0.65046,-2.2492,-2.5856,-3.1028,-0.82163,1.1938,2.7665,3.0035
-0.67649,-2.2972,-2.5448,-3.1094,-0.83274,1.2267,2.7537,3.0141
-0.70307,-2.3443,-2.5036,-3.1151,-0.844,1.2594,2.7406,3.0241
-0.73022,-2.3905,-2.4622,-3.1199,-0.85542,1.2918,2.7272,3.0336
-0.75796,-2.4357,-2.4205,-3.1237,-0.86704,1.324,2.7134,3.0426
-0.78629,-2.4799,-2.3787,-3.1266,-0.87889,1.3558,2.6994,3.051
-0.81523,-2.5232,-2.3367,-3.1285,-0.89099,1.3875,2.685,3.0589
-0.8448,-2.5655,-2.2945,-3.1294,-0.90338,1.4188,2.6705,3.0663
-0.87501,-2.6068,-2.2523,-3.1293,-0.91609,1.45,2.6557,3.0732
-0.90586,-2.6471,-2.2101,-3.1282,-0.92913,1.4809,2.6407,3.0795
-0.93736,-2.6864,-2.1678,-3.1262,-0.94253,1.5115,2.6254,3.0852
-0.96954,-2.7247,-2.1255,-3.1231,-0.95632,1.542,2.6101,3.0904
-1.0024,-2.762,-2.0833,-3.119,-0.97052,1.5722,2.5945,3.0951
-1.0359,-2.7982,-2.0411,-3.114,-0.98516,1.6022,2.5788,3.0991
-1.0701,-2.8335,-1.9991,-3.1079,-1.0003,1.632,2.5629,3.1026
-1.105,-2.8676,-1.9571,-3.1008,-1.0158,1.6615,2.5469,3.1054
-1.1406,-2.9008,-1.9154,-3.0926,-1.0319,1.6909,2.5309,3.1077
-1.1769,-2.9329,-1.8738,-3.0834,-1.0485,1.7201,2.5147,3.1093
-1.2139,-2.9639,-1.8324,-3.0732,-1.0656,1.7491,2.4984,3.1104
-1.2515,-2.9939,-1.7913,-3.062,-1.0832,1.7779,2.482,3.1108
-1.2899,-3.0228,-1.7504,-3.0497,-1.1014,1.8065,2.4656,3.1106
-1.329,-3.0507,-1.7099,-3.0364,-1.1202,1.835,2.4491,3.1097
-1.3687,-3.0775,-1.6696,-3.022,-1.1396,1.8632,2.4326,3.1082
-1.4091,-3.1033,-1.6296,-3.0066,-1.1596,1.8913,2.4161,3.1061
-1.4502,-3.128,-1.5901,-2.9901,-1.1802,1.9192,2.3995,3.1032
-1.492,-3.1517,-1.5508,-2.9726,-1.2014,1.947,2.3829,3.0997
-1.5344,-3.1743,-1.512,-2.9541,-1.2232,1.9745,2.3663,3.0955
-1.5775,-3.1959,-1.4735,-2.9345,-1.2456,2.0019,2.3496,3.0907
-1.6212,-3.2165,-1.4355,-2.9139,-1.2687,2.0291,2.333,3.0851
-1.6656,-3.236,-1.3979,-2.8923,-1.2925,2.0562,2.3164,3.0788
-1.7105,-3.2544,-1.3608,-2.8696,-1.3168,2.083,2.2998,3.0718
-1.7561,-3.2718,-1.3241,-2.8459,-1.3419,2.1097,2.2832,3.0641
-1.8022,-3.2882,-1.2879,-2.8212,-1.3675,2.1363,2.2666,3.0557
-1.8489,-3.3036,-1.2521,-2.7954,-1.3938,2.1626,2.25,3.0466
-1.8962,-3.318,-1.2169,-2.7687,-1.4208,2.1888,2.2335,3.0367
-1.944,-3.3313,-1.1822,-2.7409,-1.4484,2.2148,2.217,3.0261
-1.9923,-3.3437,-1.148,-2.7122,-1.4766,2.2406,2.2005,3.0147
-2.0411,-3.355,-1.1143,-2.6824,-1.5055,2.2663,2.184,3.0026
-2.0903,-3.3654,-1.0811,-2.6517,-1.5349,2.2917,2.1676,2.9898
-2.14,-3.3748,-1.0485,-2.62,-1.565,2.317,2.1512,2.9762
-2.1902,-3.3832,-1.0163,-2.5874,-1.5957,2.342,2.1349,2.9618
-2.2407,-3.3907,-0.98478,-2.5538,-1.6269,2.3669,2.1186,2.9467
-2.2916,-3.3972,-0.95375,-2.5193,-1.6588,2.3916,2.1023,2.9308
-2.3428,-3.4028,-0.92327,-2.4839,-1.6912,2.4161,2.086,2.9142
-2.3943,-3.4075,-0.89333,-2.4475,-1.7242,2.4403,2.0698,2.8968
-2.4462,-3.4112,-0.86394,-2.4102,-1.7577,2.4644,2.0536,2.8786
-2.4982,-3.414,-0.83508,-2.3721,-1.7917,2.4882,2.0374,2.8597
-2.5505,-3.4159,-0.80677,-2.3331,-1.8262,2.5118,2.0213,2.84
-2.603,-3.417,-0.779,-2.2933,-1.8612,2.5351,2.0052,2.8196
-2.6556,-3.4171,-0.75177,-2.2526,-1.8967,2.5582,1.9891,2.7984
-2.7084,-3.4164,-0.72506,-2.211,-1.9326,2.5811,1.973,2.7764
-2.7612,-3.4148,-0.69888,-2.1687,-1.969,2.6037,1.9569,2.7537
-2.8141,-3.4124,-0.67322,-2.1256,-2.0057,2.626,1.9408,2.7303
-2.867,-3.4092,-0.64807,-2.0818,-2.0428,2.6481,1.9247,2.7061
-2.9199,-3.4051,-0.62343,-2.0371,-2.0803,2.6698,1.9087,2.6812
-2.9727,-3.4003,-0.59929,-1.9918,-2.1181,2.6913,1.8926,2.6555
-3.0254,-3.3946,-0.57563,-1.9457,-2.1561,2.7125,1.8765,2.6291
-3.078,-3.3882,-0.55245,-1.899,-2.1945,2.7334,1.8604,2.602
-3.1304,-3.381,-0.52974,-1.8516,-2.2331,2.754,1.8442,2.5742
-3.1826,-3.373,-0.50749,-1.8035,-2.272,2.7742,1.828,2.5457
-3.2345,-3.3643,-0.48568,-1.7548,-2.311,2.7941,1.8118,2.5165
-3.2861,-3.3549,-0.46431,-1.7055,-2.3501,2.8136,1.7956,2.4866
-3.3373,-3.3447,-0.44335,-1.6556,-2.3895,2.8328,1.7793,2.456
-3.3882,-3.3339,-0.42281,-1.6051,-2.4289,2.8516,1.7629,2.4248
-3.4387,-3.3223,-0.40265,-1.5541,-2.4683,2.87,1.7465,2.3929
-3.4887,-3.31,-0.38288,-1.5026,-2.5078,2.888,1.7299,2.3604
-3.5381,-3.2971,-0.36346,-1.4506,-2.5473,2.9057,1.7133,2.3272
-3.587,-3.2836,-0.34439,-1.3981,-2.5868,2.9228,1.6967,2.2934
-3.6353,-3.2694,-0.32566,-1.3451,-2.6262,2.9396,1.6799,2.2589
-3.683,-3.2545,-0.30724,-1.2917,-2.6656,2.9559,1.663,2.2239
-3.73,-3.239,-0.28911,-1.2379,-2.7047,2.9718,1.646,2.1883
-3.7762,-3.223,-0.27126,-1.1837,-2.7438,2.9872,1.6288,2.1521
-3.8217,-3.2063,-0.25368,-1.1292,-2.7826,3.0021,1.6116,2.1153
-3.8663,-3.1891,-0.23634,-1.0743,-2.8211,3.0165,1.5941,2.078
-3.9101,-3.1713,-0.21922,-1.0191,-2.8595,3.0304,1.5766,2.0401
-3.953,-3.1529,-0.20231,-0.96362,-2.8975,3.0438,1.5588,2.0017
-3.9949,-3.134,-0.18559,-0.90786,-2.9351,3.0566,1.5409,1.9628
-4.0358,-3.1145,-0.16903,-0.85184,-2.9724,3.0689,1.5228,1.9233
-4.0757,-3.0946,-0.15262,-0.79561,-3.0093,3.0807,1.5045,1.8834
-4.1145,-3.0741,-0.13633,-0.73916,-3.0457,3.0918,1.4861,1.843
-4.1522,-3.0531,-0.12016,-0.68254,-3.0816,3.1024,1.4673,1.8022
-4.1887,-3.0317,-0.10407,-0.62576,-3.117,3.1124,1.4484,1.7609
-4.2241,-3.0098,-0.088043,-0.56884,-3.1519,3.1218,1.4292,1.7191
-4.2581,-2.9874,-0.072064,-0.51181,-3.1862,3.1305,1.4098,1.6769
-4.2909,-2.9646,-0.056109,-0.45469,-3.2198,3.1386,1.3902,1.6344
-4.3224,-2.9414,-0.040159,-0.3975,-3.2528,3.1461,1.3702,1.5914
-4.3526,-2.9177,-0.024192,-0.34026,-3.2851,3.1529,1.35,1.548
-4.3813,-2.8936,-0.0081876,-0.283,-3.3167,3.159,1.3295,1.5043
-4.4086,-2.8692,0.0078751,-0.22572,-3.3475,3.1645,1.3087,1.4602
-4.4344,-2.8443,0.024017,-0.16847,-3.3776,3.1692,1.2875,1.4158
-4.4587,-2.8192,0.040258,-0.11124,-3.4068,3.1733,1.2661,1.3711
-4.4815,-2.7936,0.056619,-0.05408,-3.4351,3.1766,1.2443,1.326
-4.5027,-2.7677,0.07312,0.0030081,-3.4626,3.1792,1.2221,1.2806
-4.5223,-2.7415,0.089782,0.059999,-3.4891,3.1811,1.1996,1.235
-4.5402,-2.715,0.10662,0.11687,-3.5147,3.1822,1.1768,1.1891
-4.5565,-2.6882,0.12367,0.17361,-3.5393,3.1826,1.1535,1.1429
-4.5711,-2.661,0.14093,0.23019,-3.5629,3.1822,1.1299,1.0964
-4.584,-2.6337,0.15843,0.2866,-3.5855,3.1811,1.1059,1.0498
-4.5951,-2.606,0.17619,0.34281,-3.607,3.1792,1.0814,1.0029
-4.6045,-2.5781,0.19422,0.39881,-3.6274,3.1764,1.0566,0.95577
-4.612,-2.55,0.21255,0.45457,-3.6467,3.1729,1.0313,0.90847
-4.6178,-2.5217,0.2312,0.51009,-3.6648,3.1687,1.0055,0.86098
-4.6216,-2.4931,0.25017,0.56534,-3.6818,3.1636,0.97935,0.81332
-4.6236,-2.4644,0.26949,0.6203,-3.6976,3.1577,0.9527,0.7655
-4.6238,-2.4355,0.28917,0.67496,-3.7122,3.151,0.92558,0.71753
-4.622,-2.4064,0.30923,0.7293,-3.7256,3.1435,0.89798,0.66942
-4.6183,-2.3772,0.32969,0.7833,-3.7377,3.1352,0.86989,0.6212
-4.6127,-2.3478,0.35055,0.83694,-3.7486,3.126,0.8413,0.57286
-4.6051,-2.3183,0.37184,0.89021,-3.7581,3.1161,0.81221,0.52442
-4.5955,-2.2887,0.39357,0.94309,-3.7664,3.1054,0.7826,0.47589
-4.584,-2.2591,0.41575,0.99557,-3.7733,3.0938,0.75248,0.42728
-4.5705,-2.2293,0.43839,1.0476,-3.7789,3.0814,0.72182,0.37861
-4.5551,-2.1995,0.4615,1.0992,-3.7832,3.0682,0.69064,0.32989
-4.5376,-2.1696,0.48511,1.1504,-3.7861,3.0543,0.65891,0.28113
-4.5181,-2.1396,0.50921,1.2011,-3.7876,3.0395,0.62664,0.23233
-4.4967,-2.1097,0.53382,1.2513,-3.7878,3.0239,0.59381,0.18352
-4.4732,-2.0797,0.55894,1.301,-3.7866,3.0076,0.56043,0.13469
-4.4477,-2.0498,0.58459,1.3502,-3.7839,2.9904,0.52649,0.085875
-4.4202,-2.0198,0.61078,1.3988,-3.7799,2.9725,0.49198,0.037071
-4.3908,-1.9899,0.6375,1.447,-3.7745,2.9538,0.4569,-0.011707
-4.3593,-1.96,0.66477,1.4945,-3.7676,2.9344,0.42125,-0.060448
-4.3258,-1.9301,0.69259,1.5415,-3.7593,2.9142,0.38503,-0.10914
-4.2904,-1.9003,0.72096,1.5878,-3.7497,2.8932,0.34824,-0.15778
-4.253,-1.8706,0.74989,1.6336,-3.7386,2.8716,0.31087,-0.20634
-4.2136,-1.841,0.77939,1.6788,-3.7261,2.8492,0.27292,-0.25483
-4.1723,-1.8114,0.80945,1.7233,-3.7122,2.8261,0.23439,-0.30322
-4.129,-1.782,0.84007,1.7671,-3.6968,2.8023,0.19529,-0.35151
-4.0839,-1.7527,0.87126,1.8103,-3.6801,2.7779,0.15561,-0.39969
-4.0368,-1.7235,0.90302,1.8529,-3.662,2.7528,0.11536,-0.44774
-3.9878,-1.6944,0.93533,1.8947,-3.6425,2.727,0.074543,-0.49567
-3.937,-1.6655,0.96821,1.9358,-3.6216,2.7006,0.033156,-0.54344
-3.8843,-1.6367,1.0017,1.9762,-3.5993,2.6736,-0.0087926,-0.59107
-3.8298,-1.6081,1.0356,2.0159,-3.5757,2.646,-0.0513,-0.63852
-3.7735,-1.5797,1.0702,2.0549,-3.5507,2.6178,-0.09436,-0.68581
-3.7154,-1.5514,1.1053,2.0931,-3.5244,2.5891,-0.13797,-0.7329
-3.6556,-1.5233,1.1409,2.1305,-3.4968,2.5598,-0.18211,-0.7798
-3.594,-1.4954,1.177,2.1671,-3.4679,2.53,-0.22679,-0.8265
-3.5307,-1.4677,1.2137,2.2029,-3.4376,2.4997,-0.272,-0.87297
-3.4658,-1.4402,1.2509,2.238,-3.4061,2.4689,-0.31772,-0.91922
-3.3993,-1.4129,1.2886,2.2722,-3.3734,2.4376,-0.36394,-0.96524
-3.3311,-1.3858,1.3268,2.3056,-3.3394,2.4059,-0.41066,-1.011
-3.2614,-1.3589,1.3654,2.3382,-3.3041,2.3738,-0.45787,-1.0565
-3.1901,-1.3322,1.4045,2.3699,-3.2677,2.3412,-0.50555,-1.1018
-3.1174,-1.3057,1.4441,2.4007,-3.2301,2.3083,-0.55369,-1.1467
-3.0432,-1.2794,1.4841,2.4307,-3.1914,2.275,-0.60228,-1.1914
-2.9676,-1.2533,1.5245,2.4598,-3.1515,2.2414,-0.65131,-1.2358
-2.8905,-1.2274,1.5654,2.4881,-3.1105,2.2075,-0.70075,-1.2799
-2.8122,-1.2018,1.6066,2.5154,-3.0685,2.1732,-0.7506,-1.3237
-2.7325,-1.1763,1.6482,2.5418,-3.0253,2.1387,-0.80084,-1.3672
-2.6516,-1.1511,1.6902,2.5673,-2.9812,2.104,-0.85146,-1.4103
-2.5695,-1.126,1.7325,2.5919,-2.936,2.069,-0.90243,-1.4531
-2.4862,-1.1012,1.7751,2.6156,-2.8899,2.0338,-0.95373,-1.4955
-2.4018,-1.0765,1.818,2.6384,-2.8428,1.9984,-1.0054,-1.5376
-2.3163,-1.052,1.8611,2.6602,-2.7948,1.9628,-1.0573,-1.5793
-2.2297,-1.0277,1.9046,2.681,-2.7459,1.9271,-1.1095,-1.6207
-2.1422,-1.0036,1.9482,2.7009,-2.6961,1.8912,-1.162,-1.6616
-2.0538,-0.97957,1.9921,2.7199,-2.6455,1.8553,-1.2147,-1.7022
-1.9644,-0.95573,2.0361,2.7379,-2.5941,1.8192,-1.2676,-1.7424
-1.8742,-0.93204,2.0803,2.755,-2.5419,1.7831,-1.3208,-1.7822
-1.7832,-0.90847,2.1246,2.7711,-2.489,1.747,-1.3741,-1.8215
-1.6915,-0.88503,2.169,2.7862,-2.4353,1.7108,-1.4275,-1.8605
-1.5991,-0.86169,2.2136,2.8004,-2.381,1.6745,-1.4811,-1.899
-1.5061,-0.83845,2.2581,2.8136,-2.326,1.6383,-1.5348,-1.9371
-1.4125,-0.81529,2.3027,2.8259,-2.2704,1.6021,-1.5886,-1.9747
-1.3183,-0.79219,2.3473,2.8372,-2.2142,1.566,-1.6425,-2.0119
-1.2237,-0.76916,2.3918,2.8475,-2.1574,1.5298,-1.6964,-2.0486
-1.1286,-0.74616,2.4363,2.8569,-2.1001,1.4938,-1.7502,-2.0849
-1.0332,-0.72319,2.4807,2.8653,-2.0424,1.4578,-1.8041,-2.1207
-0.93748,-0.70023,2.5249,2.8728,-1.9841,1.4219,-1.8579,-2.156
-0.84147,-0.67726,2.569,2.8794,-1.9254,1.3861,-1.9117,-2.1909
-0.74527,-0.65426,2.613,2.885,-1.8663,1.3504,-1.9654,-2.2252
-0.64891,-0.63123,2.6567,2.8896,-1.8069,1.3149,-2.0189,-2.2591
-0.55245,-0.60814,2.7001,2.8934,-1.747,1.2794,-2.0723,-2.2925
-0.45595,-0.58498,2.7433,2.8962,-1.6869,1.2441,-2.1255,-2.3253
-0.35947,-0.56173,2.7862,2.8981,-1.6265,1.209,-2.1786,-2.3577
-0.26305,-0.53836,2.8287,2.8992,-1.5659,1.174,-2.2313,-2.3896
-0.16676,-0.51487,2.8709,2.8993,-1.505,1.1392,-2.2839,-2.4209
-0.070643,-0.49123,2.9126,2.8986,-1.4439,1.1045,-2.3361,-2.4517
0.02524,-0.46742,2.9539,2.897,-1.3827,1.0701,-2.388,-2.482
0.12083,-0.44344,2.9948,2.8945,-1.3213,1.0358,-2.4396,-2.5117
0.21609,-0.41925,3.0351,2.8912,-1.2599,1.0017,-2.4908,-2.5409
0.31094,-0.39485,3.0749,2.8871,-1.1983,0.96772,-2.5417,-2.5696
0.40534,-0.3702,3.1141,2.8821,-1.1367,0.93397,-2.5921,-2.5977
0.49924,-0.34531,3.1527,2.8764,-1.0751,0.90041,-2.642,-2.6253
0.59258,-0.32014,3.1907,2.8699,-1.0135,0.86704,-2.6914,-2.6524
0.68531,-0.29468,3.2279,2.8626,-0.95193,0.83385,-2.7404,-2.6788
0.77737,-0.26891,3.2645,2.8546,-0.89041,0.80084,-2.7888,-2.7048
0.86872,-0.24282,3.3004,2.8459,-0.82898,0.76801,-2.8366,-2.7301
0.9593,-0.21639,3.3354,2.8364,-0.76766,0.73537,-2.8839,-2.7549
1.0491,-0.18961,3.3697,2.8262,-0.70647,0.70289,-2.9305,-2.7792
1.138,-0.16245,3.4031,2.8154,-0.64544,0.67059,-2.9765,-2.8029
1.2259,-0.13491,3.4357,2.8039,-0.5846,0.63845,-3.0218,-2.826
1.3129,-0.10697,3.4673,2.7918,-0.52396,0.60647,-3.0664,-2.8485
1.3989,-0.07862,3.498,2.7791,-0.46356,0.57464,-3.1102,-2.8704
1.4838,-0.049842,3.5277,2.7657,-0.4034,0.54296,-3.1534,-2.8918
1.5676,-0.020626,3.5565,2.7519,-0.34353,0.51142,-3.1957,-2.9126
1.6503,0.0090392,3.5842,2.7374,-0.28395,0.48,-3.2372,-2.9328
1.7317,0.039164,3.6109,2.7225,-0.22469,0.44871,-3.2779,-2.9524
1.8119,0.069757,3.6364,2.707,-0.16576,0.41753,-3.3177,-2.9715
1.8908,0.10083,3.6609,2.691,-0.1072,0.38646,-3.3566,-2.9899
1.9683,0.13239,3.6842,2.6746,-0.049019,0.35548,-3.3947,-3.0078
2.0445,0.16443,3.7063,2.6578,0.0087641,0.32458,-3.4318,-3.025
2.1193,0.19698,3.7272,2.6405,0.066129,0.29376,-3.4679,-3.0417
2.1926,0.23003,3.7469,2.6229,0.12306,0.263,-3.503,-3.0578
2.2644,0.26359,3.7653,2.6049,0.17953,0.23229,-3.5372,-3.0733
2.3346,0.29766,3.7824,2.5865,0.23553,0.20163,-3.5703,-3.0881
2.4033,0.33224,3.7982,2.5678,0.29104,0.171,-3.6023,-3.1024
2.4704,0.36733,3.8127,2.5488,0.34604,0.14039,-3.6333,-3.1161
2.5358,0.40293,3.8258,2.5296,0.40052,0.10979,-3.6632,-3.1291
2.5996,0.43904,3.8376,2.5101,0.45446,0.079186,-3.692,-3.1416
2.6616,0.47566,3.8479,2.4904,0.50784,0.048571,-3.7196,-3.1534
2.722,0.51278,3.8568,2.4704,0.56066,0.017933,-3.746,-3.1647
2.7805,0.5504,3.8643,2.4503,0.61288,-0.012738,-3.7713,-3.1753
2.8373,0.58851,3.8702,2.43,0.66451,-0.043453,-3.7954,-3.1853
2.8922,0.6271,3.8747,2.4096,0.71552,-0.074223,-3.8183,-3.1947
2.9453,0.66618,3.8777,2.389,0.7659,-0.10506,-3.8399,-3.2034
2.9965,0.70571,3.8792,2.3683,0.81564,-0.13596,-3.8602,-3.2115
3.0458,0.7457,3.8791,2.3476,0.86472,-0.16695,-3.8793,-3.219
3.0932,0.78614,3.8774,2.3268,0.91314,-0.19804,-3.8971,-3.2259
3.1387,0.82701,3.8742,2.306,0.96087,-0.22922,-3.9136,-3.2322
3.1822,0.86829,3.8694,2.2851,1.0079,-0.26051,-3.9288,-3.2378
3.2237,0.90997,3.8629,2.2642,1.0542,-0.29192,-3.9426,-3.2428
3.2633,0.95204,3.8549,2.2433,1.0999,-0.32345,-3.9551,-3.2471
3.3008,0.99447,3.8452,2.2225,1.1448,-0.35512,-3.9662,-3.2508
3.3364,1.0373,3.8339,2.2017,1.1889,-0.38691,-3.976,-3.2538
3.3699,1.0804,3.821,2.1809,1.2323,-0.41885,-3.9843,-3.2562
3.4014,1.1238,3.8064,2.1603,1.2749,-0.45094,-3.9912,-3.258
3.4309,1.1675,3.7901,2.1397,1.3168,-0.48318,-3.9968,-3.2591
3.4583,1.2115,3.7722,2.1192,1.3579,-0.51557,-4.0009,-3.2595
3.4837,1.2557,3.7526,2.0988,1.3982,-0.54812,-4.0035,-3.2593
3.507,1.3001,3.7313,2.0785,1.4377,-0.58083,-4.0048,-3.2584
3.5282,1.3447,3.7083,2.0584,1.4764,-0.6137,-4.0045,-3.2568
3.5475,1.3895,3.6837,2.0383,1.5143,-0.64674,-4.0028,-3.2546
3.5646,1.4345,3.6574,2.0185,1.5513,-0.67993,-3.9997,-3.2517
3.5798,1.4795,3.6293,1.9988,1.5875,-0.71329,-3.9951,-3.2481
3.5929,1.5247,3.5997,1.9792,1.6229,-0.74681,-3.989,-3.2438
3.6039,1.5699,3.5683,1.9598,1.6574,-0.78049,-3.9814,-3.2389
3.6129,1.6151,3.5353,1.9406,1.6911,-0.81433,-3.9723,-3.2332
3.62,1.6604,3.5005,1.9216,1.7239,-0.84832,-3.9618,-3.2269
3.625,1.7056,3.4642,1.9027,1.7559,-0.88245,-3.9497,-3.2199
3.628,1.7508,3.4261,1.884,1.787,-0.91674,-3.9362,-3.2122
3.6291,1.7959,3.3865,1.8655,1.8172,-0.95116,-3.9212,-3.2037
3.6282,1.8409,3.3451,1.8472,1.8465,-0.98572,-3.9047,-3.1946
3.6253,1.8857,3.3022,1.829,1.8749,-1.0204,-3.8867,-3.1848
3.6206,1.9304,3.2577,1.811,1.9025,-1.0552,-3.8672,-3.1743
3.6139,1.9748,3.2115,1.7932,1.9291,-1.0901,-3.8462,-3.163
3.6054,2.019,3.1637,1.7756,1.9549,-1.1251,-3.8238,-3.1511
3.595,2.063,3.1144,1.7581,1.9797,-1.1602,-3.7999,-3.1384
3.5828,2.1067,3.0636,1.7408,2.0037,-1.1954,-3.7746,-3.1251
3.5688,2.15,3.0111,1.7237,2.0267,-1.2307,-3.7478,-3.111
3.553,2.193,2.9572,1.7067,2.0488,-1.266,-3.7195,-3.0962
3.5355,2.2356,2.9018,1.6899,2.0701,-1.3014,-3.6898,-3.0807
3.5163,2.2778,2.8449,1.6731,2.0904,-1.3368,-3.6587,-3.0644
3.4953,2.3196,2.7865,1.6566,2.1098,-1.3723,-3.6262,-3.0475
3.4728,2.3608,2.7267,1.6401,2.1283,-1.4077,-3.5923,-3.0298
3.4486,2.4016,2.6655,1.6237,2.1459,-1.4432,-3.5571,-3.0114
3.4229,2.4419,2.6029,1.6075,2.1626,-1.4786,-3.5204,-2.9924
3.3957,2.4816,2.5389,1.5913,2.1784,-1.514,-3.4824,-2.9726
3.3669,2.5207,2.4736,1.5752,2.1934,-1.5494,-3.4431,-2.9521
3.3367,2.5593,2.4071,1.5592,2.2074,-1.5847,-3.4024,-2.9308
3.3051,2.5972,2.3392,1.5432,2.2205,-1.62,-3.3605,-2.9089
3.2721,2.6344,2.2701,1.5272,2.2328,-1.6551,-3.3173,-2.8863
3.2377,2.6709,2.1998,1.5113,2.2441,-1.6902,-3.2728,-2.863
3.2021,2.7068,2.1283,1.4954,2.2546,-1.7251,-3.2271,-2.8391
3.1653,2.7419,2.0557,1.4795,2.2643,-1.76,-3.1803,-2.8144
3.1273,2.7763,1.982,1.4636,2.2731,-1.7946,-3.1322,-2.7891
3.0881,2.8099,1.9072,1.4476,2.281,-1.8291,-3.083,-2.7631
3.0478,2.8427,1.8314,1.4316,2.2881,-1.8635,-3.0326,-2.7364
3.0065,2.8748,1.7546,1.4155,2.2944,-1.8976,-2.9812,-2.7091
2.9642,2.906,1.6768,1.3994,2.2998,-1.9315,-2.9287,-2.6812
2.9209,2.9363,1.5981,1.3832,2.3044,-1.9652,-2.8752,-2.6526
2.8767,2.9658,1.5186,1.3669,2.3083,-1.9987,-2.8206,-2.6234
2.8317,2.9944,1.4382,1.3504,2.3114,-2.0319,-2.7651,-2.5936
2.7859,3.0221,1.357,1.3338,2.3137,-2.0648,-2.7087,-2.5633
2.7394,3.0489,1.275,1.3171,2.3152,-2.0975,-2.6513,-2.5323
2.6921,3.0749,1.1924,1.3002,2.316,-2.1299,-2.5931,-2.5007
2.6443,3.0998,1.109,1.2831,2.3161,-2.1619,-2.5341,-2.4687
2.5958,3.1239,1.0251,1.2658,2.3155,-2.1936,-2.4742,-2.436
2.5469,3.1469,0.94062,1.2484,2.3141,-2.225,-2.4136,-2.4029
2.4974,3.1691,0.8556,1.2307,2.3121,-2.256,-2.3523,-2.3692
2.4476,3.1902,0.77009,1.2128,2.3095,-2.2867,-2.2903,-2.3351
2.3974,3.2104,0.68416,1.1946,2.3062,-2.3169,-2.2277,-2.3005
2.3469,3.2297,0.59785,1.1762,2.3023,-2.3468,-2.1645,-2.2654
2.2961,3.2479,0.51121,1.1575,2.2978,-2.3763,-2.1007,-2.2299
2.2452,3.2651,0.42428,1.1385,2.2927,-2.4054,-2.0364,-2.194
2.1941,3.2814,0.33712,1.1192,2.2871,-2.434,-1.9717,-2.1577
2.1429,3.2967,0.24978,1.0996,2.2809,-2.4622,-1.9065,-2.121
2.0917,3.3109,0.16231,1.0798,2.2743,-2.4899,-1.841,-2.084
2.0406,3.3242,0.074754,1.0596,2.2671,-2.5172,-1.7751,-2.0467
1.9895,3.3365,-0.01283,1.039,2.2595,-2.544,-1.7089,-2.009
1.9386,3.3478,-0.10039,1.0181,2.2514,-2.5704,-1.6425,-1.9711
1.8878,3.3582,-0.18788,0.99692,2.2429,-2.5962,-1.5759,-1.9329
1.8373,3.3675,-0.27524,0.97535,2.2341,-2.6216,-1.5092,-1.8945
1.7871,3.3759,-0.36242,0.95342,2.2248,-2.6465,-1.4424,-1.8559
1.7373,3.3833,-0.44937,0.93112,2.2153,-2.6708,-1.3755,-1.8171
1.6879,3.3897,-0.53603,0.90846,2.2054,-2.6947,-1.3086,-1.7781
1.6389,3.3952,-0.62236,0.88542,2.1952,-2.718,-1.2418,-1.739
1.5904,3.3997,-0.7083,0.86201,2.1848,-2.7409,-1.1751,-1.6998
1.5425,3.4033,-0.7938,0.83822,2.1741,-2.7631,-1.1085,-1.6605
1.4952,3.406,-0.87879,0.81406,2.1632,-2.7849,-1.0421,-1.6212
1.4486,3.4077,-0.96325,0.78951,2.1522,-2.8061,-0.976,-1.5819
1.4027,3.4085,-1.0471,0.76459,2.141,-2.8268,-0.91015,-1.5425
1.3575,3.4085,-1.1303,0.73929,2.1297,-2.847,-0.84465,-1.5032
1.3131,3.4075,-1.2128,0.71362,2.1183,-2.8666,-0.77954,-1.464
1.2696,3.4056,-1.2945,0.68757,2.1069,-2.8856,-0.71486,-1.4248
1.227,3.4029,-1.3754,0.66115,2.0954,-2.9042,-0.65068,-1.3858
