0.77152,-0.60801,0.79181,-0.53515,0.50038,0.20676,-0.48241,0.2656
0.76674,-0.6003,0.789,-0.53588,0.49486,0.21174,-0.47507,0.27727
0.7617,-0.59218,0.7863,-0.53649,0.48938,0.2166,-0.46785,0.28872
0.75637,-0.58366,0.78371,-0.53698,0.48394,0.22133,-0.46077,0.29994
0.75075,-0.57472,0.78121,-0.53733,0.47852,0.22592,-0.45381,0.31091
0.74481,-0.56537,0.7788,-0.53756,0.47313,0.23037,-0.44697,0.32161
0.73854,-0.55561,0.77645,-0.53763,0.46776,0.23466,-0.44025,0.33204
0.73192,-0.54542,0.77417,-0.53756,0.4624,0.2388,-0.43366,0.34217
0.72493,-0.53482,0.77193,-0.53733,0.45706,0.24278,-0.42719,0.35199
0.71755,-0.52379,0.76973,-0.53694,0.45173,0.24659,-0.42083,0.36149
0.70977,-0.51234,0.76755,-0.53637,0.4464,0.25023,-0.41459,0.37066
0.70156,-0.50047,0.76538,-0.53563,0.44107,0.25368,-0.40846,0.37948
0.69292,-0.48818,0.76321,-0.5347,0.43573,0.25695,-0.40244,0.38794
0.68382,-0.47546,0.76102,-0.53357,0.43038,0.26003,-0.39652,0.39603
0.67425,-0.46232,0.7588,-0.53225,0.42501,0.2629,-0.39071,0.40373
0.66419,-0.44877,0.75653,-0.53071,0.41962,0.26557,-0.38499,0.41104
0.65362,-0.4348,0.75421,-0.52896,0.4142,0.26804,-0.37936,0.41794
0.64253,-0.42041,0.75181,-0.52699,0.40875,0.27029,-0.37382,0.42443
0.63091,-0.40562,0.74932,-0.52478,0.40325,0.27232,-0.36837,0.43049
0.61874,-0.39042,0.74672,-0.52234,0.3977,0.27413,-0.36299,0.43611
0.606,-0.37481,0.74401,-0.51966,0.39209,0.27571,-0.35768,0.44129
0.59269,-0.35881,0.74115,-0.51672,0.38643,0.27706,-0.35244,0.44601
0.57878,-0.34242,0.73815,-0.51352,0.38069,0.27817,-0.34725,0.45028
0.56427,-0.32563,0.73497,-0.51006,0.37488,0.27905,-0.34212,0.45407
0.54915,-0.30847,0.73161,-0.50632,0.36898,0.27968,-0.33703,0.45739
0.53339,-0.29094,0.72804,-0.5023,0.36299,0.28006,-0.33198,0.46023
0.517,-0.27303,0.72425,-0.498,0.3569,0.2802,-0.32696,0.46258
0.49996,-0.25477,0.72023,-0.49341,0.35071,0.28009,-0.32196,0.46444
0.48226,-0.23616,0.71595,-0.48851,0.34439,0.27973,-0.31697,0.4658
0.46389,-0.2172,0.7114,-0.48332,0.33796,0.27911,-0.31199,0.46667
0.44485,-0.19791,0.70657,-0.47781,0.3314,0.27823,-0.30701,0.46704
0.42513,-0.1783,0.70143,-0.47199,0.3247,0.2771,-0.30201,0.4669
0.40472,-0.15838,0.69597,-0.46585,0.31785,0.27571,-0.297,0.46626
0.38362,-0.13815,0.69017,-0.45938,0.31085,0.27406,-0.29195,0.46511
0.36183,-0.11763,0.68401,-0.45258,0.30368,0.27216,-0.28687,0.46346
0.33933,-0.096831,0.67748,-0.44545,0.29635,0.26999,-0.28173,0.4613
0.31614,-0.075762,0.67056,-0.43797,0.28883,0.26757,-0.27654,0.45864
0.29224,-0.054436,0.66324,-0.43016,0.28114,0.26489,-0.27128,0.45548
0.26763,-0.032865,0.6555,-0.422,0.27324,0.26195,-0.26594,0.45182
0.24232,-0.011063,0.64731,-0.41349,0.26515,0.25876,-0.26052,0.44766
0.21632,0.010957,0.63868,-0.40463,0.25684,0.25532,-0.25499,0.44301
0.18961,0.033183,0.62957,-0.39541,0.24832,0.25163,-0.24936,0.43788
0.16221,0.055599,0.61999,-0.38583,0.23958,0.24769,-0.2436,0.43227
0.13412,0.078193,0.6099,-0.3759,0.23061,0.2435,-0.23772,0.42618
0.10535,0.10095,0.5993,-0.36561,0.22139,0.23907,-0.23171,0.41962
0.075899,0.12385,0.58817,-0.35495,0.21193,0.23441,-0.22554,0.4126
0.045783,0.14689,0.57651,-0.34394,0.20222,0.22951,-0.21921,0.40512
0.015011,0.17005,0.56429,-0.33256,0.19226,0.22437,-0.21272,0.3972
-0.016408,0.19331,0.5515,-0.32081,0.18203,0.21902,-0.20605,0.38885
-0.048462,0.21665,0.53814,-0.30871,0.17153,0.21343,-0.19919,0.38006
-0.081136,0.24007,0.52419,-0.29625,0.16075,0.20764,-0.19213,0.37086
-0.11442,0.26354,0.50964,-0.28342,0.1497,0.20163,-0.18487,0.36125
-0.14829,0.28706,0.49448,-0.27024,0.13836,0.19541,-0.17739,0.35124
-0.18274,0.31059,0.4787,-0.2567,0.12673,0.18899,-0.16969,0.34085
-0.21774,0.33414,0.46229,-0.24281,0.11481,0.18238,-0.16176,0.33008
-0.25328,0.35767,0.44525,-0.22857,0.10259,0.17558,-0.15358,0.31895
-0.28933,0.38118,0.42756,-0.21398,0.090072,0.16859,-0.14516,0.30746
-0.32588,0.40465,0.40922,-0.19905,0.077253,0.16143,-0.13647,0.29565
-0.3629,0.42806,0.39023,-0.18377,0.06413,0.1541,-0.12753,0.2835
-0.40037,0.45139,0.37058,-0.16817,0.050701,0.14661,-0.11831,0.27105
-0.43826,0.47463,0.35027,-0.15223,0.036965,0.13896,-0.10882,0.2583
-0.47655,0.49776,0.32929,-0.13597,0.022921,0.13116,-0.099043,0.24526
-0.51521,0.52077,0.30763,-0.11939,0.0085688,0.12322,-0.088977,0.23196
-0.55421,0.54363,0.28531,-0.1025,-0.0060905,0.11514,-0.078617,0.2184
-0.59352,0.56634,0.26232,-0.085309,-0.021056,0.10694,-0.067957,0.2046
-0.63311,0.58887,0.23866,-0.067815,-0.036327,0.098624,-0.056994,0.19058
-0.67295,0.6112,0.21433,-0.050031,-0.0519,0.090193,-0.045725,0.17635
-0.71301,0.63333,0.18934,-0.031965,-0.067773,0.081658,-0.034145,0.16191
-0.75326,0.65523,0.16368,-0.013624,-0.083943,0.073028,-0.022252,0.1473
-0.79365,0.67688,0.13737,0.0049831,-0.1004,0.06431,-0.010045,0.13253
-0.83416,0.69828,0.11041,0.023846,-0.11715,0.055512,0.0024786,0.1176
-0.87475,0.7194,0.082806,0.042957,-0.13419,0.046642,0.015319,0.10254
-0.91538,0.74023,0.054566,0.062304,-0.15149,0.037708,0.028477,0.087361
-0.95601,0.76074,0.0257,0.081879,-0.16907,0.028718,0.041951,0.072077
-0.99662,0.78093,-0.003781,0.10167,-0.18691,0.01968,0.05574,0.056705
-1.0372,0.80078,-0.033866,0.12166,-0.20501,0.010601,0.069844,0.041261
-1.0776,0.82027,-0.064542,0.14185,-0.22335,0.0014904,0.084259,0.025758
-1.1179,0.83938,-0.095796,0.16223,-0.24193,-0.0076448,0.098982,0.010214
-1.1579,0.85811,-0.12761,0.18277,-0.26073,-0.016797,0.11401,-0.0053577
-1.1978,0.87642,-0.15997,0.20347,-0.27976,-0.025958,0.12934,-0.020941
-1.2374,0.89431,-0.19287,0.22431,-0.29898,-0.03512,0.14496,-0.036521
-1.2767,0.91177,-0.22627,0.24528,-0.3184,-0.044275,0.16087,-0.052082
-1.3156,0.92876,-0.26016,0.26637,-0.338,-0.053417,0.17707,-0.067611
-1.3541,0.94529,-0.29453,0.28757,-0.35777,-0.062537,0.19354,-0.083091
-1.3922,0.96133,-0.32934,0.30886,-0.3777,-0.071628,0.21027,-0.098508
-1.4298,0.97687,-0.36458,0.33022,-0.39776,-0.080682,0.22727,-0.11385
-1.4669,0.99189,-0.40023,0.35164,-0.41795,-0.089694,0.24451,-0.1291
-1.5035,1.0064,-0.43625,0.3731,-0.43825,-0.098654,0.262,-0.14424
-1.5394,1.0203,-0.47262,0.3946,-0.45864,-0.10756,0.27971,-0.15926
-1.5747,1.0337,-0.50932,0.41611,-0.47911,-0.11639,0.29764,-0.17415
-1.6093,1.0465,-0.54631,0.43761,-0.49964,-0.12516,0.31577,-0.18889
-1.6432,1.0587,-0.58358,0.4591,-0.52021,-0.13385,0.3341,-0.20347
-1.6763,1.0703,-0.62108,0.48055,-0.54081,-0.14245,0.35261,-0.21788
-1.7087,1.0813,-0.65879,0.50195,-0.56142,-0.15096,0.37128,-0.2321
-1.7402,1.0917,-0.69668,0.52328,-0.58201,-0.15937,0.39011,-0.24611
-1.7708,1.1014,-0.73471,0.54453,-0.60258,-0.16768,0.40907,-0.25992
-1.8004,1.1104,-0.77285,0.56567,-0.62309,-0.17587,0.42815,-0.27349
-1.8292,1.1188,-0.81107,0.58668,-0.64353,-0.18395,0.44734,-0.28683
-1.8569,1.1264,-0.84933,0.60756,-0.66388,-0.1919,0.46661,-0.29992
-1.8836,1.1334,-0.8876,0.62828,-0.68412,-0.19972,0.48595,-0.31274
-1.9093,1.1397,-0.92584,0.64881,-0.70423,-0.20741,0.50535,-0.32529
-1.9339,1.1452,-0.96402,0.66916,-0.72419,-0.21495,0.52479,-0.33755
-1.9573,1.15,-1.0021,0.68928,-0.74398,-0.22234,0.54424,-0.34951
-1.9796,1.154,-1.04,0.70917,-0.76357,-0.22957,0.56369,-0.36117
-2.0007,1.1573,-1.0778,0.72881,-0.78295,-0.23665,0.58312,-0.3725
-2.0205,1.1598,-1.1153,0.74817,-0.80209,-0.24356,0.60251,-0.3835
-2.0391,1.1615,-1.1526,0.76725,-0.82098,-0.25029,0.62184,-0.39416
-2.0565,1.1624,-1.1896,0.786,-0.83958,-0.25684,0.64109,-0.40446
-2.0726,1.1626,-1.2263,0.80443,-0.85789,-0.26321,0.66024,-0.4144
-2.0873,1.1618,-1.2626,0.8225,-0.87588,-0.26939,0.67927,-0.42397
-2.1007,1.1603,-1.2985,0.8402,-0.89352,-0.27537,0.69817,-0.43315
-2.1127,1.1579,-1.334,0.85751,-0.91081,-0.28114,0.7169,-0.44194
-2.1234,1.1547,-1.3689,0.8744,-0.92771,-0.28671,0.73545,-0.45033
-2.1326,1.1506,-1.4034,0.89086,-0.94421,-0.29206,0.7538,-0.4583
-2.1404,1.1457,-1.4372,0.90687,-0.96029,-0.29719,0.77192,-0.46585
-2.1468,1.1399,-1.4705,0.92241,-0.97592,-0.30209,0.7898,-0.47297
-2.1518,1.1332,-1.5031,0.93745,-0.9911,-0.30675,0.80742,-0.47965
-2.1553,1.1256,-1.5351,0.95199,-1.0058,-0.31118,0.82476,-0.48588
-2.1573,1.1172,-1.5663,0.96599,-1.02,-0.31536,0.84179,-0.49166
-2.1579,1.1078,-1.5968,0.97943,-1.0337,-0.31929,0.8585,-0.49697
-2.1569,1.0976,-1.6264,0.99231,-1.0468,-0.32295,0.87487,-0.50181
-2.1545,1.0864,-1.6553,1.0046,-1.0594,-0.32636,0.89087,-0.50617
-2.1506,1.0744,-1.6833,1.0163,-1.0715,-0.32949,0.90649,-0.51004
-2.1453,1.0614,-1.7104,1.0273,-1.0829,-0.33234,0.92171,-0.51341
-2.1384,1.0475,-1.7366,1.0377,-1.0938,-0.33491,0.93652,-0.51628
-2.1301,1.0327,-1.7618,1.0474,-1.1041,-0.3372,0.95088,-0.51864
-2.1203,1.017,-1.786,1.0565,-1.1137,-0.33918,0.96479,-0.52049
-2.109,1.0004,-1.8091,1.0648,-1.1227,-0.34086,0.97823,-0.52182
-2.0962,0.98285,-1.8313,1.0724,-1.131,-0.34223,0.99118,-0.52261
-2.082,0.9644,-1.8523,1.0793,-1.1387,-0.34329,1.0036,-0.52287
-2.0664,0.94505,-1.8722,1.0855,-1.1458,-0.34402,1.0156,-0.5226
-2.0493,0.92478,-1.891,1.0908,-1.1521,-0.34443,1.027,-0.52177
-2.0308,0.90362,-1.9086,1.0954,-1.1578,-0.3445,1.0378,-0.5204
-2.011,0.88156,-1.925,1.0991,-1.1628,-0.34423,1.0481,-0.51847
-1.9897,0.85861,-1.9402,1.1021,-1.167,-0.34361,1.0578,-0.51599
-1.9671,0.83478,-1.9542,1.1042,-1.1706,-0.34264,1.0669,-0.51294
-1.9432,0.81007,-1.9668,1.1055,-1.1735,-0.34131,1.0755,-0.50932
-1.918,0.7845,-1.9783,1.1059,-1.1756,-0.33962,1.0834,-0.50514
-1.8914,0.75808,-1.9884,1.1054,-1.177,-0.33755,1.0907,-0.50038
-1.8637,0.73081,-1.9972,1.1041,-1.1778,-0.3351,1.0974,-0.49504
-1.8346,0.7027,-2.0047,1.1019,-1.1778,-0.33228,1.1035,-0.48913
-1.8044,0.67378,-2.0108,1.0987,-1.177,-0.32906,1.1089,-0.48263
-1.773,0.64406,-2.0156,1.0946,-1.1756,-0.32545,1.1137,-0.47555
-1.7405,0.61354,-2.019,1.0897,-1.1735,-0.32144,1.1178,-0.46789
-1.7069,0.58226,-2.0211,1.0837,-1.1706,-0.31702,1.1213,-0.45965
-1.6722,0.55022,-2.0218,1.0769,-1.167,-0.3122,1.1241,-0.45082
-1.6365,0.51744,-2.021,1.069,-1.1628,-0.30696,1.1263,-0.44141
-1.5997,0.48394,-2.0189,1.0603,-1.1578,-0.30131,1.1278,-0.43142
-1.562,0.44975,-2.0155,1.0505,-1.1521,-0.29523,1.1286,-0.42084
-1.5234,0.41489,-2.0106,1.0399,-1.1458,-0.28872,1.1288,-0.40968
-1.4839,0.37937,-2.0043,1.0282,-1.1388,-0.28179,1.1283,-0.39795
-1.4435,0.34322,-1.9967,1.0156,-1.1311,-0.27442,1.1272,-0.38564
-1.4024,0.30648,-1.9877,1.002,-1.1228,-0.26661,1.1254,-0.37275
-1.3605,0.26915,-1.9773,0.98739,-1.1139,-0.25837,1.123,-0.3593
-1.3178,0.23128,-1.9655,0.97185,-1.1043,-0.24969,1.1199,-0.34528
-1.2745,0.19289,-1.9524,0.95534,-1.0941,-0.24056,1.1162,-0.33071
-1.2305,0.154,-1.938,0.93787,-1.0833,-0.23099,1.1118,-0.31558
-1.1859,0.11466,-1.9222,0.91943,-1.0719,-0.22098,1.1069,-0.2999
-1.1408,0.074879,-1.9051,0.90004,-1.0599,-0.21052,1.1013,-0.28368
-1.0952,0.034705,-1.8867,0.8797,-1.0474,-0.19962,1.0951,-0.26693
-1.0491,-0.0058348,-1.8671,0.85841,-1.0344,-0.18828,1.0883,-0.24965
-1.0025,-0.046705,-1.8461,0.83619,-1.0208,-0.17649,1.0809,-0.23185
-0.95561,-0.087872,-1.824,0.81304,-1.0067,-0.16426,1.073,-0.21355
-0.90836,-0.1293,-1.8006,0.78898,-0.99217,-0.1516,1.0645,-0.19474
-0.86082,-0.17095,-1.776,0.76402,-0.97714,-0.1385,1.0554,-0.17545
-0.81302,-0.21279,-1.7503,0.73817,-0.96166,-0.12497,1.0458,-0.15569
-0.76502,-0.25477,-1.7234,0.71144,-0.94575,-0.11102,1.0357,-0.13546
-0.71684,-0.29687,-1.6954,0.68385,-0.92943,-0.09664,1.025,-0.11478
-0.66855,-0.33904,-1.6663,0.65542,-0.91272,-0.081849,1.0139,-0.093662
-0.62017,-0.38124,-1.6362,0.62617,-0.89564,-0.06665,1.0023,-0.072121
-0.57175,-0.42342,-1.605,0.5961,-0.87821,-0.051049,0.99024,-0.050171
-0.52332,-0.46556,-1.5729,0.56525,-0.86046,-0.035054,0.97772,-0.027828
-0.47494,-0.5076,-1.5397,0.53364,-0.84239,-0.018675,0.96478,-0.0051082
-0.42663,-0.54951,-1.5057,0.50128,-0.82404,-0.0019197,0.95142,0.017971
-0.37844,-0.59124,-1.4708,0.4682,-0.80542,0.0152,0.93766,0.041393
-0.3304,-0.63275,-1.435,0.43442,-0.78656,0.032675,0.92352,0.065138
-0.28255,-0.674,-1.3984,0.39998,-0.76747,0.050493,0.90901,0.089188
-0.23493,-0.71494,-1.361,0.36489,-0.74817,0.06864,0.89416,0.11352
-0.18757,-0.75554,-1.3229,0.32919,-0.7287,0.087105,0.87898,0.13812
-0.1405,-0.79573,-1.2841,0.2929,-0.70905,0.10587,0.86349,0.16296
-0.093767,-0.8355,-1.2446,0.25605,-0.68927,0.12493,0.84771,0.18803
-0.047391,-0.87478,-1.2044,0.21868,-0.66936,0.14426,0.83165,0.21329
-0.0014081,-0.91354,-1.1637,0.18081,-0.64934,0.16384,0.81533,0.23873
0.044153,-0.95173,-1.1224,0.14248,-0.62924,0.18367,0.79877,0.26432
0.089264,-0.98932,-1.0806,0.10372,-0.60907,0.20372,0.78198,0.29004
0.1339,-1.0262,-1.0384,0.064568,-0.58885,0.22397,0.76498,0.31586
0.17802,-1.0625,-0.9957,0.025057,-0.5686,0.2444,0.74779,0.34176
0.22162,-1.098,-0.95262,-0.014776,-0.54834,0.265,0.73043,0.36771
0.26467,-1.1327,-0.90918,-0.054894,-0.52808,0.28574,0.7129,0.39369
0.30713,-1.1666,-0.86543,-0.095261,-0.50784,0.30661,0.69523,0.41967
0.349,-1.1996,-0.82141,-0.13584,-0.48763,0.32758,0.67743,0.44561
0.39025,-1.2318,-0.77715,-0.17658,-0.46747,0.34862,0.65952,0.4715
0.43086,-1.263,-0.7327,-0.21746,-0.44738,0.36972,0.6415,0.49731
0.47082,-1.2932,-0.68809,-0.25843,-0.42736,0.39085,0.6234,0.523
0.51011,-1.3224,-0.64336,-0.29946,-0.40743,0.41199,0.60522,0.54854
0.54871,-1.3505,-0.59855,-0.34049,-0.38761,0.43311,0.58698,0.57392
0.58661,-1.3776,-0.55369,-0.38149,-0.3679,0.45418,0.56869,0.59909
0.62381,-1.4035,-0.50882,-0.42241,-0.34831,0.47519,0.55037,0.62403
0.66027,-1.4283,-0.46398,-0.46322,-0.32886,0.49611,0.53201,0.64871
0.69601,-1.4519,-0.4192,-0.50388,-0.30955,0.5169,0.51364,0.6731
0.731,-1.4742,-0.37451,-0.54433,-0.2904,0.53754,0.49526,0.69716
0.76525,-1.4953,-0.32996,-0.58454,-0.2714,0.55801,0.47688,0.72088
0.79874,-1.5151,-0.28556,-0.62446,-0.25257,0.57828,0.45852,0.7442
0.83148,-1.5336,-0.24136,-0.66406,-0.23392,0.59831,0.44017,0.76712
0.86345,-1.5508,-0.19739,-0.70328,-0.21544,0.61809,0.42184,0.78959
0.89466,-1.5666,-0.15367,-0.74209,-0.19715,0.63758,0.40355,0.81158
0.9251,-1.581,-0.11023,-0.78044,-0.17904,0.65676,0.38529,0.83307
0.95478,-1.594,-0.067108,-0.81829,-0.16112,0.67559,0.36707,0.85402
0.9837,-1.6056,-0.024321,-0.8556,-0.1434,0.69405,0.34889,0.87441
1.0119,-1.6157,0.018101,-0.89232,-0.12587,0.71211,0.33077,0.8942
1.0393,-1.6244,0.060135,-0.92842,-0.10853,0.72975,0.31269,0.91337
1.0659,-1.6316,0.10176,-0.96385,-0.091382,0.74692,0.29467,0.93188
1.0918,-1.6372,0.14294,-0.99858,-0.074429,0.76362,0.2767,0.94971
1.117,-1.6414,0.18367,-1.0326,-0.057666,0.7798,0.25879,0.96683
1.1414,-1.644,0.22392,-1.0657,-0.041092,0.79544,0.24093,0.98321
1.1651,-1.6451,0.26368,-1.0981,-0.024702,0.81051,0.22312,0.99883
1.1881,-1.6446,0.30293,-1.1296,-0.0084943,0.82499,0.20537,1.0136
1.2104,-1.6426,0.34164,-1.1602,0.007537,0.83885,0.18767,1.0276
1.2319,-1.6391,0.37981,-1.1899,0.023397,0.85207,0.17001,1.0408
1.2529,-1.6339,0.41742,-1.2185,0.03909,0.8646,0.1524,1.0531
1.2731,-1.6272,0.45446,-1.2462,0.054625,0.87645,0.13483,1.0645
1.2927,-1.619,0.49091,-1.2729,0.070006,0.88756,0.1173,1.075
1.3116,-1.6092,0.52677,-1.2984,0.085243,0.89794,0.099802,1.0845
1.3299,-1.5978,0.56203,-1.3228,0.10034,0.90754,0.08233,1.0931
1.3476,-1.5848,0.59667,-1.3462,0.11531,0.91634,0.06488,1.1006
1.3647,-1.5703,0.6307,-1.3683,0.13016,0.92433,0.047445,1.1072
1.3812,-1.5543,0.6641,-1.3892,0.1449,0.93149,0.030019,1.1128
1.3972,-1.5367,0.69687,-1.4089,0.15954,0.93778,0.012595,1.1173
1.4126,-1.5177,0.72901,-1.4274,0.17409,0.9432,-0.0048336,1.1208
1.4274,-1.497,0.76052,-1.4446,0.18856,0.94772,-0.022275,1.1232
1.4418,-1.4749,0.79139,-1.4605,0.20296,0.95132,-0.039737,1.1245
1.4556,-1.4514,0.82162,-1.475,0.2173,0.95399,-0.057228,1.1247
1.469,-1.4263,0.85122,-1.4883,0.23159,0.95571,-0.074755,1.1238
1.4819,-1.3998,0.88018,-1.5001,0.24585,0.95646,-0.092327,1.1217
1.4944,-1.3719,0.90852,-1.5106,0.26008,0.95623,-0.10995,1.1185
1.5064,-1.3425,0.93622,-1.5197,0.2743,0.95501,-0.12764,1.1142
1.5181,-1.3118,0.9633,-1.5274,0.28852,0.95278,-0.1454,1.1087
1.5293,-1.2797,0.98977,-1.5336,0.30275,0.94954,-0.16324,1.102
1.5402,-1.2463,1.0156,-1.5384,0.31701,0.94526,-0.18117,1.0942
1.5507,-1.2115,1.0409,-1.5418,0.3313,0.93994,-0.1992,1.0852
1.5609,-1.1755,1.0655,-1.5437,0.34564,0.93358,-0.21733,1.075
1.5707,-1.1382,1.0896,-1.5441,0.36004,0.92616,-0.23558,1.0636
1.5803,-1.0997,1.1131,-1.5431,0.3745,0.91768,-0.25395,1.0511
1.5896,-1.0599,1.136,-1.5405,0.38906,0.90813,-0.27245,1.0373
1.5986,-1.019,1.1583,-1.5366,0.4037,0.89751,-0.2911,1.0224
1.6074,-0.97699,1.1802,-1.5311,0.41845,0.88581,-0.3099,1.0063
1.6159,-0.93384,1.2014,-1.5241,0.43332,0.87304,-0.32885,0.98902
1.6242,-0.88963,1.2222,-1.5157,0.44832,0.85919,-0.34796,0.97056
1.6324,-0.84438,1.2424,-1.5058,0.46345,0.84426,-0.36725,0.95092
1.6403,-0.79813,1.2621,-1.4944,0.47873,0.82826,-0.38672,0.93013
1.6481,-0.75092,1.2814,-1.4815,0.49418,0.81118,-0.40637,0.90817
1.6557,-0.70278,1.3002,-1.4672,0.50979,0.79303,-0.42622,0.88508
1.6632,-0.65375,1.3185,-1.4514,0.52558,0.77382,-0.44626,0.86084
1.6706,-0.60387,1.3364,-1.4342,0.54155,0.75355,-0.46651,0.83548
1.6778,-0.55318,1.3538,-1.4155,0.55773,0.73222,-0.48697,0.809
1.685,-0.50171,1.3708,-1.3954,0.5741,0.70984,-0.50764,0.78143
1.692,-0.44952,1.3874,-1.3739,0.59069,0.68643,-0.52853,0.75277
1.699,-0.39663,1.4037,-1.351,0.60749,0.66199,-0.54964,0.72304
1.706,-0.3431,1.4195,-1.3267,0.62453,0.63654,-0.57098,0.69225
1.7128,-0.28896,1.435,-1.3011,0.64179,0.61008,-0.59255,0.66042
1.7197,-0.23425,1.4502,-1.2741,0.65929,0.58263,-0.61434,0.62758
1.7265,-0.17902,1.465,-1.2458,0.67703,0.55421,-0.63637,0.59374
1.7333,-0.12331,1.4795,-1.2162,0.69502,0.52482,-0.65863,0.55892
1.7401,-0.067166,1.4936,-1.1853,0.71326,0.49448,-0.68113,0.52314
1.7468,-0.010625,1.5075,-1.1531,0.73176,0.46322,-0.70386,0.48643
1.7536,0.046268,1.5212,-1.1197,0.75051,0.43104,-0.72682,0.4488
1.7604,0.10347,1.5345,-1.0851,0.76952,0.39797,-0.75002,0.41029
1.7672,0.16093,1.5476,-1.0493,0.78879,0.36403,-0.77345,0.37091
1.774,0.21862,1.5605,-1.0124,0.80832,0.32923,-0.7971,0.3307
1.7809,0.27648,1.5731,-0.9743,0.82812,0.2936,-0.82098,0.28967
1.7878,0.33447,1.5855,-0.93511,0.84818,0.25716,-0.84508,0.24786
1.7947,0.39256,1.5978,-0.89484,0.8685,0.21994,-0.8694,0.20529
1.8017,0.45068,1.6098,-0.85353,0.88908,0.18195,-0.89393,0.162
1.8087,0.50882,1.6216,-0.8112,0.90991,0.14323,-0.91867,0.118
1.8158,0.56691,1.6333,-0.76789,0.931,0.10379,-0.94361,0.073344
1.8229,0.62491,1.6448,-0.72363,0.95235,0.063665,-0.96874,0.028047
1.83,0.68279,1.6562,-0.67845,0.97393,0.022878,-0.99406,-0.017856
1.8372,0.7405,1.6674,-0.63238,0.99576,-0.018542,-1.0196,-0.064332
1.8445,0.798,1.6785,-0.58547,1.0178,-0.060567,-1.0452,-0.11135
1.8518,0.85525,1.6894,-0.53774,1.0401,-0.10317,-1.0711,-0.15887
1.8591,0.9122,1.7003,-0.48922,1.0627,-0.14632,-1.0971,-0.20687
1.8665,0.96881,1.711,-0.43997,1.0854,-0.18999,-1.1232,-0.25531
1.874,1.025,1.7216,-0.39001,1.1083,-0.23415,-1.1494,-0.30415
1.8814,1.0809,1.7322,-0.33937,1.1315,-0.27876,-1.1758,-0.35336
1.889,1.1362,1.7426,-0.28811,1.1548,-0.3238,-1.2023,-0.4029
1.8965,1.1911,1.7529,-0.23624,1.1784,-0.36924,-1.2289,-0.45275
1.9041,1.2454,1.7632,-0.18382,1.202,-0.41504,-1.2556,-0.50285
1.9117,1.2992,1.7734,-0.13088,1.2259,-0.46116,-1.2823,-0.55318
1.9193,1.3523,1.7835,-0.077465,1.2499,-0.50759,-1.3091,-0.6037
1.9269,1.4048,1.7935,-0.023605,1.274,-0.55428,-1.336,-0.65436
1.9346,1.4566,1.8034,0.030656,1.2983,-0.6012,-1.3628,-0.70514
1.9422,1.5077,1.8133,0.085279,1.3227,-0.64832,-1.3897,-0.756
1.9498,1.558,1.8231,0.14022,1.3472,-0.6956,-1.4166,-0.80689
1.9574,1.6076,1.8329,0.19545,1.3717,-0.74301,-1.4435,-0.85778
1.965,1.6563,1.8425,0.25092,1.3964,-0.79052,-1.4703,-0.90864
1.9726,1.7042,1.8521,0.30658,1.4211,-0.83808,-1.4971,-0.95942
1.9801,1.7512,1.8617,0.36241,1.4458,-0.88567,-1.5238,-1.0101
1.9875,1.7972,1.8711,0.41836,1.4706,-0.93325,-1.5505,-1.0606
1.9949,1.8423,1.8805,0.47438,1.4954,-0.98078,-1.577,-1.1109
2.0022,1.8865,1.8898,0.53044,1.5201,-1.0282,-1.6034,-1.161
2.0094,1.9296,1.8991,0.5865,1.5449,-1.0756,-1.6297,-1.2108
2.0166,1.9717,1.9082,0.64252,1.5696,-1.1228,-1.6559,-1.2603
2.0236,2.0127,1.9173,0.69845,1.5942,-1.1698,-1.6818,-1.3095
2.0305,2.0526,1.9263,0.75426,1.6188,-1.2166,-1.7076,-1.3583
2.0373,2.0915,1.9351,0.8099,1.6433,-1.2631,-1.7332,-1.4067
2.0439,2.1292,1.9439,0.86533,1.6677,-1.3093,-1.7586,-1.4546
2.0504,2.1657,1.9526,0.92052,1.6919,-1.3552,-1.7837,-1.502
2.0567,2.2011,1.9612,0.97542,1.716,-1.4008,-1.8085,-1.5489
2.0628,2.2352,1.9697,1.03,1.74,-1.446,-1.8331,-1.5953
2.0687,2.2681,1.978,1.0842,1.7637,-1.4907,-1.8574,-1.641
2.0745,2.2998,1.9862,1.138,1.7873,-1.535,-1.8814,-1.6861
2.0799,2.3302,1.9943,1.1914,1.8106,-1.5787,-1.905,-1.7305
2.0852,2.3594,2.0023,1.2442,1.8337,-1.622,-1.9283,-1.7743
2.0902,2.3873,2.0101,1.2966,1.8565,-1.6647,-1.9512,-1.8173
2.0949,2.4138,2.0177,1.3484,1.8791,-1.7068,-1.9738,-1.8595
2.0994,2.439,2.0252,1.3996,1.9013,-1.7483,-1.9959,-1.9009
2.1035,2.4629,2.0325,1.4502,1.9232,-1.7891,-2.0176,-1.9415
2.1074,2.4855,2.0396,1.5001,1.9448,-1.8292,-2.0389,-1.9812
2.1109,2.5067,2.0465,1.5493,1.9661,-1.8686,-2.0597,-2.02
2.1141,2.5265,2.0533,1.5978,1.9869,-1.9073,-2.08,-2.0579
2.1169,2.545,2.0598,1.6455,2.0074,-1.9451,-2.0999,-2.0949
2.1194,2.5621,2.0661,1.6923,2.0274,-1.9822,-2.1192,-2.1308
2.1215,2.5777,2.0722,1.7384,2.047,-2.0185,-2.138,-2.1658
2.1232,2.592,2.0781,1.7835,2.0661,-2.0538,-2.1562,-2.1997
2.1245,2.6049,2.0837,1.8278,2.0848,-2.0883,-2.1739,-2.2325
2.1253,2.6164,2.089,1.8711,2.103,-2.1219,-2.191,-2.2643
2.1257,2.6265,2.0941,1.9135,2.1206,-2.1545,-2.2076,-2.2949
2.1257,2.6352,2.0989,1.9548,2.1378,-2.1862,-2.2235,-2.3244
2.1252,2.6424,2.1034,1.9952,2.1543,-2.2168,-2.2388,-2.3527
2.1242,2.6483,2.1076,2.0345,2.1704,-2.2465,-2.2534,-2.3799
2.1228,2.6528,2.1115,2.0727,2.1858,-2.2751,-2.2674,-2.4059
2.1208,2.6558,2.1151,2.1098,2.2006,-2.3026,-2.2807,-2.4306
2.1183,2.6575,2.1184,2.1457,2.2148,-2.3291,-2.2934,-2.4541
2.1153,2.6578,2.1213,2.1805,2.2283,-2.3545,-2.3053,-2.4764
2.1117,2.6567,2.1239,2.2142,2.2412,-2.3787,-2.3166,-2.4974
2.1076,2.6542,2.1261,2.2466,2.2535,-2.4018,-2.3271,-2.5171
2.1029,2.6503,2.1279,2.2778,2.265,-2.4237,-2.3369,-2.5355
2.0976,2.6451,2.1294,2.3077,2.2758,-2.4445,-2.3459,-2.5526
2.0918,2.6385,2.1304,2.3364,2.286,-2.4641,-2.3542,-2.5684
2.0853,2.6305,2.1311,2.3638,2.2953,-2.4825,-2.3617,-2.5828
2.0783,2.6213,2.1313,2.3899,2.304,-2.4996,-2.3685,-2.5959
2.0706,2.6107,2.1312,2.4147,2.3119,-2.5155,-2.3744,-2.6076
2.0623,2.5988,2.1306,2.4382,2.319,-2.5302,-2.3795,-2.618
2.0533,2.5856,2.1295,2.4603,2.3253,-2.5436,-2.3839,-2.6271
2.0437,2.5711,2.128,2.4811,2.3308,-2.5558,-2.3874,-2.6347
2.0335,2.5554,2.1261,2.5005,2.3355,-2.5667,-2.3901,-2.641
2.0226,2.5384,2.1237,2.5185,2.3393,-2.5763,-2.392,-2.646
2.011,2.5201,2.1208,2.5351,2.3424,-2.5846,-2.393,-2.6495
1.9988,2.5007,2.1174,2.5504,2.3446,-2.5916,-2.3932,-2.6517
1.9858,2.4801,2.1135,2.5642,2.3459,-2.5973,-2.3925,-2.6525
1.9722,2.4582,2.1091,2.5766,2.3464,-2.6017,-2.391,-2.652
1.9579,2.4353,2.1042,2.5876,2.346,-2.6048,-2.3886,-2.6501
1.9428,2.4112,2.0988,2.5972,2.3447,-2.6066,-2.3854,-2.6468
1.9271,2.3859,2.0928,2.6054,2.3426,-2.6071,-2.3813,-2.6422
1.9107,2.3596,2.0863,2.6121,2.3395,-2.6063,-2.3763,-2.6363
1.8935,2.3322,2.0793,2.6174,2.3356,-2.6041,-2.3705,-2.629
1.8757,2.3038,2.0717,2.6213,2.3307,-2.6007,-2.3637,-2.6204
1.8571,2.2743,2.0636,2.6238,2.325,-2.596,-2.3562,-2.6104
1.8378,2.2438,2.0549,2.6249,2.3183,-2.5899,-2.3477,-2.5992
1.8178,2.2124,2.0457,2.6246,2.3107,-2.5826,-2.3384,-2.5867
1.7971,2.18,2.0358,2.6228,2.3022,-2.574,-2.3282,-2.5729
1.7757,2.1467,2.0254,2.6197,2.2928,-2.5642,-2.3171,-2.5579
1.7535,2.1125,2.0145,2.6152,2.2825,-2.553,-2.3051,-2.5417
1.7306,2.0774,2.0029,2.6093,2.2712,-2.5406,-2.2923,-2.5242
1.707,2.0415,1.9907,2.602,2.2591,-2.527,-2.2787,-2.5055
1.6827,2.0047,1.978,2.5934,2.246,-2.5121,-2.2642,-2.4856
1.6577,1.9672,1.9647,2.5834,2.232,-2.496,-2.2488,-2.4646
1.632,1.9289,1.9507,2.5721,2.2171,-2.4787,-2.2326,-2.4425
1.6056,1.8899,1.9362,2.5595,2.2013,-2.4602,-2.2155,-2.4192
1.5785,1.8502,1.9211,2.5456,2.1846,-2.4405,-2.1977,-2.3948
1.5506,1.8098,1.9053,2.5304,2.1669,-2.4197,-2.179,-2.3694
1.5222,1.7688,1.889,2.5139,2.1484,-2.3977,-2.1594,-2.3429
1.493,1.7272,1.8721,2.4962,2.129,-2.3746,-2.1391,-2.3154
1.4631,1.685,1.8545,2.4773,2.1088,-2.3503,-2.118,-2.287
1.4326,1.6423,1.8364,2.4571,2.0876,-2.325,-2.0961,-2.2575
1.4015,1.5991,1.8176,2.4358,2.0656,-2.2987,-2.0734,-2.2272
1.3696,1.5553,1.7983,2.4133,2.0427,-2.2713,-2.05,-2.1959
1.3372,1.5112,1.7783,2.3896,2.019,-2.2428,-2.0258,-2.1637
1.3041,1.4666,1.7578,2.3649,1.9945,-2.2134,-2.0009,-2.1308
1.2704,1.4216,1.7367,2.339,1.9691,-2.183,-1.9753,-2.097
1.2361,1.3763,1.7149,2.3121,1.9429,-2.1517,-1.9489,-2.0624
1.2012,1.3307,1.6926,2.2841,1.9159,-2.1194,-1.9219,-2.0271
1.1658,1.2848,1.6697,2.2551,1.8882,-2.0862,-1.8941,-1.9911
1.1297,1.2386,1.6463,2.2251,1.8596,-2.0522,-1.8657,-1.9544
1.0931,1.1923,1.6222,2.1942,1.8303,-2.0173,-1.8367,-1.917
1.056,1.1457,1.5976,2.1623,1.8003,-1.9816,-1.807,-1.879
1.0183,1.099,1.5724,2.1295,1.7695,-1.9451,-1.7768,-1.8405
0.98015,1.0522,1.5467,2.0959,1.738,-1.9079,-1.7459,-1.8014
0.94148,1.0053,1.5204,2.0614,1.7058,-1.8699,-1.7144,-1.7618
0.90234,0.95839,1.4936,2.026,1.673,-1.8313,-1.6824,-1.7218
0.86273,0.91145,1.4662,1.9899,1.6395,-1.7919,-1.6499,-1.6813
0.82268,0.86453,1.4383,1.9531,1.6053,-1.752,-1.6168,-1.6403
0.7822,0.81766,1.4099,1.9155,1.5706,-1.7114,-1.5832,-1.5991
0.74132,0.77089,1.381,1.8772,1.5352,-1.6703,-1.5492,-1.5575
0.70004,0.72423,1.3516,1.8383,1.4992,-1.6286,-1.5147,-1.5156
0.65839,0.67774,1.3217,1.7987,1.4627,-1.5864,-1.4797,-1.4734
0.61639,0.63144,1.2914,1.7586,1.4257,-1.5438,-1.4444,-1.431
0.57405,0.58536,1.2605,1.7179,1.3881,-1.5007,-1.4086,-1.3885
0.53141,0.53954,1.2292,1.6767,1.35,-1.4572,-1.3725,-1.3458
0.48847,0.494,1.1975,1.635,1.3115,-1.4134,-1.336,-1.3029
0.44526,0.44879,1.1653,1.5928,1.2725,-1.3692,-1.2992,-1.26
0.4018,0.40393,1.1328,1.5503,1.2331,-1.3247,-1.2621,-1.2171
0.35811,0.35946,1.0998,1.5073,1.1933,-1.2799,-1.2248,-1.1741
0.31422,0.31541,1.0664,1.464,1.1531,-1.2349,-1.1871,-1.1312
0.27014,0.2718,1.0326,1.4203,1.1126,-1.1897,-1.1493,-1.0883
0.2259,0.22867,0.99853,1.3764,1.0717,-1.1444,-1.1112,-1.0455
0.18152,0.18606,0.96407,1.3322,1.0305,-1.0989,-1.073,-1.0029
0.13702,0.14398,0.92927,1.2879,0.98909,-1.0533,-1.0346,-0.96037
0.092431,0.10247,0.89416,1.2433,0.94739,-1.0077,-0.99607,-0.91808
0.047769,0.061552,0.85874,1.1986,0.90547,-0.96201,-0.95743,-0.87602
0.0030598,0.021263,0.82304,1.1538,0.86334,-0.91636,-0.91871,-0.83422
-0.041674,-0.018373,0.78708,1.1089,0.82105,-0.87077,-0.87993,-0.79271
-0.086408,-0.057329,0.75086,1.064,0.7786,-0.82525,-0.84112,-0.75152
-0.13112,-0.09558,0.7144,1.019,0.73604,-0.77985,-0.80229,-0.7107
-0.17579,-0.1331,0.67773,0.97414,0.69339,-0.7346,-0.76348,-0.67026
-0.22038,-0.16987,0.64086,0.9293,0.65067,-0.68953,-0.72471,-0.63023
-0.26488,-0.20585,0.60381,0.88455,0.60792,-0.64468,-0.68601,-0.59065
-0.30927,-0.24103,0.5666,0.83993,0.56515,-0.60008,-0.64739,-0.55154
-0.35351,-0.27539,0.52924,0.79547,0.5224,-0.55577,-0.60888,-0.51294
-0.39759,-0.3089,0.49176,0.7512,0.47969,-0.51177,-0.57051,-0.47487
-0.44149,-0.34155,0.45417,0.70716,0.43706,-0.46812,-0.5323,-0.43735
-0.48517,-0.37331,0.4165,0.66338,0.39452,-0.42485,-0.49427,-0.40041
-0.52862,-0.40417,0.37876,0.61989,0.35211,-0.382,-0.45645,-0.36409
-0.57182,-0.4341,0.34097,0.57672,0.30984,-0.33959,-0.41886,-0.32839
-0.61474,-0.4631,0.30315,0.5339,0.26776,-0.29766,-0.38153,-0.29335
-0.65736,-0.49115,0.26532,0.49146,0.22588,-0.25623,-0.34447,-0.25899
-0.69965,-0.51823,0.22751,0.44944,0.18424,-0.21533,-0.30771,-0.22533
-0.74161,-0.54432,0.18972,0.40786,0.14285,-0.175,-0.27126,-0.1924
-0.7832,-0.56943,0.15199,0.36676,0.10175,-0.13527,-0.23516,-0.16021
-0.8244,-0.59354,0.11433,0.32615,0.060959,-0.096148,-0.19942,-0.12878
-0.8652,-0.61664,0.076766,0.28607,0.020502,-0.057677,-0.16407,-0.098136
-0.90557,-0.63871,0.039311,0.24655,-0.019593,-0.01988,-0.12912,-0.068295
-0.9455,-0.65977,0.0019887,0.20761,-0.059302,0.017218,-0.094594,-0.039272
-0.98496,-0.67979,-0.035181,0.16928,-0.098602,0.053591,-0.060512,-0.011086
-1.0239,-0.69878,-0.072178,0.13158,-0.13747,0.089217,-0.026893,0.016249
-1.0624,-0.71672,-0.10898,0.094546,-0.17587,0.12407,0.0062456,0.042717
-1.1004,-0.73363,-0.14557,0.058192,-0.2138,0.15813,0.038885,0.068306
-1.1378,-0.74951,-0.18193,0.022544,-0.25122,0.19138,0.071007,0.093
-1.1747,-0.76434,-0.21804,-0.012375,-0.28812,0.22378,0.1026,0.11679
-1.211,-0.77814,-0.25388,-0.046543,-0.32447,0.25534,0.13363,0.13966
-1.2468,-0.79091,-0.28942,-0.079939,-0.36025,0.28601,0.16411,0.16161
-1.2819,-0.80265,-0.32466,-0.11254,-0.39544,0.3158,0.194,0.18262
-1.3164,-0.81337,-0.35957,-0.14434,-0.43002,0.34468,0.2233,0.20269
-1.3504,-0.82308,-0.39413,-0.1753,-0.46397,0.37263,0.25198,0.22181
-1.3836,-0.83179,-0.42832,-0.20541,-0.49728,0.39964,0.28005,0.23997
-1.4163,-0.83951,-0.46214,-0.23466,-0.52992,0.42571,0.30748,0.25716
-1.4483,-0.84625,-0.49555,-0.26303,-0.56188,0.4508,0.33427,0.2734
-1.4796,-0.85203,-0.52855,-0.29051,-0.59314,0.47492,0.3604,0.28866
-1.5102,-0.85685,-0.56111,-0.31708,-0.6237,0.49806,0.38586,0.30295
-1.5402,-0.86074,-0.59323,-0.34273,-0.65352,0.5202,0.41064,0.31627
-1.5695,-0.86372,-0.62487,-0.36744,-0.6826,0.54134,0.43474,0.32862
-1.5981,-0.86579,-0.65604,-0.39121,-0.71093,0.56146,0.45815,0.34
-1.626,-0.86699,-0.68671,-0.41403,-0.73849,0.58058,0.48086,0.35042
-1.6531,-0.86733,-0.71688,-0.43589,-0.76527,0.59868,0.50286,0.35987
-1.6796,-0.86683,-0.74651,-0.45678,-0.79127,0.61575,0.52415,0.36836
-1.7054,-0.86552,-0.77562,-0.4767,-0.81646,0.63181,0.54472,0.3759
-1.7304,-0.86341,-0.80417,-0.49563,-0.84086,0.64684,0.56457,0.38249
-1.7547,-0.86055,-0.83216,-0.51359,-0.86444,0.66085,0.5837,0.38815
-1.7783,-0.85695,-0.85959,-0.53055,-0.8872,0.67384,0.60211,0.39288
-1.8012,-0.85264,-0.88643,-0.54653,-0.90914,0.68582,0.61979,0.39669
-1.8234,-0.84764,-0.91267,-0.56152,-0.93025,0.69678,0.63674,0.39959
-1.8449,-0.84199,-0.93832,-0.57552,-0.95052,0.70675,0.65298,0.4016
-1.8656,-0.83572,-0.96336,-0.58853,-0.96997,0.71571,0.66848,0.40274
-1.8856,-0.82886,-0.98778,-0.60056,-0.98857,0.72369,0.68327,0.40301
-1.9049,-0.82143,-1.0116,-0.61161,-1.0063,0.7307,0.69734,0.40243
-1.9235,-0.81347,-1.0347,-0.62169,-1.0233,0.73673,0.7107,0.40102
-1.9414,-0.80501,-1.0573,-0.6308,-1.0394,0.74181,0.72335,0.3988
-1.9587,-0.79609,-1.0792,-0.63895,-1.0547,0.74596,0.73529,0.39579
-1.9752,-0.78674,-1.1004,-0.64614,-1.0691,0.74918,0.74655,0.39201
-1.991,-0.77699,-1.121,-0.6524,-1.0827,0.75149,0.75712,0.38748
-2.0062,-0.76687,-1.1409,-0.65773,-1.0956,0.75291,0.76701,0.38222
-2.0207,-0.75643,-1.1602,-0.66213,-1.1076,0.75345,0.77623,0.37626
-2.0345,-0.74569,-1.1789,-0.66563,-1.1188,0.75315,0.78479,0.36962
-2.0477,-0.73469,-1.1969,-0.66824,-1.1292,0.75201,0.79271,0.36232
-2.0602,-0.72347,-1.2142,-0.66998,-1.1388,0.75007,0.79999,0.35441
-2.0722,-0.71205,-1.2309,-0.67085,-1.1477,0.74734,0.80665,0.34589
-2.0834,-0.70048,-1.247,-0.67089,-1.1558,0.74384,0.81271,0.3368
-2.0941,-0.6888,-1.2624,-0.6701,-1.1632,0.73961,0.81817,0.32718
-2.1042,-0.67702,-1.2771,-0.66851,-1.1698,0.73467,0.82305,0.31704
-2.1137,-0.6652,-1.2913,-0.66613,-1.1757,0.72904,0.82737,0.30643
-2.1226,-0.65336,-1.3048,-0.66299,-1.1809,0.72276,0.83114,0.29537
-2.1309,-0.64154,-1.3176,-0.65911,-1.1855,0.71585,0.83439,0.2839
-2.1387,-0.62977,-1.3299,-0.65452,-1.1894,0.70834,0.83712,0.27204
-2.1459,-0.61809,-1.3416,-0.64923,-1.1926,0.70026,0.83936,0.25984
-2.1526,-0.60653,-1.3526,-0.64327,-1.1952,0.69165,0.84113,0.24732
-2.1588,-0.59511,-1.3631,-0.63667,-1.1972,0.68253,0.84244,0.23453
-2.1645,-0.58388,-1.373,-0.62945,-1.1986,0.67294,0.84332,0.22149
-2.1697,-0.57286,-1.3823,-0.62165,-1.1994,0.6629,0.84379,0.20824
-2.1744,-0.56208,-1.391,-0.61328,-1.1997,0.65246,0.84386,0.19483
-2.1787,-0.55158,-1.3993,-0.60438,-1.1994,0.64165,0.84357,0.18128
-2.1825,-0.54138,-1.4069,-0.59498,-1.1987,0.6305,0.84292,0.16763
-2.1858,-0.5315,-1.4141,-0.58509,-1.1975,0.61904,0.84194,0.15392
-2.1888,-0.52199,-1.4207,-0.57477,-1.1958,0.60731,0.84066,0.14018
-2.1913,-0.51285,-1.4269,-0.56403,-1.1937,0.59535,0.8391,0.12646
-2.1934,-0.50413,-1.4326,-0.5529,-1.1912,0.58318,0.83728,0.11279
-2.1951,-0.49584,-1.4378,-0.54142,-1.1883,0.57085,0.83522,0.099204
-2.1964,-0.488,-1.4426,-0.52961,-1.185,0.5584,0.83294,0.085741
-2.1974,-0.48064,-1.4469,-0.51752,-1.1814,0.54584,0.83048,0.072438
-2.198,-0.47379,-1.4508,-0.50516,-1.1775,0.53323,0.82785,0.059331
-2.1983,-0.46745,-1.4543,-0.49258,-1.1733,0.52059,0.82507,0.046456
-2.1982,-0.46165,-1.4574,-0.4798,-1.1689,0.50796,0.82217,0.03385
-2.1978,-0.4564,-1.4602,-0.46686,-1.1642,0.49538,0.81917,0.021547
-2.1972,-0.45173,-1.4626,-0.45379,-1.1593,0.48288,0.8161,0.0095815
-2.1962,-0.44765,-1.4646,-0.44062,-1.1542,0.47049,0.81298,-0.0020112
-2.1949,-0.44418,-1.4664,-0.42738,-1.149,0.45824,0.80982,-0.013198
-2.1933,-0.44132,-1.4678,-0.4141,-1.1436,0.44618,0.80666,-0.023946
-2.1915,-0.43909,-1.469,-0.40082,-1.1381,0.43433,0.80351,-0.034223
-2.1894,-0.43749,-1.4699,-0.38757,-1.1326,0.42272,0.8004,-0.043997
-2.1871,-0.43655,-1.4705,-0.37437,-1.1269,0.41138,0.79734,-0.053237
-2.1845,-0.43627,-1.471,-0.36126,-1.1213,0.40035,0.79437,-0.061915
-2.1817,-0.43666,-1.4712,-0.34828,-1.1156,0.38966,0.79149,-0.070002
-2.1787,-0.43772,-1.4712,-0.33544,-1.11,0.37933,0.78874,-0.077469
-2.1755,-0.43945,-1.471,-0.32277,-1.1043,0.36939,0.78612,-0.084289
-2.172,-0.44187,-1.4707,-0.31032,-1.0988,0.35987,0.78366,-0.090438
-2.1683,-0.44497,-1.4702,-0.2981,-1.0933,0.3508,0.78138,-0.095891
-2.1645,-0.44877,-1.4696,-0.28614,-1.0879,0.3422,0.77929,-0.10062
-2.1604,-0.45324,-1.4689,-0.27448,-1.0826,0.33409,0.77741,-0.10462
-2.1562,-0.45841,-1.4681,-0.26313,-1.0774,0.3265,0.77576,-0.10784
-2.1518,-0.46427,-1.4672,-0.25212,-1.0725,0.31946,0.77436,-0.11029
-2.1472,-0.47081,-1.4662,-0.24148,-1.0677,0.31297,0.77322,-0.11194
-2.1424,-0.47803,-1.4652,-0.23123,-1.063,0.30706,0.77235,-0.11277
-2.1375,-0.48592,-1.4642,-0.22139,-1.0586,0.30176,0.77177,-0.11276
-2.1324,-0.49449,-1.4631,-0.212,-1.0545,0.29708,0.77149,-0.11191
-2.1272,-0.50373,-1.462,-0.20306,-1.0505,0.29302,0.77153,-0.1102
-2.1218,-0.51362,-1.4609,-0.1946,-1.0468,0.28962,0.77189,-0.10762
-2.1162,-0.52416,-1.4599,-0.18664,-1.0434,0.28689,0.77259,-0.10416
-2.1105,-0.53535,-1.4588,-0.17921,-1.0403,0.28482,0.77363,-0.099815
-2.1046,-0.54717,-1.4578,-0.17231,-1.0375,0.28345,0.77503,-0.094571
-2.0986,-0.55961,-1.4569,-0.16596,-1.035,0.28278,0.7768,-0.088425
-2.0924,-0.57266,-1.456,-0.16019,-1.0328,0.28281,0.77893,-0.081375
-2.0861,-0.58631,-1.4552,-0.155,-1.0309,0.28356,0.78145,-0.073418
-2.0797,-0.60055,-1.4545,-0.15041,-1.0293,0.28503,0.78434,-0.064552
-2.0731,-0.61536,-1.4538,-0.14644,-1.0281,0.28723,0.78763,-0.054779
-2.0664,-0.63074,-1.4533,-0.14309,-1.0273,0.29015,0.79131,-0.044101
-2.0595,-0.64665,-1.4529,-0.14038,-1.0268,0.29382,0.79538,-0.032521
-2.0525,-0.6631,-1.4525,-0.13832,-1.0266,0.29821,0.79986,-0.020043
-2.0453,-0.68006,-1.4523,-0.13692,-1.0269,0.30334,0.80473,-0.0066751
-2.038,-0.69752,-1.4522,-0.13618,-1.0275,0.30921,0.81001,0.0075761
-2.0306,-0.71546,-1.4523,-0.13611,-1.0284,0.3158,0.81569,0.022701
-2.023,-0.73387,-1.4524,-0.13673,-1.0298,0.32313,0.82176,0.03869
-2.0153,-0.75272,-1.4528,-0.13803,-1.0315,0.33118,0.82824,0.05553
-2.0074,-0.77201,-1.4532,-0.14002,-1.0336,0.33995,0.83511,0.073209
-1.9994,-0.79171,-1.4538,-0.1427,-1.036,0.34943,0.84237,0.091712
-1.9912,-0.8118,-1.4545,-0.14608,-1.0388,0.35961,0.85003,0.11102
-1.9829,-0.83226,-1.4554,-0.15015,-1.042,0.37049,0.85807,0.13113
-1.9744,-0.85308,-1.4564,-0.15492,-1.0456,0.38205,0.86648,0.15201
-1.9658,-0.87423,-1.4576,-0.16039,-1.0495,0.39429,0.87528,0.17364
-1.957,-0.89571,-1.4589,-0.16655,-1.0538,0.40719,0.88443,0.19601
-1.9481,-0.91747,-1.4604,-0.17341,-1.0584,0.42073,0.89395,0.21909
-1.939,-0.93952,-1.462,-0.18096,-1.0633,0.43492,0.90382,0.24286
-1.9298,-0.96182,-1.4637,-0.1892,-1.0686,0.44972,0.91403,0.26731
-1.9204,-0.98436,-1.4656,-0.19811,-1.0742,0.46513,0.92458,0.29239
-1.9109,-1.0071,-1.4676,-0.20771,-1.0802,0.48113,0.93544,0.3181
-1.9012,-1.0301,-1.4698,-0.21797,-1.0864,0.4977,0.94663,0.34441
-1.8914,-1.0532,-1.472,-0.2289,-1.0929,0.51483,0.95811,0.37128
-1.8814,-1.0765,-1.4744,-0.24049,-1.0998,0.53249,0.96989,0.39869
-1.8712,-1.0999,-1.477,-0.25272,-1.1069,0.55067,0.98195,0.42662
-1.8609,-1.1234,-1.4796,-0.26558,-1.1143,0.56934,0.99427,0.45503
-1.8504,-1.147,-1.4823,-0.27908,-1.1219,0.5885,1.0069,0.4839
-1.8398,-1.1707,-1.4852,-0.29319,-1.1298,0.60811,1.0197,0.5132
-1.829,-1.1944,-1.4881,-0.30791,-1.1379,0.62815,1.0327,0.5429
-1.8181,-1.2182,-1.4911,-0.32322,-1.1462,0.64861,1.046,0.57297
-1.807,-1.242,-1.4942,-0.33912,-1.1548,0.66946,1.0595,0.60337
-1.7958,-1.2658,-1.4974,-0.35558,-1.1635,0.69068,1.0731,0.63408
-1.7844,-1.2895,-1.5006,-0.37259,-1.1724,0.71225,1.087,0.66507
-1.7729,-1.3132,-1.5039,-0.39015,-1.1815,0.73414,1.101,0.69631
-1.7612,-1.3368,-1.5073,-0.40823,-1.1908,0.75633,1.1151,0.72776
-1.7493,-1.3604,-1.5107,-0.42683,-1.2002,0.7788,1.1294,0.7594
-1.7374,-1.3838,-1.5141,-0.44592,-1.2097,0.80153,1.1438,0.79119
-1.7252,-1.4071,-1.5175,-0.46548,-1.2193,0.82448,1.1582,0.8231
-1.713,-1.4302,-1.521,-0.48551,-1.229,0.84765,1.1728,0.8551
-1.7006,-1.4532,-1.5245,-0.50599,-1.2389,0.871,1.1875,0.88716
-1.688,-1.476,-1.5279,-0.5269,-1.2487,0.8945,1.2022,0.91925
-1.6754,-1.4986,-1.5314,-0.54822,-1.2587,0.91815,1.2169,0.95135
-1.6626,-1.521,-1.5349,-0.56993,-1.2687,0.94191,1.2317,0.98341
-1.6496,-1.5431,-1.5383,-0.59202,-1.2787,0.96576,1.2464,1.0154
-1.6366,-1.565,-1.5417,-0.61447,-1.2887,0.98967,1.2612,1.0473
-1.6234,-1.5866,-1.545,-0.63726,-1.2988,1.0136,1.276,1.0791
-1.6102,-1.6079,-1.5483,-0.66037,-1.3088,1.0376,1.2907,1.1108
-1.5968,-1.6289,-1.5515,-0.68379,-1.3188,1.0616,1.3054,1.1422
-1.5833,-1.6495,-1.5547,-0.70748,-1.3288,1.0856,1.32,1.1735
-1.5697,-1.6698,-1.5578,-0.73145,-1.3387,1.1095,1.3345,1.2045
-1.556,-1.6898,-1.5608,-0.75566,-1.3486,1.1333,1.349,1.2353
-1.5422,-1.7093,-1.5637,-0.7801,-1.3584,1.1571,1.3633,1.2658
-1.5284,-1.7285,-1.5665,-0.80474,-1.3681,1.1808,1.3775,1.296
-1.5144,-1.7473,-1.5692,-0.82958,-1.3777,1.2043,1.3916,1.3258
-1.5004,-1.7656,-1.5718,-0.85458,-1.3872,1.2277,1.4056,1.3553
-1.4863,-1.7835,-1.5742,-0.87974,-1.3965,1.2509,1.4194,1.3845
-1.4722,-1.8009,-1.5766,-0.90503,-1.4058,1.2739,1.433,1.4132
-1.4579,-1.8178,-1.5788,-0.93043,-1.4149,1.2967,1.4465,1.4415
-1.4437,-1.8343,-1.5808,-0.95593,-1.4239,1.3194,1.4598,1.4693
-1.4294,-1.8502,-1.5827,-0.9815,-1.4327,1.3417,1.4728,1.4967
-1.415,-1.8657,-1.5845,-1.0071,-1.4413,1.3638,1.4857,1.5236
-1.4006,-1.8806,-1.5861,-1.0328,-1.4498,1.3857,1.4984,1.55
-1.3862,-1.8949,-1.5875,-1.0585,-1.4581,1.4072,1.5108,1.5759
-1.3717,-1.9087,-1.5888,-1.0842,-1.4662,1.4285,1.5229,1.6013
-1.3572,-1.9219,-1.5899,-1.1098,-1.4741,1.4494,1.5349,1.6261
-1.3427,-1.9346,-1.5908,-1.1354,-1.4817,1.47,1.5465,1.6503
-1.3282,-1.9466,-1.5915,-1.161,-1.4892,1.4903,1.5579,1.674
-1.3137,-1.958,-1.5921,-1.1865,-1.4965,1.5102,1.569,1.697
-1.2992,-1.9688,-1.5924,-1.2119,-1.5035,1.5297,1.5799,1.7195
-1.2846,-1.9789,-1.5926,-1.2372,-1.5103,1.5489,1.5904,1.7413
-1.2701,-1.9884,-1.5925,-1.2624,-1.5169,1.5676,1.6007,1.7625
-1.2556,-1.9972,-1.5923,-1.2874,-1.5232,1.586,1.6107,1.7831
-1.2412,-2.0054,-1.5919,-1.3123,-1.5293,1.6039,1.6203,1.803
-1.2267,-2.0129,-1.5912,-1.337,-1.5352,1.6214,1.6296,1.8222
-1.2123,-2.0197,-1.5904,-1.3615,-1.5408,1.6385,1.6387,1.8408
-1.1979,-2.0257,-1.5893,-1.3858,-1.5461,1.6551,1.6474,1.8588
-1.1835,-2.0311,-1.5881,-1.4099,-1.5512,1.6713,1.6557,1.876
-1.1691,-2.0357,-1.5866,-1.4337,-1.556,1.687,1.6638,1.8926
-1.1548,-2.0396,-1.585,-1.4573,-1.5606,1.7023,1.6715,1.9084
-1.1406,-2.0428,-1.5831,-1.4806,-1.5649,1.7171,1.6789,1.9236
-1.1263,-2.0452,-1.581,-1.5036,-1.569,1.7314,1.6859,1.9381
-1.1121,-2.0468,-1.5787,-1.5263,-1.5727,1.7452,1.6926,1.9519
-1.098,-2.0477,-1.5762,-1.5487,-1.5763,1.7585,1.6989,1.965
-1.0839,-2.0478,-1.5735,-1.5707,-1.5795,1.7714,1.7049,1.9774
-1.0698,-2.0471,-1.5706,-1.5924,-1.5825,1.7837,1.7106,1.989
-1.0558,-2.0456,-1.5674,-1.6138,-1.5852,1.7955,1.7159,2
-1.0419,-2.0434,-1.5641,-1.6347,-1.5877,1.8068,1.7209,2.0103
-1.0279,-2.0403,-1.5606,-1.6553,-1.5898,1.8176,1.7255,2.0199
-1.0141,-2.0364,-1.5568,-1.6755,-1.5917,1.8279,1.7297,2.0288
-1.0002,-2.0317,-1.5529,-1.6952,-1.5934,1.8377,1.7336,2.037
-0.9864,-2.0261,-1.5487,-1.7145,-1.5948,1.8469,1.7372,2.0445
-0.97263,-2.0198,-1.5444,-1.7334,-1.5959,1.8556,1.7404,2.0513
-0.95889,-2.0126,-1.5398,-1.7518,-1.5967,1.8638,1.7432,2.0574
-0.94518,-2.0045,-1.535,-1.7697,-1.5972,1.8714,1.7457,2.0628
-0.93149,-1.9957,-1.5301,-1.7872,-1.5975,1.8785,1.7479,2.0676
-0.91781,-1.986,-1.5249,-1.8041,-1.5976,1.885,1.7497,2.0717
-0.90415,-1.9754,-1.5196,-1.8206,-1.5973,1.891,1.7511,2.0751
-0.8905,-1.964,-1.514,-1.8365,-1.5968,1.8965,1.7522,2.0778
-0.87685,-1.9518,-1.5083,-1.8519,-1.596,1.9014,1.753,2.0799
-0.8632,-1.9387,-1.5024,-1.8667,-1.5949,1.9058,1.7534,2.0813
-0.84953,-1.9247,-1.4963,-1.881,-1.5936,1.9096,1.7534,2.0821
-0.83584,-1.91,-1.4899,-1.8947,-1.5919,1.9128,1.7531,2.0822
-0.82213,-1.8943,-1.4834,-1.9079,-1.59,1.9155,1.7525,2.0817
-0.80837,-1.8779,-1.4768,-1.9204,-1.5879,1.9177,1.7515,2.0805
-0.79458,-1.8606,-1.4699,-1.9324,-1.5854,1.9193,1.7502,2.0788
-0.78073,-1.8424,-1.4628,-1.9437,-1.5827,1.9203,1.7486,2.0764
-0.76681,-1.8234,-1.4555,-1.9544,-1.5797,1.9208,1.7466,2.0733
-0.75282,-1.8036,-1.4481,-1.9645,-1.5763,1.9207,1.7442,2.0697
-0.73874,-1.783,-1.4404,-1.9739,-1.5727,1.92,1.7415,2.0655
-0.72457,-1.7615,-1.4326,-1.9827,-1.5688,1.9187,1.7385,2.0607
-0.7103,-1.7392,-1.4246,-1.9909,-1.5647,1.9169,1.7351,2.0553
-0.6959,-1.7162,-1.4163,-1.9983,-1.5602,1.9145,1.7314,2.0493
-0.68138,-1.6923,-1.4079,-2.0051,-1.5554,1.9116,1.7274,2.0427
-0.66671,-1.6676,-1.3993,-2.0112,-1.5503,1.908,1.723,2.0356
-0.65189,-1.6422,-1.3904,-2.0166,-1.5448,1.9039,1.7183,2.0279
-0.63691,-1.616,-1.3814,-2.0213,-1.5391,1.8992,1.7132,2.0197
-0.62175,-1.589,-1.3722,-2.0253,-1.533,1.8939,1.7078,2.0109
-0.60639,-1.5612,-1.3627,-2.0285,-1.5266,1.8881,1.702,2.0015
-0.59084,-1.5328,-1.3531,-2.0311,-1.5199,1.8816,1.6959,1.9916
-0.57507,-1.5036,-1.3432,-2.0329,-1.5128,1.8746,1.6894,1.9812
-0.55906,-1.4737,-1.3331,-2.034,-1.5054,1.8669,1.6826,1.9703
-0.54282,-1.4431,-1.3228,-2.0343,-1.4976,1.8587,1.6755,1.9589
-0.52633,-1.4118,-1.3122,-2.0339,-1.4895,1.8498,1.668,1.9469
-0.50956,-1.3799,-1.3015,-2.0327,-1.481,1.8404,1.6601,1.9344
-0.49252,-1.3473,-1.2904,-2.0308,-1.4721,1.8304,1.6519,1.9215
-0.47519,-1.3141,-1.2792,-2.0281,-1.4628,1.8198,1.6433,1.908
-0.45755,-1.2802,-1.2676,-2.0246,-1.4531,1.8085,1.6343,1.8941
-0.4396,-1.2458,-1.2559,-2.0204,-1.4431,1.7967,1.625,1.8797
-0.42132,-1.2108,-1.2438,-2.0153,-1.4326,1.7842,1.6153,1.8648
-0.40271,-1.1752,-1.2315,-2.0096,-1.4217,1.7712,1.6052,1.8495
-0.38374,-1.1391,-1.2189,-2.003,-1.4104,1.7575,1.5948,1.8337
-0.36442,-1.1025,-1.206,-1.9956,-1.3986,1.7433,1.584,1.8174
-0.34473,-1.0653,-1.1929,-1.9875,-1.3864,1.7284,1.5728,1.8007
-0.32465,-1.0278,-1.1794,-1.9786,-1.3738,1.7129,1.5612,1.7836
-0.30419,-0.98971,-1.1656,-1.9689,-1.3606,1.6968,1.5492,1.766
-0.28334,-0.95125,-1.1516,-1.9584,-1.3471,1.6801,1.5368,1.748
-0.26207,-0.91238,-1.1372,-1.9471,-1.333,1.6628,1.524,1.7296
-0.2404,-0.87314,-1.1224,-1.9351,-1.3185,1.6449,1.5108,1.7108
-0.21831,-0.83354,-1.1074,-1.9222,-1.3035,1.6264,1.4971,1.6916
-0.19579,-0.79361,-1.0919,-1.9086,-1.2879,1.6072,1.4831,1.672
-0.17284,-0.75338,-1.0762,-1.8942,-1.2719,1.5875,1.4687,1.652
-0.14946,-0.71288,-1.06,-1.8791,-1.2553,1.5672,1.4538,1.6316
-0.12564,-0.67212,-1.0435,-1.8631,-1.2383,1.5463,1.4385,1.6108
-0.10138,-0.63114,-1.0267,-1.8464,-1.2207,1.5247,1.4227,1.5897
-0.076671,-0.58997,-1.0094,-1.829,-1.2025,1.5026,1.4066,1.5682
-0.051521,-0.54862,-0.99174,-1.8108,-1.1838,1.4799,1.3899,1.5464
-0.025926,-0.50714,-0.97368,-1.7918,-1.1646,1.4566,1.3729,1.5242
0.0001132,-0.46554,-0.95521,-1.7722,-1.1448,1.4328,1.3554,1.5017
0.026596,-0.42385,-0.93633,-1.7517,-1.1245,1.4084,1.3374,1.4788
0.053518,-0.38211,-0.91703,-1.7306,-1.1036,1.3834,1.319,1.4557
0.080878,-0.34033,-0.89729,-1.7087,-1.0821,1.3578,1.3001,1.4322
0.10867,-0.29855,-0.87712,-1.6862,-1.0601,1.3317,1.2807,1.4085
0.13689,-0.2568,-0.85651,-1.6629,-1.0375,1.3051,1.2609,1.3844
0.16553,-0.21511,-0.83544,-1.639,-1.0143,1.2779,1.2406,1.3601
0.19458,-0.17349,-0.81393,-1.6144,-0.99049,1.2503,1.2199,1.3355
0.22404,-0.13199,-0.79195,-1.5891,-0.96614,1.2221,1.1986,1.3106
0.25389,-0.090626,-0.76951,-1.5632,-0.94121,1.1933,1.1769,1.2855
0.28413,-0.049429,-0.7466,-1.5366,-0.9157,1.1641,1.1548,1.2601
0.31474,-0.0084259,-0.72322,-1.5094,-0.88961,1.1345,1.1321,1.2345
0.34571,0.032355,-0.69937,-1.4816,-0.86295,1.1043,1.109,1.2087
0.37703,0.072886,-0.67504,-1.4532,-0.83572,1.0737,1.0854,1.1827
0.40868,0.11314,-0.65022,-1.4242,-0.80791,1.0426,1.0613,1.1565
0.44064,0.15309,-0.62493,-1.3946,-0.77954,1.0112,1.0367,1.13
0.4729,0.19271,-0.59915,-1.3645,-0.75061,0.97927,1.0116,1.1034
0.50545,0.23198,-0.57289,-1.3338,-0.72113,0.94697,0.98613,1.0766
0.53825,0.27086,-0.54615,-1.3027,-0.69109,0.91429,0.96014,1.0497
0.5713,0.30934,-0.51893,-1.271,-0.66052,0.88123,0.93369,1.0226
0.60458,0.34738,-0.49123,-1.2388,-0.62941,0.84783,0.90677,0.99539
0.63805,0.38497,-0.46305,-1.2062,-0.59778,0.81409,0.87938,0.96804
0.6717,0.42207,-0.4344,-1.1731,-0.56564,0.78003,0.85155,0.94057
0.70551,0.45867,-0.40528,-1.1396,-0.53299,0.74567,0.82326,0.913
0.73944,0.49474,-0.37569,-1.1057,-0.49986,0.71102,0.79453,0.88534
0.77349,0.53026,-0.34565,-1.0713,-0.46624,0.67612,0.76536,0.85759
0.80761,0.56521,-0.31516,-1.0366,-0.43217,0.64097,0.73576,0.82978
0.84179,0.59957,-0.28422,-1.0016,-0.39765,0.60559,0.70574,0.8019
0.87599,0.63331,-0.25285,-0.96622,-0.36269,0.57001,0.6753,0.77398
0.9102,0.66641,-0.22105,-0.93053,-0.32731,0.53425,0.64446,0.74603
0.94437,0.69887,-0.18883,-0.89454,-0.29154,0.49833,0.61322,0.71805
0.97849,0.73064,-0.15621,-0.85828,-0.25538,0.46226,0.5816,0.69006
1.0125,0.76173,-0.12319,-0.82178,-0.21886,0.42608,0.54961,0.66207
1.0464,0.79211,-0.089795,-0.78505,-0.182,0.38979,0.51725,0.6341
1.0802,0.82176,-0.056031,-0.74811,-0.14482,0.35343,0.48455,0.60615
1.1138,0.85067,-0.021914,-0.71099,-0.10733,0.31702,0.45151,0.57823
1.1472,0.87883,0.01254,-0.67371,-0.069568,0.28057,0.41815,0.55036
1.1803,0.90621,0.047317,-0.63629,-0.031546,0.24412,0.38449,0.52255
1.2132,0.93281,0.082397,-0.59875,0.0067088,0.20767,0.35053,0.4948
1.2457,0.95861,0.11776,-0.56113,0.045172,0.17127,0.3163,0.46714
1.278,0.9836,0.1534,-0.52343,0.08382,0.13492,0.28181,0.43958
1.3098,1.0078,0.18928,-0.48569,0.12263,0.098657,0.24709,0.41212
1.3413,1.0311,0.22539,-0.44792,0.16157,0.062499,0.21214,0.38477
1.3723,1.0536,0.2617,-0.41015,0.20061,0.026469,0.17698,0.35755
1.4029,1.0752,0.2982,-0.37241,0.23973,-0.0094085,0.14164,0.33047
1.4329,1.096,0.33486,-0.33471,0.27891,-0.045112,0.10614,0.30354
1.4625,1.1159,0.37166,-0.29708,0.3181,-0.080617,0.070496,0.27677
1.4915,1.135,0.40857,-0.25954,0.3573,-0.1159,0.034727,0.25017
1.5199,1.1532,0.44557,-0.22211,0.39645,-0.15094,-0.0011415,0.22375
1.5477,1.1704,0.48263,-0.18483,0.43554,-0.18572,-0.037089,0.19752
1.5748,1.1868,0.51973,-0.1477,0.47454,-0.2202,-0.073093,0.1715
1.6013,1.2023,0.55684,-0.11076,0.51342,-0.25438,-0.10913,0.14569
1.627,1.2169,0.59393,-0.074024,0.55214,-0.28822,-0.14517,0.1201
1.6521,1.2306,0.63097,-0.037518,0.59067,-0.32171,-0.1812,0.094744
1.6763,1.2434,0.66794,-0.0012627,0.62899,-0.35483,-0.2172,0.069632
1.6998,1.2554,0.70481,0.034719,0.66706,-0.38754,-0.25312,0.044773
1.7224,1.2664,0.74154,0.070405,0.70486,-0.41984,-0.28896,0.020175
1.7442,1.2765,0.77811,0.10577,0.74235,-0.4517,-0.32468,-0.0041509
1.7652,1.2857,0.81449,0.1408,0.7795,-0.48309,-0.36026,-0.028196
1.7852,1.294,0.85065,0.17547,0.81628,-0.51401,-0.39568,-0.051952
1.8043,1.3015,0.88655,0.20976,0.85267,-0.54444,-0.4309,-0.075409
1.8225,1.308,0.92216,0.24365,0.88862,-0.57434,-0.4659,-0.09856
1.8398,1.3137,0.95747,0.27712,0.92411,-0.60371,-0.50065,-0.12139
1.856,1.3185,0.99242,0.31014,0.95911,-0.63253,-0.53513,-0.1439
1.8713,1.3225,1.027,0.3427,0.99358,-0.66077,-0.56932,-0.16608
1.8855,1.3255,1.0612,0.37478,1.0275,-0.68843,-0.60317,-0.18792
1.8987,1.3278,1.0949,0.40636,1.0609,-0.71548,-0.63667,-0.20941
1.9108,1.3292,1.1281,0.43742,1.0936,-0.74191,-0.66979,-0.23055
1.9219,1.3297,1.1609,0.46795,1.1257,-0.7677,-0.7025,-0.25132
1.9319,1.3294,1.1931,0.49792,1.1571,-0.79284,-0.73478,-0.27172
1.9408,1.3283,1.2248,0.52732,1.1879,-0.81732,-0.7666,-0.29175
1.9486,1.3264,1.2558,0.55613,1.2179,-0.84111,-0.79793,-0.31139
1.9553,1.3238,1.2862,0.58434,1.2471,-0.86422,-0.82875,-0.33064
1.9608,1.3203,1.316,0.61193,1.2756,-0.88661,-0.85903,-0.3495
1.9652,1.3161,1.3451,0.63888,1.3033,-0.90829,-0.88874,-0.36795
1.9685,1.3111,1.3735,0.66518,1.3302,-0.92925,-0.91786,-0.38599
1.9706,1.3053,1.4011,0.69082,1.3562,-0.94946,-0.94637,-0.40362
1.9716,1.2989,1.428,0.71578,1.3814,-0.96893,-0.97423,-0.42083
1.9714,1.2917,1.454,0.74005,1.4056,-0.98763,-1.0014,-0.43761
1.97,1.2839,1.4792,0.76361,1.429,-1.0056,-1.0279,-0.45396
1.9675,1.2753,1.5036,0.78646,1.4514,-1.0227,-1.0537,-0.46987
1.9638,1.2661,1.5271,0.80859,1.4728,-1.0391,-1.0788,-0.48535
1.959,1.2563,1.5497,0.82997,1.4933,-1.0547,-1.1031,-0.50037
1.953,1.2458,1.5714,0.85061,1.5128,-1.0695,-1.1266,-0.51495
1.9459,1.2347,1.5921,0.8705,1.5312,-1.0835,-1.1494,-0.52907
1.9376,1.223,1.6119,0.88962,1.5487,-1.0967,-1.1713,-0.54274
1.9282,1.2108,1.6306,0.90796,1.5651,-1.1091,-1.1924,-0.55594
1.9177,1.198,1.6484,0.92553,1.5804,-1.1207,-1.2126,-0.56867
1.906,1.1846,1.6651,0.9423,1.5947,-1.1314,-1.2319,-0.58094
1.8933,1.1707,1.6807,0.95829,1.6079,-1.1414,-1.2503,-0.59273
1.8794,1.1564,1.6953,0.97348,1.62,-1.1505,-1.2679,-0.60405
1.8644,1.1415,1.7088,0.98786,1.631,-1.1588,-1.2845,-0.61489
1.8484,1.1262,1.7212,1.0014,1.6408,-1.1663,-1.3001,-0.62525
1.8313,1.1105,1.7325,1.0142,1.6496,-1.173,-1.3148,-0.63513
1.8132,1.0943,1.7426,1.0262,1.6572,-1.1789,-1.3286,-0.64452
1.7941,1.0777,1.7516,1.0373,1.6637,-1.1839,-1.3413,-0.65343
1.7739,1.0608,1.7594,1.0476,1.669,-1.1881,-1.3531,-0.66185
1.7527,1.0435,1.7661,1.0572,1.6732,-1.1916,-1.3638,-0.66978
1.7306,1.0259,1.7716,1.0658,1.6763,-1.1942,-1.3736,-0.67722
1.7076,1.008,1.7759,1.0737,1.6782,-1.1961,-1.3823,-0.68416
1.6836,0.98974,1.779,1.0808,1.679,-1.1971,-1.39,-0.69062
1.6587,0.97125,1.7809,1.0871,1.6786,-1.1974,-1.3966,-0.69658
1.6329,0.95251,1.7816,1.0925,1.6771,-1.1969,-1.4022,-0.70205
1.6063,0.93355,1.7811,1.0972,1.6744,-1.1956,-1.4068,-0.70703
1.5788,0.91439,1.7794,1.1011,1.6706,-1.1935,-1.4103,-0.71152
1.5506,0.89505,1.7765,1.1041,1.6657,-1.1907,-1.4127,-0.71552
1.5215,0.87556,1.7724,1.1064,1.6596,-1.1872,-1.4141,-0.71903
1.4917,0.85592,1.767,1.1079,1.6525,-1.1829,-1.4144,-0.72205
1.4612,0.83617,1.7605,1.1087,1.6442,-1.1779,-1.4137,-0.72459
1.43,0.81633,1.7528,1.1087,1.6348,-1.1722,-1.4119,-0.72664
1.3982,0.79642,1.7439,1.1079,1.6243,-1.1658,-1.4091,-0.72821
1.3657,0.77646,1.7338,1.1064,1.6128,-1.1587,-1.4052,-0.7293
1.3326,0.75647,1.7225,1.1041,1.6002,-1.1509,-1.4002,-0.72992
1.2989,0.73647,1.71,1.1012,1.5865,-1.1425,-1.3943,-0.73006
1.2647,0.71648,1.6964,1.0975,1.5718,-1.1334,-1.3873,-0.72973
1.2299,0.69654,1.6816,1.0931,1.5561,-1.1236,-1.3792,-0.72894
1.1947,0.67664,1.6657,1.0881,1.5394,-1.1133,-1.3702,-0.72769
1.1591,0.65682,1.6487,1.0824,1.5217,-1.1023,-1.3601,-0.72598
1.123,0.6371,1.6306,1.076,1.5031,-1.0907,-1.349,-0.72382
1.0866,0.61749,1.6113,1.069,1.4835,-1.0786,-1.337,-0.72122
1.0498,0.59802,1.591,1.0613,1.4629,-1.0659,-1.3239,-0.71817
1.0126,0.5787,1.5697,1.0531,1.4415,-1.0527,-1.31,-0.71469
0.97525,0.55956,1.5473,1.0442,1.4192,-1.0389,-1.295,-0.71078
0.93761,0.5406,1.5238,1.0348,1.396,-1.0246,-1.2791,-0.70645
0.89975,0.52186,1.4994,1.0248,1.3719,-1.0098,-1.2623,-0.70171
0.86172,0.50334,1.474,1.0143,1.3471,-0.99456,-1.2446,-0.69655
0.82353,0.48507,1.4477,1.0032,1.3215,-0.97884,-1.2261,-0.691
0.78523,0.46705,1.4204,0.99164,1.2951,-0.96268,-1.2066,-0.68505
0.74685,0.44932,1.3922,0.97959,1.2679,-0.94609,-1.1863,-0.67873
0.70842,0.43188,1.3631,0.96707,1.2401,-0.92911,-1.1652,-0.67202
0.66998,0.41474,1.3332,0.9541,1.2116,-0.91173,-1.1433,-0.66495
0.63156,0.39794,1.3025,0.94071,1.1824,-0.89399,-1.1206,-0.65752
0.59318,0.38146,1.271,0.9269,1.1526,-0.8759,-1.0971,-0.64975
0.55489,0.36535,1.2387,0.9127,1.1221,-0.85748,-1.0729,-0.64164
0.51672,0.34959,1.2056,0.89814,1.0911,-0.83875,-1.048,-0.6332
0.47869,0.33422,1.1719,0.88323,1.0596,-0.81972,-1.0224,-0.62444
0.44084,0.31923,1.1374,0.86799,1.0275,-0.80043,-0.99607,-0.61538
0.4032,0.30465,1.1024,0.85245,0.99501,-0.78088,-0.96914,-0.60602
0.3658,0.29048,1.0667,0.83662,0.96202,-0.7611,-0.9416,-0.59637
0.32867,0.27673,1.0304,0.82053,0.92861,-0.74111,-0.91346,-0.58646
0.29183,0.26342,0.99363,0.8042,0.89481,-0.72092,-0.88477,-0.57628
0.25533,0.25055,0.95632,0.78765,0.86064,-0.70056,-0.85554,-0.56585
0.21918,0.23813,0.91853,0.7709,0.82615,-0.68005,-0.8258,-0.55519
0.18341,0.22617,0.88031,0.75398,0.79136,-0.6594,-0.79558,-0.54431
0.14806,0.21467,0.84167,0.7369,0.7563,-0.63863,-0.76492,-0.53321
0.11315,0.20365,0.80267,0.71969,0.721,-0.61776,-0.73383,-0.52191
0.078699,0.19311,0.76334,0.70236,0.68551,-0.59682,-0.70235,-0.51043
0.044739,0.18305,0.72371,0.68495,0.64984,-0.57582,-0.67051,-0.49877
0.011294,0.17348,0.68382,0.66747,0.61403,-0.55477,-0.63834,-0.48695
-0.021612,0.1644,0.64371,0.64994,0.57811,-0.53371,-0.60586,-0.47499
-0.053957,0.15582,0.60341,0.63239,0.54212,-0.51264,-0.57312,-0.46289
-0.085717,0.14773,0.56297,0.61483,0.50608,-0.49159,-0.54013,-0.45068
-0.11687,0.14014,0.52241,0.59729,0.47002,-0.47057,-0.50694,-0.43836
-0.1474,0.13306,0.48179,0.57978,0.43398,-0.4496,-0.47356,-0.42594
-0.17728,0.12648,0.44113,0.56233,0.398,-0.4287,-0.44004,-0.41345
-0.20649,0.12039,0.40047,0.54495,0.36208,-0.40789,-0.4064,-0.40089
-0.23502,0.11481,0.35986,0.52767,0.32628,-0.38717,-0.37268,-0.38827
-0.26285,0.10972,0.31932,0.51051,0.29062,-0.36658,-0.3389,-0.37562
-0.28996,0.10513,0.2789,0.49348,0.25513,-0.34613,-0.30509,-0.36294
-0.31633,0.10103,0.23863,0.47661,0.21983,-0.32583,-0.2713,-0.35025
-0.34195,0.097422,0.19855,0.4599,0.18476,-0.3057,-0.23754,-0.33756
-0.3668,0.094296,0.15869,0.44339,0.14995,-0.28575,-0.20385,-0.32489
-0.39088,0.091649,0.1191,0.42708,0.11543,-0.266,-0.17026,-0.31224
-0.41417,0.089475,0.07981,0.41099,0.081214,-0.24646,-0.1368,-0.29963
-0.43666,0.087768,0.040853,0.39515,0.047342,-0.22716,-0.10349,-0.28707
-0.45833,0.08652,0.0022672,0.37956,0.013837,-0.20809,-0.070377,-0.27457
-0.47918,0.085724,-0.035914,0.36424,-0.019275,-0.18928,-0.037479,-0.26215
-0.4992,0.085372,-0.073655,0.34921,-0.051966,-0.17075,-0.0048274,-0.24982
-0.51838,0.085454,-0.11092,0.33448,-0.084213,-0.15249,0.027549,-0.23759
-0.53672,0.085961,-0.14768,0.32006,-0.11599,-0.13453,0.059622,-0.22546
-0.5542,0.086882,-0.1839,0.30597,-0.14727,-0.11688,0.091365,-0.21345
-0.57083,0.088208,-0.21955,0.29223,-0.17804,-0.099543,0.12275,-0.20158
-0.58659,0.089927,-0.2546,0.27883,-0.20827,-0.082538,0.15375,-0.18985
-0.60149,0.092027,-0.28901,0.2658,-0.23793,-0.065873,0.18434,-0.17826
-0.61553,0.094495,-0.32276,0.25314,-0.26701,-0.049559,0.21449,-0.16684
-0.62869,0.09732,-0.35581,0.24087,-0.29548,-0.033604,0.24418,-0.15558
-0.64098,0.10049,-0.38814,0.22899,-0.32333,-0.018019,0.27338,-0.1445
-0.65241,0.10398,-0.41972,0.21752,-0.35054,-0.0028123,0.30207,-0.13361
-0.66297,0.1078,-0.45052,0.20645,-0.37709,0.012009,0.33023,-0.1229
-0.67266,0.11191,-0.48053,0.1958,-0.40295,0.026436,0.35784,-0.1124
-0.68149,0.11631,-0.5097,0.18558,-0.42812,0.040462,0.38486,-0.1021
-0.68945,0.12098,-0.53802,0.17579,-0.45257,0.054081,0.41129,-0.092014
-0.69657,0.1259,-0.56547,0.16644,-0.4763,0.067285,0.4371,-0.082146
-0.70283,0.13106,-0.59202,0.15752,-0.49928,0.080071,0.46226,-0.0725
-0.70825,0.13645,-0.61765,0.14905,-0.5215,0.092432,0.48678,-0.063083
-0.71283,0.14204,-0.64234,0.14103,-0.54296,0.10436,0.51061,-0.053897
-0.71657,0.14782,-0.66608,0.13346,-0.56363,0.11586,0.53375,-0.044946
-0.7195,0.15378,-0.68884,0.12633,-0.58351,0.12693,0.55619,-0.036234
-0.72162,0.15989,-0.71061,0.11966,-0.60259,0.13755,0.57789,-0.027764
-0.72293,0.16614,-0.73137,0.11344,-0.62086,0.14773,0.59886,-0.019537
-0.72345,0.1725,-0.75111,0.10768,-0.6383,0.15747,0.61908,-0.011556
-0.72319,0.17898,-0.76982,0.10236,-0.65492,0.16677,0.63853,-0.0038214
-0.72216,0.18553,-0.78748,0.097493,-0.6707,0.17562,0.6572,0.0036659
-0.72037,0.19216,-0.80408,0.09307,-0.68564,0.18402,0.67508,0.010906
-0.71783,0.19883,-0.81961,0.089088,-0.69974,0.19198,0.69216,0.017898
-0.71457,0.20554,-0.83407,0.085545,-0.71299,0.19949,0.70843,0.024644
-0.71059,0.21227,-0.84744,0.082434,-0.72538,0.20657,0.72388,0.031144
-0.7059,0.21899,-0.85973,0.079751,-0.73692,0.2132,0.73851,0.037401
-0.70053,0.22568,-0.87092,0.07749,-0.7476,0.21939,0.75231,0.043416
-0.69449,0.23234,-0.88101,0.075642,-0.75743,0.22515,0.76527,0.049191
-0.68779,0.23895,-0.89,0.074202,-0.7664,0.23047,0.77739,0.054731
-0.68046,0.24548,-0.89789,0.073161,-0.77452,0.23537,0.78866,0.060038
-0.6725,0.25192,-0.90467,0.072511,-0.78179,0.23984,0.79908,0.065116
-0.66394,0.25825,-0.91036,0.072241,-0.7882,0.2439,0.80866,0.069968
-0.65479,0.26446,-0.91495,0.072343,-0.79378,0.24754,0.81738,0.074601
-0.64507,0.27053,-0.91844,0.072806,-0.79851,0.25078,0.82525,0.079019
-0.63481,0.27645,-0.92085,0.073619,-0.80242,0.25362,0.83227,0.083226
-0.62401,0.28218,-0.92217,0.074771,-0.80549,0.25606,0.83845,0.08723
-0.61271,0.28773,-0.92242,0.076249,-0.80775,0.25812,0.84378,0.091034
-0.60091,0.29308,-0.9216,0.078043,-0.8092,0.2598,0.84826,0.094647
-0.58863,0.29821,-0.91972,0.080138,-0.80984,0.26111,0.85191,0.098074
-0.57591,0.3031,-0.9168,0.082521,-0.8097,0.26205,0.85473,0.10132
-0.56275,0.30774,-0.91284,0.085179,-0.80877,0.26265,0.85672,0.1044
-0.54918,0.31212,-0.90786,0.088099,-0.80708,0.2629,0.8579,0.10731
-0.53521,0.31623,-0.90187,0.091265,-0.80463,0.26282,0.85826,0.11007
-0.52088,0.32005,-0.8949,0.094663,-0.80144,0.26241,0.85783,0.11268
-0.50619,0.32356,-0.88694,0.098278,-0.79751,0.2617,0.8566,0.11514
-0.49117,0.32676,-0.87803,0.10209,-0.79288,0.26068,0.85459,0.11747
-0.47583,0.32964,-0.86817,0.1061,-0.78754,0.25937,0.85182,0.11968
-0.46021,0.33217,-0.85739,0.11027,-0.78152,0.25777,0.84828,0.12177
-0.44432,0.33436,-0.84572,0.1146,-0.77483,0.25591,0.844,0.12375
-0.42818,0.3362,-0.83316,0.11906,-0.7675,0.2538,0.83899,0.12564
-0.4118,0.33766,-0.81974,0.12365,-0.75953,0.25144,0.83326,0.12743
-0.39522,0.33875,-0.80549,0.12835,-0.75094,0.24884,0.82683,0.12914
-0.37845,0.33945,-0.79042,0.13313,-0.74176,0.24603,0.81971,0.13077
-0.36152,0.33976,-0.77457,0.13799,-0.732,0.24301,0.81193,0.13234
-0.34443,0.33967,-0.75796,0.1429,-0.72169,0.2398,0.80349,0.13385
-0.32721,0.33917,-0.7406,0.14786,-0.71084,0.2364,0.79441,0.13531
-0.30989,0.33826,-0.72254,0.15283,-0.69947,0.23283,0.78471,0.13673
-0.29247,0.33693,-0.70379,0.15782,-0.68761,0.22911,0.77442,0.13812
-0.27499,0.33517,-0.68439,0.16279,-0.67527,0.22525,0.76354,0.13949
-0.25745,0.33298,-0.66436,0.16774,-0.66248,0.22125,0.75211,0.14084
-0.23988,0.33037,-0.64373,0.17264,-0.64926,0.21715,0.74013,0.14219
-0.22229,0.32732,-0.62252,0.17749,-0.63562,0.21293,0.72763,0.14353
-0.20471,0.32383,-0.60078,0.18226,-0.62161,0.20863,0.71463,0.14488
-0.18715,0.3199,-0.57852,0.18695,-0.60722,0.20425,0.70114,0.14625
-0.16963,0.31552,-0.55579,0.19152,-0.5925,0.19981,0.6872,0.14764
-0.15216,0.31071,-0.5326,0.19598,-0.57746,0.19532,0.67283,0.14906
-0.13477,0.30546,-0.50899,0.2003,-0.56212,0.1908,0.65803,0.15052
-0.11746,0.29977,-0.48499,0.20447,-0.54651,0.18624,0.64285,0.15202
-0.10026,0.29363,-0.46064,0.20847,-0.53064,0.18168,0.62729,0.15357
-0.083183,0.28707,-0.43595,0.21229,-0.51456,0.17712,0.61138,0.15517
-0.06624,0.28006,-0.41097,0.21592,-0.49826,0.17258,0.59515,0.15684
-0.049447,0.27263,-0.38573,0.21935,-0.48179,0.16806,0.57862,0.15857
-0.03282,0.26477,-0.36025,0.22255,-0.46516,0.16358,0.5618,0.16037
-0.016373,0.25649,-0.33457,0.22552,-0.4484,0.15915,0.54473,0.16226
-0.00011851,0.24779,-0.30872,0.22825,-0.43152,0.15478,0.52742,0.16422
0.01593,0.23868,-0.28273,0.23072,-0.41455,0.15049,0.5099,0.16627
0.031759,0.22917,-0.25663,0.23292,-0.39752,0.14628,0.49219,0.1684
0.047357,0.21926,-0.23045,0.23485,-0.38044,0.14217,0.47431,0.17063
0.062712,0.20895,-0.20422,0.23648,-0.36334,0.13817,0.45629,0.17296
0.077813,0.19827,-0.17797,0.23782,-0.34623,0.13429,0.43815,0.17539
0.092649,0.18722,-0.15173,0.23885,-0.32915,0.13053,0.4199,0.17791
0.10721,0.1758,-0.12554,0.23956,-0.31211,0.12692,0.40158,0.18054
0.12148,0.16403,-0.099414,0.23995,-0.29513,0.12345,0.3832,0.18328
0.13547,0.15192,-0.073387,0.24001,-0.27823,0.12013,0.36479,0.18612
0.14914,0.13947,-0.047486,0.23972,-0.26144,0.11699,0.34637,0.18906
0.16251,0.1267,-0.021739,0.2391,-0.24477,0.11401,0.32795,0.19212
0.17555,0.11363,0.0038278,0.23812,-0.22823,0.11122,0.30956,0.19528
0.18827,0.10026,0.029187,0.23678,-0.21187,0.10861,0.29122,0.19855
0.20065,0.0866,0.054313,0.23509,-0.19567,0.10621,0.27295,0.20193
0.2127,0.072674,0.079181,0.23303,-0.17968,0.104,0.25477,0.20542
0.22439,0.058491,0.10377,0.2306,-0.1639,0.10201,0.2367,0.20901
0.23574,0.044065,0.12804,0.2278,-0.14835,0.10023,0.21875,0.2127
0.24673,0.02941,0.15199,0.22464,-0.13305,0.09867,0.20095,0.2165
0.25735,0.014542,0.17559,0.22109,-0.11801,0.097337,0.18331,0.22039
0.26762,-0.00052633,0.19881,0.21718,-0.10326,0.096234,0.16586,0.22439
0.27751,-0.015778,0.22164,0.21289,-0.088791,0.095366,0.1486,0.22847
0.28703,-0.031198,0.24405,0.20823,-0.074634,0.094736,0.13155,0.23265
0.29618,-0.046771,0.26603,0.2032,-0.060799,0.094347,0.11473,0.23691
0.30496,-0.06248,0.28755,0.19779,-0.047298,0.094202,0.098159,0.24125
0.31335,-0.07831,0.30861,0.19203,-0.034144,0.094304,0.081847,0.24567
0.32137,-0.094244,0.32918,0.1859,-0.021349,0.094653,0.065808,0.25017
0.32901,-0.11027,0.34924,0.17941,-0.0089234,0.095252,0.050056,0.25474
0.33627,-0.12636,0.36879,0.17257,0.0031214,0.096101,0.034605,0.25937
0.34315,-0.1425,0.3878,0.16538,0.014776,0.0972,0.019467,0.26405
0.34965,-0.15869,0.40627,0.15786,0.026031,0.09855,0.0046536,0.26879
0.35578,-0.17489,0.42419,0.14999,0.036878,0.10015,-0.0098242,0.27358
0.36153,-0.1911,0.44153,0.1418,0.047309,0.102,-0.023956,0.27841
0.3669,-0.20729,0.4583,0.1333,0.057316,0.1041,-0.037731,0.28327
0.37191,-0.22345,0.47448,0.12448,0.066894,0.10644,-0.05114,0.28817
0.37655,-0.23957,0.49006,0.11536,0.076035,0.10902,-0.064175,0.29308
0.38082,-0.25562,0.50504,0.10595,0.084735,0.11185,-0.076828,0.29801
0.38474,-0.27159,0.5194,0.096259,0.09299,0.11492,-0.089091,0.30294
0.38829,-0.28746,0.53315,0.0863,0.10079,0.11822,-0.10096,0.30788
0.39149,-0.30321,0.54628,0.076084,0.10815,0.12175,-0.11242,0.3128
0.39435,-0.31884,0.55879,0.065622,0.11504,0.1255,-0.12348,0.31772
0.39686,-0.33431,0.57067,0.054929,0.12148,0.12948,-0.13412,0.32261
0.39903,-0.34963,0.58192,0.044016,0.12746,0.13367,-0.14434,0.32747
0.40086,-0.36476,0.59254,0.032897,0.13298,0.13808,-0.15415,0.3323
0.40237,-0.3797,0.60252,0.021586,0.13803,0.14269,-0.16353,0.33708
0.40356,-0.39442,0.61188,0.010099,0.14263,0.1475,-0.17248,0.34181
0.40443,-0.40892,0.62061,-0.0015509,0.14677,0.1525,-0.181,0.34648
0.40499,-0.42318,0.62872,-0.013347,0.15046,0.15769,-0.1891,0.35108
0.40525,-0.43718,0.63621,-0.025275,0.15368,0.16305,-0.19676,0.3556
0.40521,-0.45091,0.64308,-0.037317,0.15646,0.16859,-0.204,0.36004
0.40488,-0.46436,0.64933,-0.049458,0.15879,0.1743,-0.2108,0.36439
0.40427,-0.47751,0.65498,-0.061681,0.16068,0.18016,-0.21718,0.36864
0.40338,-0.49035,0.66003,-0.073968,0.16212,0.18617,-0.22312,0.37278
0.40223,-0.50287,0.66449,-0.086304,0.16313,0.19231,-0.22864,0.37681
0.40081,-0.51505,0.66836,-0.098669,0.16372,0.19859,-0.23374,0.38072
0.39915,-0.52688,0.67166,-0.11105,0.16388,0.205,-0.23842,0.38449
0.39723,-0.53835,0.6744,-0.12342,0.16362,0.21152,-0.24269,0.38813
0.39508,-0.54946,0.67658,-0.13577,0.16296,0.21814,-0.24654,0.39162
0.3927,-0.56018,0.67822,-0.14808,0.16189,0.22486,-0.24998,0.39497
0.3901,-0.57051,0.67932,-0.16033,0.16043,0.23166,-0.25302,0.39815
0.38728,-0.58044,0.6799,-0.1725,0.15858,0.23854,-0.25566,0.40117
0.38425,-0.58996,0.67998,-0.18458,0.15636,0.24549,-0.25791,0.40401
0.38103,-0.59906,0.67956,-0.19654,0.15377,0.2525,-0.25978,0.40668
0.37762,-0.60774,0.67866,-0.20837,0.15082,0.25956,-0.26126,0.40916
0.37402,-0.61599,0.6773,-0.22004,0.14752,0.26665,-0.26237,0.41145
0.37025,-0.6238,0.67548,-0.23155,0.14389,0.27377,-0.26312,0.41354
0.36631,-0.63116,0.67323,-0.24288,0.13992,0.28091,-0.26351,0.41543
0.36221,-0.63807,0.67055,-0.25399,0.13564,0.28806,-0.26354,0.41711
0.35796,-0.64453,0.66747,-0.26489,0.13106,0.29521,-0.26324,0.41858
0.35357,-0.65052,0.664,-0.27555,0.12617,0.30235,-0.2626,0.41983
0.34904,-0.65606,0.66016,-0.28595,0.121,0.30947,-0.26163,0.42086
0.34438,-0.66112,0.65596,-0.29607,0.11556,0.31656,-0.26035,0.42165
0.3396,-0.66572,0.65142,-0.30591,0.10986,0.32361,-0.25876,0.42222
0.33471,-0.66985,0.64655,-0.31544,0.10391,0.33061,-0.25686,0.42255
0.32971,-0.67351,0.64139,-0.32465,0.097715,0.33755,-0.25468,0.42264
0.32461,-0.67669,0.63593,-0.33352,0.091298,0.34442,-0.25222,0.42248
0.31941,-0.6794,0.6302,-0.34204,0.084667,0.35122,-0.24948,0.42208
0.31413,-0.68164,0.62422,-0.35019,0.077835,0.35794,-0.24649,0.42143
0.30878,-0.68341,0.618,-0.35795,0.070812,0.36456,-0.24324,0.42053
0.30335,-0.68472,0.61156,-0.36533,0.063612,0.37107,-0.23974,0.41938
0.29785,-0.68556,0.60492,-0.3723,0.056246,0.37748,-0.23602,0.41797
0.29229,-0.68594,0.5981,-0.37884,0.048726,0.38377,-0.23207,0.4163
0.28668,-0.68585,0.59111,-0.38496,0.041065,0.38993,-0.22791,0.41438
0.28103,-0.68532,0.58396,-0.39063,0.033274,0.39596,-0.22354,0.4122
0.27533,-0.68434,0.57669,-0.39585,0.025366,0.40184,-0.21898,0.40976
0.2696,-0.68291,0.56929,-0.4006,0.017352,0.40758,-0.21423,0.40707
0.26384,-0.68105,0.5618,-0.40489,0.009244,0.41317,-0.20931,0.40411
0.25805,-0.67876,0.55421,-0.40869,0.0010535,0.4186,-0.20422,0.4009
0.25224,-0.67605,0.54656,-0.41201,-0.007208,0.42385,-0.19898,0.39744
0.24642,-0.67292,0.53886,-0.41483,-0.015529,0.42894,-0.19359,0.39372
0.24058,-0.66939,0.53112,-0.41715,-0.023899,0.43385,-0.18807,0.38975
0.23475,-0.66545,0.52335,-0.41897,-0.032306,0.43858,-0.18242,0.38553
0.22891,-0.66113,0.51557,-0.42028,-0.040741,0.44312,-0.17664,0.38106
0.22307,-0.65644,0.5078,-0.42107,-0.049191,0.44747,-0.17076,0.37636
0.21724,-0.65137,0.50005,-0.42135,-0.057648,0.45163,-0.16478,0.37141
0.21142,-0.64595,0.49233,-0.42111,-0.066101,0.45558,-0.15871,0.36623
0.20562,-0.64018,0.48465,-0.42036,-0.074539,0.45934,-0.15255,0.36082
0.19983,-0.63408,0.47703,-0.41908,-0.082955,0.4629,-0.14632,0.35518
0.19407,-0.62766,0.46947,-0.41729,-0.091337,0.46625,-0.14003,0.34933
0.18833,-0.62092,0.462,-0.41499,-0.099678,0.46939,-0.13367,0.34326
0.18261,-0.61389,0.45461,-0.41217,-0.10797,0.47232,-0.12726,0.33698
0.17692,-0.60657,0.44733,-0.40884,-0.1162,0.47504,-0.12081,0.3305
0.17127,-0.59898,0.44016,-0.40501,-0.12436,0.47756,-0.11433,0.32383
0.16564,-0.59114,0.4331,-0.40068,-0.13245,0.47986,-0.10781,0.31697
0.16006,-0.58305,0.42618,-0.39586,-0.14046,0.48195,-0.10128,0.30993
0.1545,-0.57473,0.41938,-0.39056,-0.14837,0.48384,-0.094728,0.30272
0.14899,-0.56619,0.41274,-0.38477,-0.15619,0.48551,-0.088169,0.29535
0.14351,-0.55745,0.40624,-0.37852,-0.16391,0.48698,-0.081609,0.28782
0.13808,-0.54853,0.3999,-0.37181,-0.17152,0.48824,-0.075052,0.28015
0.13268,-0.53943,0.39372,-0.36466,-0.17901,0.4893,-0.068505,0.27235
0.12733,-0.53017,0.3877,-0.35706,-0.18638,0.49016,-0.061973,0.26443
0.12202,-0.52076,0.38186,-0.34904,-0.19362,0.49082,-0.055462,0.25639
0.11675,-0.51123,0.3762,-0.34062,-0.20074,0.49129,-0.048977,0.24824
0.11152,-0.50158,0.37071,-0.33179,-0.20772,0.49157,-0.042522,0.24001
0.10633,-0.49183,0.3654,-0.32258,-0.21456,0.49166,-0.036102,0.2317
0.10118,-0.482,0.36028,-0.31301,-0.22125,0.49157,-0.029722,0.22331
0.09608,-0.47209,0.35535,-0.30308,-0.2278,0.4913,-0.023385,0.21487
0.091015,-0.46213,0.3506,-0.29282,-0.2342,0.49085,-0.017094,0.20639
0.08599,-0.45212,0.34603,-0.28223,-0.24045,0.49024,-0.010855,0.19787
0.081003,-0.44208,0.34166,-0.27135,-0.24654,0.48947,-0.0046691,0.18934
0.076054,-0.43203,0.33747,-0.26019,-0.25248,0.48855,0.0014599,0.18079
0.071141,-0.42197,0.33346,-0.24876,-0.25825,0.48747,0.0075293,0.17226
0.066263,-0.41192,0.32964,-0.23709,-0.26387,0.48625,0.013537,0.16374
0.061418,-0.4019,0.326,-0.2252,-0.26932,0.48489,0.019479,0.15526
0.056606,-0.39191,0.32254,-0.2131,-0.27462,0.4834,0.025356,0.14682
0.051823,-0.38197,0.31926,-0.20082,-0.27975,0.48179,0.031164,0.13844
0.04707,-0.37209,0.31614,-0.18838,-0.28471,0.48007,0.036903,0.13014
0.042343,-0.36228,0.3132,-0.17579,-0.28952,0.47823,0.04257,0.12192
0.037642,-0.35255,0.31041,-0.16309,-0.29416,0.47629,0.048165,0.11381
0.032964,-0.34291,0.30779,-0.15028,-0.29865,0.47426,0.053687,0.1058
0.028307,-0.33337,0.30532,-0.13741,-0.30297,0.47215,0.059135,0.097933
0.023669,-0.32395,0.30299,-0.12447,-0.30713,0.46995,0.064509,0.090203
0.01905,-0.31465,0.30081,-0.11151,-0.31114,0.46769,0.069808,0.082629
0.014445,-0.30548,0.29876,-0.098533,-0.31499,0.46536,0.075032,0.075225
0.009854,-0.29644,0.29683,-0.08557,-0.31869,0.46298,0.080181,0.068003
0.0052745,-0.28755,0.29503,-0.072642,-0.32224,0.46055,0.085255,0.060976
0.00070441,-0.27882,0.29334,-0.05977,-0.32563,0.45809,0.090256,0.054159
-0.0038581,-0.27024,0.29176,-0.046977,-0.32889,0.45559,0.095182,0.047562
-0.0084151,-0.26182,0.29027,-0.034283,-0.332,0.45308,0.10003,0.0412
-0.012968,-0.25358,0.28888,-0.021711,-0.33497,0.45055,0.10482,0.035083
-0.01752,-0.24551,0.28756,-0.0092818,-0.3378,0.44801,0.10952,0.029225
-0.022072,-0.23762,0.28632,0.0029841,-0.3405,0.44547,0.11416,0.023636
-0.026625,-0.22991,0.28514,0.015066,-0.34307,0.44295,0.11873,0.018328
-0.031182,-0.22238,0.28402,0.026944,-0.34552,0.44044,0.12323,0.013312
-0.035744,-0.21504,0.28294,0.038597,-0.34784,0.43796,0.12767,0.0085979
-0.040313,-0.20789,0.2819,0.050008,-0.35005,0.4355,0.13203,0.0041958
-0.04489,-0.20093,0.28089,0.061157,-0.35214,0.43309,0.13634,0.00011515
-0.049477,-0.19416,0.27989,0.072025,-0.35413,0.43072,0.14058,-0.0036349
-0.054075,-0.18758,0.27891,0.082597,-0.356,0.42841,0.14476,-0.0070458
-0.058685,-0.18119,0.27792,0.092854,-0.35778,0.42615,0.14888,-0.01011
-0.063309,-0.17498,0.27693,0.10278,-0.35946,0.42396,0.15294,-0.012819
-0.067947,-0.16896,0.27592,0.11236,-0.36105,0.42184,0.15695,-0.015167
-0.072601,-0.16313,0.27488,0.12158,-0.36255,0.41979,0.1609,-0.017148
-0.077271,-0.15747,0.27381,0.13043,-0.36397,0.41783,0.1648,-0.018755
-0.081958,-0.15199,0.27269,0.13888,-0.36531,0.41595,0.16864,-0.019984
-0.086663,-0.14668,0.27152,0.14694,-0.36658,0.41416,0.17244,-0.020831
-0.091387,-0.14154,0.27029,0.15459,-0.36777,0.41247,0.17619,-0.021291
-0.096129,-0.13656,0.26899,0.16181,-0.36891,0.41087,0.17989,-0.021363
-0.10089,-0.13173,0.26761,0.1686,-0.36998,0.40938,0.18354,-0.021043
-0.10567,-0.12706,0.26614,0.17495,-0.37099,0.40799,0.18715,-0.02033
-0.11047,-0.12253,0.26457,0.18086,-0.37195,0.40671,0.19072,-0.019224
-0.11529,-0.11813,0.26291,0.1863,-0.37287,0.40554,0.19425,-0.017723
-0.12013,-0.11386,0.26114,0.19129,-0.37374,0.40449,0.19774,-0.01583
-0.12499,-0.10972,0.25924,0.19581,-0.37457,0.40354,0.20118,-0.013545
-0.12987,-0.10568,0.25723,0.19986,-0.37537,0.40271,0.20459,-0.01087
-0.13476,-0.10175,0.25509,0.20344,-0.37614,0.402,0.20797,-0.0078082
-0.13968,-0.097915,0.2528,0.20655,-0.37688,0.4014,0.2113,-0.0043635
-0.14461,-0.094163,0.25038,0.20918,-0.37759,0.40092,0.2146,-0.00054014
-0.14955,-0.090488,0.24781,0.21134,-0.37828,0.40055,0.21787,0.0036568
-0.15452,-0.086878,0.24509,0.21302,-0.37896,0.40029,0.2211,0.0082213
-0.15949,-0.083325,0.2422,0.21423,-0.37962,0.40015,0.2243,0.013147
-0.16448,-0.079817,0.23916,0.21498,-0.38028,0.40012,0.22746,0.018426
-0.16949,-0.076344,0.23594,0.21526,-0.38092,0.40019,0.23059,0.02405
-0.1745,-0.072896,0.23256,0.21508,-0.38156,0.40036,0.23369,0.030011
-0.17952,-0.069462,0.229,0.21446,-0.3822,0.40064,0.23675,0.036299
-0.18456,-0.066031,0.22526,0.21339,-0.38284,0.40101,0.23978,0.042903
-0.18959,-0.062593,0.22135,0.21188,-0.38348,0.40148,0.24278,0.049813
-0.19463,-0.059137,0.21725,0.20995,-0.38413,0.40203,0.24574,0.057017
-0.19968,-0.055651,0.21296,0.2076,-0.38478,0.40267,0.24866,0.064503
-0.20473,-0.052126,0.20849,0.20485,-0.38544,0.40339,0.25155,0.072258
-0.20977,-0.04855,0.20383,0.20171,-0.38611,0.40417,0.2544,0.080267
-0.21481,-0.044913,0.19897,0.19818,-0.38679,0.40503,0.25721,0.088518
-0.21985,-0.041205,0.19393,0.19429,-0.38749,0.40594,0.25998,0.096995
-0.22488,-0.037414,0.1887,0.19005,-0.38819,0.4069,0.26271,0.10568
-0.2299,-0.03353,0.18328,0.18547,-0.38891,0.40792,0.2654,0.11457
-0.2349,-0.029545,0.17767,0.18057,-0.38965,0.40896,0.26804,0.12363
-0.2399,-0.025447,0.17187,0.17537,-0.3904,0.41004,0.27063,0.13285
-0.24487,-0.021227,0.16588,0.16987,-0.39117,0.41115,0.27318,0.14222
-0.24982,-0.016877,0.15971,0.16411,-0.39195,0.41226,0.27567,0.15172
-0.25475,-0.012386,0.15335,0.15811,-0.39275,0.41338,0.27811,0.16132
-0.25966,-0.0077474,0.14681,0.15186,-0.39356,0.4145,0.28049,0.17101
-0.26454,-0.0029515,0.14009,0.14541,-0.39438,0.41561,0.28281,0.18078
-0.26938,0.0020092,0.1332,0.13877,-0.39522,0.41669,0.28507,0.1906
-0.27419,0.0071423,0.12613,0.13195,-0.39607,0.41775,0.28726,0.20045
-0.27896,0.012455,0.11889,0.12499,-0.39694,0.41876,0.28939,0.21031
-0.2837,0.017953,0.11149,0.11789,-0.39781,0.41972,0.29144,0.22017
-0.28838,0.023644,0.10393,0.11069,-0.39869,0.42063,0.29342,0.23
-0.29302,0.029533,0.096208,0.1034,-0.39958,0.42146,0.29532,0.23978
-0.29761,0.035625,0.088337,0.096053,-0.40047,0.42222,0.29713,0.2495
-0.30215,0.041925,0.080319,0.088659,-0.40137,0.42289,0.29886,0.25913
-0.30662,0.048437,0.072161,0.081245,-0.40227,0.42346,0.3005,0.26865
-0.31104,0.055166,0.063866,0.073833,-0.40316,0.42392,0.30204,0.27804
-0.31539,0.062113,0.055442,0.066446,-0.40405,0.42426,0.30349,0.28729
-0.31967,0.069281,0.046894,0.059105,-0.40494,0.42447,0.30483,0.29637
-0.32388,0.076673,0.038229,0.051832,-0.40582,0.42454,0.30607,0.30525
-0.32802,0.08429,0.029453,0.044649,-0.40668,0.42447,0.30719,0.31393
-0.33207,0.092133,0.020574,0.037579,-0.40753,0.42424,0.3082,0.32238
-0.33604,0.1002,0.011597,0.030641,-0.40837,0.42384,0.30908,0.33058
-0.33993,0.1085,0.0025303,0.023858,-0.40918,0.42326,0.30985,0.33852
-0.34372,0.11701,-0.0066188,0.01725,-0.40997,0.4225,0.31048,0.34617
-0.34742,0.12575,-0.015843,0.010838,-0.41073,0.42154,0.31098,0.35351
-0.35102,0.13472,-0.025135,0.0046412,-0.41146,0.42038,0.31134,0.36053
-0.35451,0.14389,-0.034486,-0.0013204,-0.41216,0.41901,0.31156,0.36722
-0.3579,0.15329,-0.04389,-0.0070279,-0.41282,0.41742,0.31163,0.37354
-0.36118,0.16289,-0.053337,-0.012463,-0.41344,0.4156,0.31155,0.37948
-0.36434,0.17269,-0.06282,-0.017607,-0.41402,0.41354,0.31131,0.38504
-0.36738,0.1827,-0.072331,-0.022444,-0.41454,0.41123,0.31091,0.39019
-0.3703,0.1929,-0.081861,-0.026956,-0.41502,0.40868,0.31035,0.39491
-0.37309,0.20329,-0.091403,-0.031128,-0.41544,0.40587,0.30962,0.3992
-0.37575,0.21385,-0.10095,-0.034944,-0.4158,0.40279,0.30871,0.40304
-0.37827,0.22459,-0.11049,-0.038391,-0.4161,0.39945,0.30763,0.40641
-0.38065,0.23549,-0.12001,-0.041454,-0.41633,0.39583,0.30636,0.40931
-0.38288,0.24654,-0.12951,-0.044121,-0.41649,0.39192,0.30492,0.41171
-0.38497,0.25774,-0.13899,-0.04638,-0.41657,0.38773,0.30328,0.41362
-0.3869,0.26907,-0.14842,-0.04822,-0.41658,0.38326,0.30145,0.41501
-0.38867,0.28053,-0.15781,-0.04963,-0.4165,0.37848,0.29942,0.41588
-0.39028,0.2921,-0.16714,-0.050602,-0.41634,0.37341,0.2972,0.41622
-0.39171,0.30376,-0.1764,-0.051126,-0.4161,0.36804,0.29477,0.41603
-0.39298,0.31552,-0.1856,-0.051197,-0.41575,0.36236,0.29214,0.41528
-0.39407,0.32735,-0.19471,-0.050807,-0.41532,0.35638,0.2893,0.41399
-0.39498,0.33925,-0.20374,-0.04995,-0.41478,0.3501,0.28625,0.41213
-0.3957,0.35119,-0.21267,-0.048624,-0.41414,0.3435,0.28299,0.40972
-0.39623,0.36316,-0.2215,-0.046824,-0.41339,0.3366,0.27951,0.40674
-0.39656,0.37516,-0.23021,-0.044547,-0.41253,0.32939,0.27582,0.40318
-0.3967,0.38716,-0.2388,-0.041793,-0.41156,0.32187,0.27191,0.39906
-0.39663,0.39915,-0.24727,-0.038562,-0.41048,0.31404,0.26778,0.39436
-0.39634,0.41112,-0.25561,-0.034853,-0.40927,0.30591,0.26343,0.38908
-0.39585,0.42304,-0.2638,-0.030669,-0.40794,0.29748,0.25886,0.38324
-0.39514,0.4349,-0.27184,-0.026013,-0.40649,0.28875,0.25407,0.37682
-0.3942,0.4467,-0.27973,-0.020887,-0.4049,0.27972,0.24906,0.36983
-0.39303,0.45839,-0.28746,-0.015298,-0.40319,0.2704,0.24383,0.36227
-0.39164,0.46999,-0.29501,-0.0092508,-0.40135,0.26079,0.23838,0.35415
-0.39,0.48145,-0.30239,-0.0027521,-0.39937,0.2509,0.2327,0.34548
-0.38813,0.49278,-0.30959,0.0041902,-0.39725,0.24073,0.22681,0.33625
-0.38601,0.50394,-0.3166,0.011567,-0.39499,0.23029,0.2207,0.32647
-0.38364,0.51493,-0.32342,0.019369,-0.39259,0.21958,0.21437,0.31615
-0.38102,0.52573,-0.33004,0.027586,-0.39005,0.20862,0.20783,0.30531
-0.37815,0.53631,-0.33645,0.036206,-0.38736,0.19741,0.20108,0.29394
-0.37501,0.54666,-0.34265,0.045216,-0.38452,0.18595,0.19411,0.28206
-0.3716,0.55677,-0.34864,0.054604,-0.38154,0.17426,0.18694,0.26968
-0.36793,0.56661,-0.3544,0.064354,-0.37841,0.16234,0.17956,0.25681
-0.36399,0.57618,-0.35994,0.074453,-0.37513,0.15022,0.17198,0.24346
-0.35977,0.58544,-0.36524,0.084884,-0.37169,0.13788,0.16421,0.22965
-0.35527,0.59439,-0.37031,0.095631,-0.36811,0.12535,0.15624,0.21538
-0.35049,0.60301,-0.37514,0.10668,-0.36437,0.11264,0.14808,0.20068
-0.34543,0.61128,-0.37973,0.118,-0.36048,0.099755,0.13973,0.18556
-0.34008,0.61919,-0.38407,0.12959,-0.35644,0.086711,0.13121,0.17002
-0.33445,0.62671,-0.38816,0.14142,-0.35225,0.073518,0.12251,0.1541
-0.32852,0.63384,-0.39199,0.15348,-0.3479,0.060189,0.11364,0.1378
-0.3223,0.64056,-0.39557,0.16573,-0.3434,0.046738,0.1046,0.12115
-0.31578,0.64686,-0.39888,0.17817,-0.33875,0.033178,0.095408,0.10415
-0.30897,0.65271,-0.40193,0.19077,-0.33395,0.019522,0.086062,0.086837
-0.30186,0.65811,-0.40471,0.20351,-0.329,0.0057835,0.07657,0.069219
-0.29445,0.66305,-0.40723,0.21636,-0.3239,-0.0080225,0.066938,0.051317
-0.28674,0.6675,-0.40947,0.22931,-0.31866,-0.021882,0.057173,0.033151
-0.27873,0.67146,-0.41143,0.24232,-0.31327,-0.03578,0.047283,0.01474
-0.27041,0.67492,-0.41312,0.25539,-0.30773,-0.049702,0.037273,-0.0038936
-0.2618,0.67786,-0.41453,0.26848,-0.30206,-0.063633,0.027152,-0.022731
-0.25289,0.68027,-0.41567,0.28157,-0.29624,-0.077557,0.016927,-0.041751
-0.24368,0.68215,-0.41652,0.29463,-0.29029,-0.091459,0.0066057,-0.060932
-0.23417,0.68348,-0.41709,0.30765,-0.2842,-0.10532,-0.0038039,-0.080253
-0.22436,0.68427,-0.41737,0.3206,-0.27798,-0.11914,-0.014294,-0.099693
-0.21426,0.68448,-0.41738,0.33346,-0.27163,-0.13288,-0.024856,-0.11923
-0.20386,0.68414,-0.4171,0.34619,-0.26515,-0.14654,-0.035482,-0.13884
-0.19317,0.68321,-0.41653,0.35878,-0.25855,-0.16009,-0.046164,-0.15851
-0.18218,0.68171,-0.41568,0.37121,-0.25183,-0.17354,-0.056893,-0.1782
-0.17092,0.67962,-0.41454,0.38345,-0.24499,-0.18685,-0.067661,-0.19791
-0.15936,0.67695,-0.41312,0.39547,-0.23804,-0.20001,-0.07846,-0.2176
-0.14753,0.67368,-0.41141,0.40726,-0.23098,-0.21301,-0.089279,-0.23726
-0.13542,0.66982,-0.40942,0.41879,-0.22381,-0.22583,-0.10011,-0.25686
-0.12303,0.66536,-0.40715,0.43004,-0.21654,-0.23846,-0.11095,-0.27638
-0.11038,0.66031,-0.4046,0.44099,-0.20917,-0.25087,-0.12178,-0.2958
-0.097465,0.65467,-0.40176,0.45161,-0.2017,-0.26306,-0.1326,-0.3151
-0.084289,0.64843,-0.39864,0.46189,-0.19415,-0.27502,-0.1434,-0.33426
-0.07086,0.6416,-0.39525,0.4718,-0.18651,-0.28672,-0.15417,-0.35326
-0.057183,0.63419,-0.39158,0.48132,-0.17879,-0.29815,-0.1649,-0.37207
-0.043264,0.62619,-0.38763,0.49043,-0.17099,-0.3093,-0.17558,-0.39067
-0.029109,0.61761,-0.38341,0.49912,-0.16311,-0.32015,-0.18621,-0.40905
-0.014726,0.60846,-0.37892,0.50737,-0.15517,-0.33069,-0.19677,-0.42718
-0.00011993,0.59875,-0.37416,0.51516,-0.14717,-0.34091,-0.20726,-0.44505
0.014701,0.58847,-0.36913,0.52246,-0.1391,-0.35079,-0.21768,-0.46263
0.029729,0.57765,-0.36384,0.52928,-0.13099,-0.36033,-0.228,-0.47991
0.044956,0.56629,-0.35829,0.53558,-0.12282,-0.36951,-0.23823,-0.49686
0.060375,0.5544,-0.35248,0.54135,-0.11461,-0.37831,-0.24836,-0.51348
0.075977,0.54199,-0.34642,0.54659,-0.10635,-0.38673,-0.25837,-0.52974
0.091753,0.52908,-0.3401,0.55127,-0.098063,-0.39477,-0.26827,-0.54562
0.10769,0.51567,-0.33354,0.55539,-0.089743,-0.40239,-0.27805,-0.56112
0.12379,0.50179,-0.32673,0.55893,-0.081397,-0.40961,-0.28769,-0.5762
0.14004,0.48744,-0.31968,0.56189,-0.073029,-0.41641,-0.29719,-0.59087
0.15642,0.47264,-0.3124,0.56424,-0.064645,-0.42277,-0.30655,-0.60509
0.17293,0.45742,-0.30488,0.566,-0.056248,-0.4287,-0.31577,-0.61886
0.18956,0.44177,-0.29713,0.56713,-0.047843,-0.43419,-0.32482,-0.63217
0.20629,0.42573,-0.28916,0.56765,-0.039435,-0.43923,-0.33371,-0.645
0.22312,0.40931,-0.28096,0.56754,-0.031029,-0.4438,-0.34244,-0.65734
0.24004,0.39253,-0.27256,0.5668,-0.022628,-0.44792,-0.35099,-0.66917
0.25703,0.37542,-0.26394,0.56543,-0.014237,-0.45158,-0.35937,-0.68049
0.27409,0.35798,-0.25511,0.56342,-0.00586,-0.45476,-0.36757,-0.69129
0.2912,0.34024,-0.24608,0.56076,0.0024984,-0.45747,-0.37558,-0.70155
0.30835,0.32223,-0.23686,0.55747,0.010834,-0.4597,-0.3834,-0.71126
0.32554,0.30396,-0.22745,0.55353,0.019144,-0.46146,-0.39102,-0.72042
0.34274,0.28546,-0.21785,0.54895,0.027424,-0.46273,-0.39845,-0.72903
0.35995,0.26675,-0.20807,0.54374,0.035669,-0.46353,-0.40568,-0.73706
0.37716,0.24786,-0.19812,0.53789,0.043878,-0.46385,-0.41271,-0.74452
0.39435,0.2288,-0.18799,0.53141,0.052045,-0.46369,-0.41954,-0.7514
0.41151,0.20961,-0.17771,0.5243,0.060168,-0.46305,-0.42615,-0.7577
0.42864,0.19031,-0.16727,0.51657,0.068244,-0.46194,-0.43256,-0.76341
0.44571,0.17092,-0.15667,0.50823,0.076269,-0.46036,-0.43875,-0.76852
0.46273,0.15146,-0.14593,0.49928,0.084241,-0.45832,-0.44474,-0.77305
0.47967,0.13197,-0.13505,0.48974,0.092157,-0.4558,-0.45051,-0.77697
0.49652,0.11247,-0.12404,0.47961,0.10001,-0.45284,-0.45607,-0.7803
0.51327,0.09298,-0.1129,0.4689,0.10781,-0.44942,-0.46142,-0.78303
0.52992,0.073532,-0.10164,0.45763,0.11554,-0.44555,-0.46655,-0.78516
0.54644,0.054149,-0.090266,0.44581,0.12321,-0.44125,-0.47147,-0.78669
0.56284,0.034857,-0.078785,0.43345,0.13081,-0.43651,-0.47617,-0.78763
0.57908,0.015683,-0.067203,0.42056,0.13835,-0.43135,-0.48067,-0.78797
0.59517,-0.0033486,-0.055526,0.40717,0.14581,-0.42578,-0.48495,-0.78773
0.6111,-0.022212,-0.043761,0.39328,0.1532,-0.41981,-0.48903,-0.7869
0.62684,-0.040882,-0.031915,0.37892,0.16052,-0.41345,-0.4929,-0.78549
0.6424,-0.059333,-0.019995,0.36409,0.16776,-0.4067,-0.49656,-0.78351
0.65775,-0.07754,-0.0080077,0.34883,0.17493,-0.39958,-0.50002,-0.78095
0.67289,-0.095479,0.0040408,0.33314,0.18202,-0.3921,-0.50329,-0.77784
0.68781,-0.11313,0.016143,0.31705,0.18904,-0.38428,-0.50635,-0.77417
0.70249,-0.13046,0.028293,0.30057,0.19598,-0.37612,-0.50922,-0.76995
0.71694,-0.14745,0.040483,0.28373,0.20284,-0.36764,-0.5119,-0.76519
0.73112,-0.16408,0.052706,0.26655,0.20963,-0.35886,-0.51439,-0.75991
0.74504,-0.18032,0.064957,0.24905,0.21635,-0.34978,-0.5167,-0.75411
0.75869,-0.19615,0.077226,0.23126,0.22298,-0.34043,-0.51883,-0.7478
0.77205,-0.21156,0.089509,0.21318,0.22954,-0.33082,-0.52079,-0.74099
0.78511,-0.22652,0.1018,0.19486,0.23603,-0.32096,-0.52257,-0.7337
0.79787,-0.241,0.11409,0.17631,0.24244,-0.31087,-0.52419,-0.72594
0.81032,-0.255,0.12637,0.15755,0.24878,-0.30057,-0.52565,-0.71772
0.82244,-0.26849,0.13863,0.13861,0.25505,-0.29007,-0.52695,-0.70905
0.83424,-0.28145,0.15088,0.11951,0.26125,-0.27939,-0.5281,-0.69995
0.84569,-0.29387,0.16309,0.10029,0.26737,-0.26855,-0.5291,-0.69044
0.85679,-0.30573,0.17527,0.080952,0.27343,-0.25756,-0.52997,-0.68052
0.86754,-0.31702,0.18741,0.061535,0.27942,-0.24644,-0.53069,-0.67022
0.87792,-0.32771,0.19951,0.042061,0.28535,-0.23521,-0.53129,-0.65955
0.88793,-0.3378,0.21154,0.022555,0.29121,-0.22389,-0.53176,-0.64853
0.89756,-0.34727,0.22352,0.0030415,0.297,-0.2125,-0.53211,-0.63716
0.9068,-0.35611,0.23542,-0.016454,0.30274,-0.20104,-0.53235,-0.62548
0.91564,-0.36431,0.24726,-0.035906,0.30842,-0.18955,-0.53248,-0.6135
0.92408,-0.37186,0.25901,-0.05529,0.31404,-0.17804,-0.53251,-0.60122
0.93212,-0.37874,0.27067,-0.07458,0.3196,-0.16652,-0.53244,-0.58869
0.93974,-0.38496,0.28224,-0.093754,0.32511,-0.15501,-0.53228,-0.5759
0.94694,-0.3905,0.29371,-0.11278,0.33057,-0.14354,-0.53204,-0.56288
0.95372,-0.39536,0.30507,-0.13165,0.33598,-0.13212,-0.53172,-0.54965
0.96006,-0.39953,0.31632,-0.15032,0.34134,-0.12077,-0.53132,-0.53623
0.96597,-0.403,0.32745,-0.16878,0.34665,-0.1095,-0.53085,-0.52264
0.97143,-0.40579,0.33845,-0.18701,0.35192,-0.098334,-0.53032,-0.50888
0.97645,-0.40787,0.34933,-0.20497,0.35714,-0.087287,-0.52974,-0.495
0.98102,-0.40925,0.36006,-0.22265,0.36231,-0.076376,-0.5291,-0.48099
0.98513,-0.40993,0.37065,-0.24002,0.36745,-0.065618,-0.52841,-0.46689
0.98879,-0.40991,0.38109,-0.25707,0.37255,-0.055029,-0.52768,-0.45271
0.99198,-0.4092,0.39137,-0.27377,0.37761,-0.044624,-0.52691,-0.43847
0.99471,-0.40779,0.40149,-0.29011,0.38263,-0.03442,-0.52611,-0.42419
0.99697,-0.40569,0.41145,-0.30605,0.38762,-0.024432,-0.52528,-0.40989
0.99876,-0.40291,0.42122,-0.32159,0.39257,-0.014674,-0.52443,-0.39558
1.0001,-0.39944,0.43082,-0.3367,0.39748,-0.0051613,-0.52356,-0.38129
1.0009,-0.3953,0.44024,-0.35137,0.40236,0.0040929,-0.52267,-0.36704
1.0013,-0.3905,0.44946,-0.36557,0.40721,0.013075,-0.52177,-0.35284
1.0012,-0.38504,0.45848,-0.3793,0.41202,0.021771,-0.52087,-0.33871
1.0006,-0.37894,0.4673,-0.39254,0.41681,0.03017,-0.51996,-0.32468
0.99951,-0.37219,0.47591,-0.40526,0.42155,0.038259,-0.51904,-0.31075
0.99796,-0.36482,0.48431,-0.41747,0.42627,0.046027,-0.51813,-0.29694
0.99593,-0.35684,0.49248,-0.42913,0.43095,0.053462,-0.51723,-0.28327
0.99341,-0.34826,0.50043,-0.44025,0.4356,0.060555,-0.51633,-0.26977
0.99041,-0.3391,0.50815,-0.45081,0.44022,0.067296,-0.51544,-0.25644
0.98694,-0.32936,0.51563,-0.46079,0.4448,0.073675,-0.51457,-0.2433
0.98298,-0.31906,0.52287,-0.47019,0.44934,0.079684,-0.5137,-0.23036
0.97855,-0.30823,0.52986,-0.479,0.45385,0.085315,-0.51286,-0.21765
0.97363,-0.29688,0.5366,-0.48721,0.45832,0.09056,-0.51203,-0.20517
0.96825,-0.28502,0.54308,-0.49481,0.46275,0.095414,-0.51122,-0.19295
0.96239,-0.27267,0.54929,-0.5018,0.46713,0.09987,-0.51043,-0.18098
0.95606,-0.25986,0.55523,-0.50817,0.47148,0.10392,-0.50966,-0.1693
0.94926,-0.24659,0.5609,-0.51391,0.47577,0.10757,-0.50891,-0.1579
0.94199,-0.2329,0.56629,-0.51902,0.48002,0.1108,-0.50818,-0.14681
0.93427,-0.2188,0.57139,-0.5235,0.48422,0.11361,-0.50747,-0.13603
0.92608,-0.20431,0.57621,-0.52735,0.48837,0.11601,-0.50679,-0.12558
0.91744,-0.18946,0.58072,-0.53056,0.49246,0.11799,-0.50612,-0.11546
0.90834,-0.17426,0.58494,-0.53314,0.49649,0.11954,-0.50548,-0.10568
0.8988,-0.15873,0.58885,-0.53508,0.50046,0.12068,-0.50485,-0.096259
0.88882,-0.14291,0.59245,-0.53639,0.50436,0.12139,-0.50424,-0.0872
0.8784,-0.12681,0.59573,-0.53707,0.50819,0.12168,-0.50365,-0.078512
0.86755,-0.11045,0.59869,-0.53712,0.51195,0.12154,-0.50308,-0.070202
0.85626,-0.093859,0.60133,-0.53655,0.51563,0.12099,-0.50252,-0.062276
0.84456,-0.077057,0.60364,-0.53536,0.51923,0.12002,-0.50197,-0.054741
0.83244,-0.060069,0.60561,-0.53356,0.52275,0.11864,-0.50142,-0.047602
0.81991,-0.042918,0.60725,-0.53115,0.52618,0.11684,-0.50089,-0.040863
0.80698,-0.025625,0.60854,-0.52814,0.52951,0.11464,-0.50036,-0.034528
0.79365,-0.0082158,0.60949,-0.52454,0.53275,0.11204,-0.49983,-0.028602
0.77992,0.0092882,0.61009,-0.52036,0.53588,0.10905,-0.4993,-0.023085
0.76582,0.026864,0.61033,-0.51561,0.53891,0.10566,-0.49877,-0.017982
0.75133,0.044487,0.61021,-0.5103,0.54182,0.10189,-0.49822,-0.013291
0.73648,0.062137,0.60973,-0.50444,0.54462,0.097744,-0.49767,-0.0090156
0.72127,0.07979,0.60888,-0.49804,0.54729,0.093228,-0.4971,-0.0051542
0.7057,0.097424,0.60766,-0.49112,0.54984,0.088351,-0.49652,-0.0017065
0.68979,0.11502,0.60607,-0.48368,0.55225,0.083121,-0.49591,0.0013289
0.67354,0.13255,0.6041,-0.47575,0.55453,0.077546,-0.49527,0.003954
0.65696,0.14999,0.60176,-0.46733,0.55667,0.071637,-0.49461,0.0061713
0.64006,0.16734,0.59903,-0.45845,0.55866,0.065402,-0.4939,0.007984
0.62285,0.18455,0.59592,-0.44911,0.56049,0.058852,-0.49316,0.0093961
0.60534,0.20162,0.59242,-0.43933,0.56218,0.051997,-0.49238,0.010412
0.58754,0.21853,0.58853,-0.42914,0.5637,0.044847,-0.49155,0.011036
0.56945,0.23525,0.58425,-0.41853,0.56505,0.037413,-0.49066,0.011275
0.55109,0.25177,0.57958,-0.40755,0.56623,0.029707,-0.48972,0.011135
0.53246,0.26807,0.57451,-0.39619,0.56724,0.02174,-0.48871,0.010621
0.51358,0.28413,0.56904,-0.38449,0.56807,0.013523,-0.48764,0.0097422
0.49445,0.29993,0.56318,-0.37245,0.56871,0.0050693,-0.4865,0.0085051
0.47509,0.31546,0.55692,-0.3601,0.56916,-0.0036103,-0.48528,0.0069182
0.45551,0.33071,0.55026,-0.34746,0.56943,-0.012503,-0.48398,0.0049901
0.43571,0.34565,0.5432,-0.33454,0.56949,-0.021597,-0.48259,0.0027299
0.41571,0.36028,0.53574,-0.32136,0.56936,-0.03088,-0.48111,0.00014701
0.39552,0.37458,0.52787,-0.30795,0.56902,-0.040338,-0.47953,-0.0027487
0.37514,0.38853,0.51961,-0.29433,0.56847,-0.04996,-0.47786,-0.0059471
0.35459,0.40213,0.51095,-0.2805,0.56771,-0.059733,-0.47608,-0.0094375
0.33388,0.41536,0.50189,-0.26651,0.56674,-0.069645,-0.47419,-0.013209
0.31302,0.42822,0.49243,-0.25235,0.56555,-0.079682,-0.47218,-0.017251
0.29202,0.44069,0.48257,-0.23806,0.56414,-0.089832,-0.47006,-0.021551
0.27089,0.45276,0.47232,-0.22366,0.56251,-0.10008,-0.46781,-0.026099
0.24965,0.46442,0.46167,-0.20915,0.56066,-0.11042,-0.46543,-0.030881
0.2283,0.47568,0.45063,-0.19458,0.55858,-0.12084,-0.46292,-0.035887
0.20685,0.48651,0.4392,-0.17994,0.55628,-0.13131,-0.46028,-0.041104
0.18532,0.49692,0.42739,-0.16527,0.55374,-0.14184,-0.45749,-0.04652
0.16372,0.50689,0.41518,-0.15058,0.55098,-0.15241,-0.45456,-0.052121
0.14205,0.51643,0.4026,-0.1359,0.54799,-0.16301,-0.45149,-0.057897
0.12033,0.52553,0.38964,-0.12123,0.54477,-0.17362,-0.44826,-0.063834
0.098574,0.53419,0.37631,-0.1066,0.54131,-0.18424,-0.44487,-0.06992
0.076785,0.5424,0.3626,-0.092037,0.53763,-0.19486,-0.44133,-0.076142
0.054977,0.55016,0.34853,-0.077547,0.53372,-0.20545,-0.43762,-0.082488
0.033162,0.55748,0.33409,-0.06315,0.52958,-0.21602,-0.43375,-0.088946
0.011349,0.56434,0.3193,-0.048866,0.5252,-0.22655,-0.42971,-0.095502
-0.010451,0.57076,0.30415,-0.03471,0.52061,-0.23704,-0.4255,-0.10215
-0.032227,0.57673,0.28866,-0.0207,0.51578,-0.24746,-0.42112,-0.10886
-0.053969,0.58226,0.27283,-0.0068523,0.51073,-0.25782,-0.41656,-0.11564
-0.075667,0.58734,0.25666,0.0068183,0.50546,-0.26811,-0.41182,-0.12248
-0.097309,0.59199,0.24016,0.020296,0.49997,-0.27831,-0.40691,-0.12935
-0.11889,0.59619,0.22333,0.033566,0.49427,-0.28841,-0.40181,-0.13625
-0.14039,0.59997,0.20619,0.046614,0.48835,-0.29842,-0.39654,-0.14317
-0.16181,0.60332,0.18874,0.059426,0.48222,-0.30832,-0.39107,-0.15009
-0.18313,0.60625,0.17099,0.07199,0.47588,-0.3181,-0.38543,-0.15701
-0.20435,0.60876,0.15294,0.084292,0.46934,-0.32776,-0.3796,-0.16392
-0.22546,0.61087,0.1346,0.09632,0.4626,-0.3373,-0.37358,-0.1708
-0.24645,0.61257,0.11599,0.10806,0.45566,-0.34669,-0.36737,-0.17765
-0.2673,0.61388,0.097097,0.11951,0.44854,-0.35595,-0.36098,-0.18445
-0.28801,0.61481,0.077944,0.13065,0.44122,-0.36506,-0.3544,-0.1912
-0.30858,0.61536,0.058536,0.14148,0.43373,-0.37403,-0.34764,-0.19789
-0.32898,0.61554,0.038883,0.15198,0.42606,-0.38283,-0.34069,-0.20452
-0.34923,0.61537,0.018992,0.16215,0.41822,-0.39148,-0.33355,-0.21106
-0.36929,0.61484,-0.0011266,0.17198,0.41021,-0.39996,-0.32623,-0.21753
-0.38918,0.61398,-0.021463,0.18147,0.40205,-0.40828,-0.31873,-0.2239
-0.40888,0.61279,-0.042008,0.1906,0.39373,-0.41643,-0.31104,-0.23018
-0.42838,0.61129,-0.062752,0.19937,0.38526,-0.4244,-0.30318,-0.23635
-0.44768,0.60948,-0.083684,0.20778,0.37665,-0.43221,-0.29513,-0.24241
-0.46677,0.60737,-0.10479,0.21582,0.3679,-0.43983,-0.28691,-0.24836
-0.48564,0.60498,-0.12607,0.22349,0.35903,-0.44728,-0.27852,-0.25418
-0.50428,0.60232,-0.1475,0.23078,0.35003,-0.45455,-0.26995,-0.25989
-0.5227,0.5994,-0.16908,0.23771,0.34092,-0.46164,-0.26122,-0.26546
-0.54088,0.59624,-0.1908,0.24425,0.33169,-0.46854,-0.25232,-0.2709
-0.55882,0.59284,-0.21264,0.25041,0.32237,-0.47527,-0.24326,-0.27621
-0.57651,0.58921,-0.23459,0.2562,0.31295,-0.48182,-0.23404,-0.28138
-0.59394,0.58538,-0.25664,0.26161,0.30344,-0.48818,-0.22466,-0.28641
-0.61112,0.58135,-0.27877,0.26665,0.29385,-0.49437,-0.21513,-0.29129
-0.62804,0.57713,-0.30099,0.27131,0.28419,-0.50037,-0.20545,-0.29604
-0.64469,0.57274,-0.32327,0.2756,0.27446,-0.5062,-0.19563,-0.30063
-0.66107,0.56819,-0.3456,0.27952,0.26467,-0.51186,-0.18567,-0.30508
-0.67717,0.5635,-0.36798,0.28308,0.25482,-0.51733,-0.17558,-0.30937
-0.69299,0.55867,-0.39038,0.28628,0.24493,-0.52264,-0.16536,-0.31352
-0.70852,0.55371,-0.4128,0.28912,0.23501,-0.52777,-0.15501,-0.31753
-0.72377,0.54864,-0.43522,0.29161,0.22505,-0.53273,-0.14454,-0.32138
