0.28276,-0.43862,1.6562,-0.80139,0.81875,0.37049,-1.0278,0.26626
0.17977,-0.38625,1.5663,-0.7665,0.7573,0.37057,-0.97065,0.26389
0.076843,-0.33338,1.476,-0.73028,0.69587,0.3697,-0.91336,0.26074
-0.025981,-0.28007,1.3852,-0.69278,0.63448,0.36791,-0.85597,0.25684
-0.12865,-0.22643,1.2939,-0.65408,0.57315,0.36524,-0.79848,0.25222
-0.23111,-0.17252,1.2023,-0.61422,0.51188,0.36173,-0.74091,0.24693
-0.3333,-0.11845,1.1103,-0.57327,0.45069,0.3574,-0.68326,0.241
-0.43519,-0.064288,1.018,-0.5313,0.38961,0.3523,-0.62554,0.23448
-0.53671,-0.010129,0.92542,-0.48837,0.32863,0.34646,-0.56779,0.2274
-0.63781,0.043943,0.83259,-0.44456,0.26778,0.33993,-0.50999,0.21981
-0.73843,0.097841,0.73955,-0.39992,0.20707,0.33274,-0.45217,0.21175
-0.83852,0.15148,0.64635,-0.35453,0.14651,0.32493,-0.39435,0.20327
-0.93803,0.20477,0.55302,-0.30847,0.086127,0.31655,-0.33652,0.1944
-1.0369,0.25764,0.4596,-0.26179,0.025927,0.30763,-0.27872,0.18519
-1.135,0.30999,0.36613,-0.21459,-0.034073,0.29822,-0.22095,0.17569
-1.2324,0.36174,0.27266,-0.16693,-0.093857,0.28836,-0.16322,0.16594
-1.329,0.4128,0.17922,-0.11888,-0.15341,0.2781,-0.10555,0.15598
-1.4247,0.46311,0.08586,-0.070533,-0.21271,0.26748,-0.047966,0.14586
-1.5195,0.51256,-0.007379,-0.021953,-0.27175,0.25654,0.0095291,0.13562
-1.6132,0.56109,-0.10045,0.02678,-0.33051,0.24533,0.066916,0.12531
-1.7059,0.60862,-0.19332,0.075587,-0.38896,0.2339,0.12418,0.11498
-1.7975,0.65506,-0.28593,0.12439,-0.4471,0.22228,0.18129,0.10465
-1.8878,0.70034,-0.37824,0.17312,-0.50491,0.21052,0.23825,0.094392
-1.977,0.74439,-0.4702,0.22168,-0.56236,0.19868,0.29503,0.084232
-2.0648,0.78714,-0.56177,0.27001,-0.61943,0.18678,0.35161,0.074217
-2.1512,0.82852,-0.6529,0.31803,-0.67612,0.17488,0.40797,0.06439
-2.2362,0.86845,-0.74354,0.36565,-0.73238,0.16302,0.46409,0.054791
-2.3197,0.90687,-0.83364,0.41281,-0.78822,0.15124,0.51995,0.045463
-2.4016,0.94372,-0.92315,0.45942,-0.8436,0.13959,0.57553,0.036443
-2.4819,0.97893,-1.012,0.50541,-0.8985,0.12811,0.63081,0.027772
-2.5605,1.0124,-1.1002,0.55071,-0.9529,0.11684,0.68576,0.019486
-2.6374,1.0442,-1.1876,0.59524,-1.0068,0.10582,0.74036,0.011624
-2.7124,1.0742,-1.2743,0.63893,-1.0601,0.095087,0.79459,0.0042202
-2.7855,1.1023,-1.3601,0.6817,-1.1129,0.084688,0.84842,-0.0026906
-2.8567,1.1285,-1.445,0.7235,-1.165,0.074659,0.90183,-0.0090752
-2.9259,1.1528,-1.5289,0.76423,-1.2166,0.065036,0.95478,-0.014902
-2.993,1.175,-1.6119,0.80385,-1.2675,0.055855,1.0073,-0.02014
-3.058,1.1953,-1.6938,0.84228,-1.3177,0.047153,1.0592,-0.024761
-3.1208,1.2135,-1.7745,0.87946,-1.3672,0.038962,1.1107,-0.028737
-3.1814,1.2295,-1.8541,0.91532,-1.4161,0.031315,1.1615,-0.032043
-3.2396,1.2435,-1.9325,0.94981,-1.4641,0.024243,1.2118,-0.034654
-3.2955,1.2553,-2.0096,0.98286,-1.5114,0.017776,1.2615,-0.036548
-3.3489,1.2649,-2.0853,1.0144,-1.5578,0.011942,1.3105,-0.037704
-3.3999,1.2723,-2.1597,1.0444,-1.6035,0.0067681,1.3588,-0.038103
-3.4483,1.2776,-2.2325,1.0728,-1.6482,0.0022791,1.4064,-0.037729
-3.4942,1.2806,-2.3039,1.0996,-1.6921,-0.0015015,1.4533,-0.036566
-3.5374,1.2813,-2.3738,1.1247,-1.735,-0.004552,1.4994,-0.034601
-3.5779,1.2798,-2.442,1.148,-1.777,-0.0068523,1.5447,-0.031822
-3.6157,1.2761,-2.5085,1.1696,-1.8179,-0.0083843,1.5891,-0.02822
-3.6507,1.2702,-2.5733,1.1893,-1.8579,-0.0091316,1.6326,-0.023787
-3.6829,1.262,-2.6363,1.2071,-1.8968,-0.0090797,1.6752,-0.018518
-3.7122,1.2516,-2.6974,1.2231,-1.9346,-0.0082159,1.7169,-0.012411
-3.7386,1.239,-2.7567,1.2371,-1.9713,-0.0065296,1.7576,-0.0054619
-3.7621,1.2243,-2.814,1.2492,-2.0069,-0.0040121,1.7973,0.002327
-3.7825,1.2073,-2.8693,1.2593,-2.0413,-0.00065648,1.8359,0.010953
-3.8,1.1882,-2.9226,1.2674,-2.0744,0.0035419,1.8734,0.020413
-3.8144,1.167,-2.9737,1.2734,-2.1064,0.0085857,1.9098,0.030698
-3.8257,1.1437,-3.0227,1.2775,-2.137,0.014476,1.9451,0.041801
-3.8338,1.1184,-3.0694,1.2794,-2.1664,0.02121,1.9791,0.05371
-3.8389,1.0911,-3.1139,1.2793,-2.1944,0.028787,2.0119,0.066414
-3.8407,1.0618,-3.1561,1.2772,-2.2211,0.037199,2.0435,0.079896
-3.8394,1.0305,-3.1959,1.2729,-2.2463,0.046439,2.0738,0.094141
-3.8349,0.99743,-3.2333,1.2666,-2.2702,0.056498,2.1027,0.10913
-3.8272,0.96252,-3.2683,1.2582,-2.2925,0.067365,2.1302,0.12484
-3.8162,0.92584,-3.3007,1.2477,-2.3134,0.079025,2.1564,0.14126
-3.802,0.88746,-3.3306,1.2352,-2.3328,0.091462,2.1811,0.15835
-3.7845,0.84744,-3.358,1.2207,-2.3506,0.10466,2.2043,0.17609
-3.7638,0.80584,-3.3827,1.2041,-2.3669,0.1186,2.2261,0.19445
-3.7398,0.76273,-3.4047,1.1855,-2.3816,0.13325,2.2463,0.21341
-3.7126,0.71819,-3.4241,1.1649,-2.3946,0.1486,2.265,0.23292
-3.6821,0.67229,-3.4408,1.1424,-2.406,0.16462,2.282,0.25297
-3.6484,0.6251,-3.4546,1.1179,-2.4157,0.18129,2.2975,0.27352
-3.6115,0.5767,-3.4657,1.0915,-2.4237,0.19856,2.3113,0.29452
-3.5713,0.52718,-3.474,1.0633,-2.43,0.21642,2.3234,0.31594
-3.5279,0.47662,-3.4794,1.0333,-2.4345,0.23482,2.3338,0.33774
-3.4814,0.4251,-3.482,1.0014,-2.4373,0.25373,2.3425,0.35989
-3.4316,0.37271,-3.4817,0.96788,-2.4382,0.27313,2.3494,0.38234
-3.3788,0.31955,-3.4784,0.93264,-2.4374,0.29296,2.3545,0.40505
-3.3228,0.2657,-3.4723,0.89577,-2.4348,0.31319,2.3579,0.42797
-3.2638,0.21126,-3.4632,0.85732,-2.4303,0.33378,2.3594,0.45105
-3.2017,0.15633,-3.4511,0.81735,-2.4239,0.35468,2.3591,0.47427
-3.1366,0.101,-3.4361,0.77592,-2.4157,0.37586,2.3569,0.49755
-3.0685,0.04537,-3.4181,0.7331,-2.4056,0.39726,2.3528,0.52087
-2.9975,-0.010461,-3.3971,0.68894,-2.3935,0.41884,2.3469,0.54416
-2.9236,-0.066392,-3.3732,0.64352,-2.3796,0.44055,2.339,0.56738
-2.8469,-0.12232,-3.3463,0.5969,-2.3638,0.46234,2.3293,0.59049
-2.7674,-0.17815,-3.3164,0.54917,-2.346,0.48416,2.3176,0.61342
-2.6852,-0.23377,-3.2835,0.50039,-2.3263,0.50597,2.3039,0.63612
-2.6003,-0.28908,-3.2477,0.45065,-2.3046,0.5277,2.2883,0.65856
-2.5127,-0.34398,-3.2089,0.40002,-2.281,0.5493,2.2707,0.68066
-2.4226,-0.39837,-3.1672,0.34859,-2.2555,0.57073,2.2512,0.70239
-2.33,-0.45213,-3.1226,0.29643,-2.228,0.59192,2.2297,0.72368
-2.235,-0.50518,-3.0751,0.24364,-2.1985,0.61283,2.2062,0.74449
-2.1376,-0.5574,-3.0247,0.19031,-2.1672,0.63339,2.1808,0.76476
-2.0379,-0.60869,-2.9714,0.13651,-2.1338,0.65354,2.1534,0.78444
-1.9359,-0.65896,-2.9153,0.082348,-2.0986,0.67324,2.124,0.80347
-1.8319,-0.70811,-2.8565,0.027906,-2.0614,0.69243,2.0927,0.82181
-1.7257,-0.75603,-2.7948,-0.02672,-2.0223,0.71105,2.0593,0.8394
-1.6175,-0.80262,-2.7304,-0.081437,-1.9812,0.72904,2.0241,0.85619
-1.5074,-0.84779,-2.6633,-0.13615,-1.9383,0.74634,1.9869,0.87213
-1.3955,-0.89145,-2.5936,-0.19077,-1.8935,0.7629,1.9477,0.88716
-1.2818,-0.9335,-2.5213,-0.24519,-1.8468,0.77866,1.9067,0.90124
-1.1664,-0.97386,-2.4464,-0.29932,-1.7983,0.79357,1.8637,0.91432
-1.0494,-1.0124,-2.369,-0.35306,-1.7479,0.80757,1.8188,0.92634
-0.93085,-1.0491,-2.2891,-0.40632,-1.6957,0.8206,1.7721,0.93726
-0.81091,-1.0838,-2.2067,-0.459,-1.6417,0.83261,1.7235,0.94704
-0.68963,-1.1165,-2.1221,-0.51101,-1.5859,0.84355,1.6731,0.95562
-0.5671,-1.1471,-2.0351,-0.56224,-1.5283,0.85335,1.6208,0.96296
-0.44341,-1.1755,-1.9458,-0.6126,-1.469,0.86198,1.5668,0.96901
-0.31864,-1.2016,-1.8544,-0.662,-1.4081,0.86938,1.511,0.97374
-0.1929,-1.2253,-1.7609,-0.71035,-1.3454,0.87549,1.4534,0.9771
-0.066269,-1.2467,-1.6652,-0.75754,-1.2811,0.88027,1.3942,0.97905
0.061157,-1.2656,-1.5676,-0.80349,-1.2152,0.88367,1.3332,0.97955
0.18929,-1.2819,-1.4681,-0.8481,-1.1477,0.88565,1.2706,0.97856
0.31802,-1.2957,-1.3667,-0.89129,-1.0786,0.88616,1.2064,0.97606
0.44727,-1.3068,-1.2635,-0.93297,-1.008,0.88515,1.1406,0.972
0.57695,-1.3152,-1.1585,-0.97306,-0.93598,0.88259,1.0733,0.96635
0.70695,-1.3209,-1.052,-1.0115,-0.86249,0.87844,1.0044,0.95908
0.83718,-1.3239,-0.94386,-1.0481,-0.78758,0.87265,0.93404,0.95016
0.96755,-1.324,-0.83424,-1.0829,-0.71132,0.8652,0.86225,0.93957
1.098,-1.3212,-0.72321,-1.1158,-0.63374,0.85604,0.78906,0.92728
1.2283,-1.3156,-0.61084,-1.1466,-0.55487,0.84515,0.71452,0.91326
1.3585,-1.3071,-0.49723,-1.1754,-0.47477,0.83249,0.63866,0.89751
1.4885,-1.2957,-0.38244,-1.2021,-0.39348,0.81805,0.56152,0.87999
1.6182,-1.2813,-0.26656,-1.2266,-0.31105,0.80179,0.48317,0.86069
1.7474,-1.264,-0.14968,-1.2487,-0.22752,0.78369,0.40363,0.83959
1.8761,-1.2437,-0.031881,-1.2686,-0.14294,0.76373,0.32296,0.81669
2.0042,-1.2205,0.086756,-1.286,-0.057363,0.74189,0.24121,0.79198
2.1316,-1.1943,0.20614,-1.301,0.029161,0.71817,0.15842,0.76544
2.2582,-1.1652,0.32619,-1.3135,0.11658,0.69254,0.07465,0.73707
2.384,-1.1331,0.44682,-1.3235,0.20484,0.665,-0.010055,0.70687
2.5087,-1.0981,0.56794,-1.3309,0.29389,0.63554,-0.09564,0.67484
2.6325,-1.0602,0.68946,-1.3356,0.38368,0.60416,-0.18205,0.64098
2.755,-1.0195,0.8113,-1.3377,0.47414,0.57085,-0.26924,0.60529
2.8764,-0.97587,0.93336,-1.337,0.56523,0.53562,-0.35715,0.56778
2.9964,-0.92945,1.0556,-1.3336,0.65688,0.49847,-0.44572,0.52847
3.115,-0.88026,1.1778,-1.3275,0.74904,0.45941,-0.53489,0.48736
3.2322,-0.82834,1.3,-1.3186,0.84165,0.41845,-0.62462,0.44446
3.3478,-0.77373,1.4221,-1.3069,0.93465,0.3756,-0.71484,0.3998
3.4618,-0.71649,1.544,-1.2924,1.028,0.33089,-0.8055,0.35339
3.574,-0.65667,1.6655,-1.275,1.1216,0.28432,-0.89654,0.30526
3.6845,-0.59433,1.7867,-1.2548,1.2154,0.23592,-0.98789,0.25543
3.7931,-0.52953,1.9074,-1.2318,1.3093,0.18572,-1.0795,0.20392
3.8997,-0.46234,2.0276,-1.206,1.4033,0.13374,-1.1713,0.15077
4.0044,-0.39283,2.1471,-1.1774,1.4974,0.080022,-1.2633,0.096008
4.1069,-0.32107,2.2658,-1.1459,1.5914,0.024589,-1.3553,0.039664
4.2073,-0.24715,2.3837,-1.1117,1.6853,-0.032519,-1.4473,-0.018222
4.3055,-0.17113,2.5008,-1.0747,1.779,-0.091261,-1.5393,-0.077613
4.4014,-0.09311,2.6168,-1.0349,1.8725,-0.1516,-1.6312,-0.13847
4.4949,-0.013173,2.7318,-0.99247,1.9656,-0.21348,-1.7229,-0.20074
4.5861,0.068592,2.8456,-0.94731,2.0585,-0.27687,-1.8144,-0.2644
4.6748,0.15209,2.9582,-0.8995,2.1508,-0.3417,-1.9056,-0.32938
4.7609,0.23723,3.0694,-0.84908,2.2427,-0.40794,-1.9964,-0.39564
4.8445,0.32391,3.1793,-0.79609,2.334,-0.47551,-2.0869,-0.46313
4.9254,0.41203,3.2877,-0.74058,2.4247,-0.54437,-2.1768,-0.5318
5.0037,0.50148,3.3946,-0.68261,2.5147,-0.61446,-2.2662,-0.60159
5.0792,0.59217,3.4998,-0.62222,2.604,-0.68571,-2.3551,-0.67244
5.1519,0.68398,3.6033,-0.55947,2.6924,-0.75806,-2.4432,-0.7443
5.2218,0.77681,3.7051,-0.49443,2.7799,-0.83145,-2.5306,-0.8171
5.2888,0.87055,3.805,-0.42717,2.8665,-0.9058,-2.6173,-0.89079
5.353,0.96508,3.903,-0.35774,2.9521,-0.98104,-2.7031,-0.9653
5.4141,1.0603,3.9991,-0.28623,3.0366,-1.0571,-2.788,-1.0406
5.4723,1.1561,4.0931,-0.21271,3.12,-1.1339,-2.872,-1.1165
5.5275,1.2523,4.1849,-0.13725,3.2022,-1.2114,-2.9549,-1.1931
5.5796,1.3489,4.2746,-0.059937,3.2831,-1.2895,-3.0367,-1.2703
5.6286,1.4457,4.3621,0.019144,3.3626,-1.3681,-3.1174,-1.3479
5.6745,1.5426,4.4472,0.099908,3.4409,-1.4472,-3.197,-1.426
5.7173,1.6395,4.53,0.18227,3.5176,-1.5266,-3.2752,-1.5044
5.7569,1.7363,4.6104,0.26613,3.5929,-1.6063,-3.3522,-1.583
5.7933,1.8328,4.6883,0.3514,3.6666,-1.6862,-3.4278,-1.6619
5.8266,1.929,4.7637,0.43799,3.7387,-1.7662,-3.502,-1.741
5.8566,2.0247,4.8365,0.5258,3.8091,-1.8462,-3.5748,-1.82
5.8834,2.1198,4.9067,0.61473,3.8779,-1.9262,-3.646,-1.8991
5.907,2.2142,4.9742,0.70467,3.9448,-2.006,-3.7156,-1.9781
5.9273,2.3078,5.039,0.79553,4.0099,-2.0857,-3.7837,-2.0569
5.9444,2.4005,5.101,0.88721,4.0732,-2.165,-3.8501,-2.1355
5.9583,2.4921,5.1602,0.97959,4.1345,-2.2439,-3.9147,-2.2137
5.9688,2.5826,5.2166,1.0726,4.1939,-2.3224,-3.9776,-2.2916
5.9761,2.6719,5.2702,1.1661,4.2512,-2.4003,-4.0387,-2.3691
5.9802,2.7598,5.3208,1.2599,4.3065,-2.4776,-4.098,-2.446
5.981,2.8462,5.3684,1.3541,4.3597,-2.5541,-4.1554,-2.5223
5.9786,2.9311,5.4131,1.4484,4.4107,-2.6298,-4.2108,-2.5979
5.9729,3.0144,5.4548,1.5428,4.4596,-2.7047,-4.2643,-2.6728
5.964,3.0959,5.4935,1.6372,4.5062,-2.7785,-4.3158,-2.7469
5.9519,3.1756,5.5291,1.7314,4.5506,-2.8514,-4.3653,-2.82
5.9367,3.2533,5.5616,1.8253,4.5927,-2.9231,-4.4126,-2.8923
5.9182,3.329,5.5911,1.9189,4.6325,-2.9935,-4.4579,-2.9635
5.8966,3.4027,5.6174,2.012,4.6699,-3.0628,-4.501,-3.0336
5.8719,3.4741,5.6406,2.1045,4.7049,-3.1306,-4.542,-3.1025
5.844,3.5433,5.6607,2.1963,4.7375,-3.197,-4.5807,-3.1702
5.8131,3.6102,5.6777,2.2873,4.7677,-3.262,-4.6173,-3.2367
5.7791,3.6746,5.6915,2.3775,4.7955,-3.3253,-4.6516,-3.3018
5.7421,3.7366,5.7021,2.4666,4.8208,-3.3871,-4.6836,-3.3654
5.7022,3.7961,5.7096,2.5547,4.8436,-3.4471,-4.7133,-3.4277
5.6592,3.853,5.7139,2.6415,4.8638,-3.5053,-4.7407,-3.4883
5.6134,3.9072,5.7151,2.7271,4.8816,-3.5618,-4.7658,-3.5474
5.5646,3.9587,5.7131,2.8113,4.8968,-3.6164,-4.7886,-3.6049
5.5131,4.0074,5.708,2.894,4.9095,-3.669,-4.809,-3.6607
5.4587,4.0534,5.6998,2.9751,4.9196,-3.7196,-4.827,-3.7147
5.4016,4.0965,5.6884,3.0545,4.9271,-3.7682,-4.8426,-3.767
5.3417,4.1368,5.6739,3.1322,4.9321,-3.8147,-4.8559,-3.8174
5.2792,4.1741,5.6563,3.2081,4.9346,-3.8591,-4.8667,-3.8659
5.214,4.2085,5.6357,3.2821,4.9345,-3.9013,-4.8752,-3.9125
5.1463,4.2399,5.612,3.354,4.9318,-3.9413,-4.8812,-3.9572
5.0761,4.2684,5.5852,3.4239,4.9265,-3.979,-4.8849,-3.9998
5.0034,4.2938,5.5555,3.4916,4.9188,-4.0144,-4.8861,-4.0404
4.9283,4.3162,5.5227,3.5572,4.9084,-4.0475,-4.8849,-4.0789
4.8508,4.3356,5.487,3.6204,4.8956,-4.0783,-4.8814,-4.1153
4.771,4.352,5.4484,3.6813,4.8802,-4.1066,-4.8754,-4.1496
4.689,4.3653,5.4069,3.7398,4.8624,-4.1326,-4.8671,-4.1817
4.6047,4.3756,5.3625,3.7958,4.8421,-4.1562,-4.8564,-4.2116
4.5184,4.3828,5.3153,3.8493,4.8193,-4.1773,-4.8433,-4.2394
4.4299,4.387,5.2653,3.9002,4.7941,-4.196,-4.8279,-4.2648
4.3395,4.3882,5.2125,3.9485,4.7664,-4.2122,-4.8101,-4.2881
4.247,4.3864,5.1571,3.9941,4.7364,-4.226,-4.79,-4.309
4.1527,4.3817,5.099,4.037,4.704,-4.2373,-4.7676,-4.3277
4.0566,4.3739,5.0383,4.0772,4.6693,-4.2461,-4.743,-4.3441
3.9587,4.3632,4.975,4.1146,4.6323,-4.2524,-4.7161,-4.3581
3.8591,4.3497,4.9091,4.1492,4.5931,-4.2563,-4.6869,-4.3699
3.7579,4.3332,4.8408,4.1809,4.5516,-4.2577,-4.6555,-4.3793
3.6551,4.3139,4.7701,4.2098,4.5079,-4.2567,-4.622,-4.3865
3.5508,4.2918,4.697,4.2358,4.4621,-4.2532,-4.5863,-4.3913
3.4451,4.267,4.6216,4.2589,4.4141,-4.2473,-4.5484,-4.3938
3.338,4.2394,4.5439,4.279,4.3641,-4.2391,-4.5085,-4.3939
3.2296,4.2091,4.4641,4.2963,4.3121,-4.2284,-4.4664,-4.3918
3.1199,4.1763,4.382,4.3106,4.258,-4.2153,-4.4224,-4.3873
3.0091,4.1408,4.2979,4.322,4.202,-4.2,-4.3763,-4.3806
2.8972,4.1028,4.2117,4.3304,4.1442,-4.1823,-4.3283,-4.3716
2.7842,4.0624,4.1236,4.3359,4.0845,-4.1623,-4.2783,-4.3603
2.6703,4.0195,4.0336,4.3385,4.023,-4.1401,-4.2265,-4.3468
2.5555,3.9743,3.9417,4.3381,3.9597,-4.1157,-4.1727,-4.331
2.4398,3.9268,3.848,4.3348,3.8948,-4.0891,-4.1172,-4.313
2.3234,3.877,3.7526,4.3287,3.8282,-4.0604,-4.0599,-4.2929
2.2063,3.8251,3.6555,4.3197,3.7601,-4.0296,-4.0009,-4.2705
2.0885,3.771,3.5569,4.3078,3.6904,-3.9967,-3.9401,-4.2461
1.9702,3.7149,3.4567,4.2931,3.6192,-3.9619,-3.8777,-4.2195
1.8513,3.6568,3.3551,4.2756,3.5466,-3.9251,-3.8137,-4.1908
1.7321,3.5968,3.252,4.2553,3.4727,-3.8863,-3.7482,-4.16
1.6124,3.535,3.1477,4.2323,3.3974,-3.8457,-3.6811,-4.1273
1.4924,3.4714,3.042,4.2066,3.3209,-3.8033,-3.6125,-4.0925
1.3722,3.406,2.9352,4.1782,3.2432,-3.7592,-3.5426,-4.0557
1.2518,3.3391,2.8272,4.1472,3.1643,-3.7133,-3.4712,-4.0171
1.1313,3.2705,2.7182,4.1136,3.0844,-3.6658,-3.3985,-3.9765
1.0107,3.2005,2.6082,4.0775,3.0034,-3.6167,-3.3245,-3.9341
0.89004,3.129,2.4973,4.0388,2.9215,-3.566,-3.2493,-3.8898
0.76948,3.0561,2.3854,3.9977,2.8387,-3.5138,-3.1728,-3.8438
0.64903,2.982,2.2729,3.9542,2.755,-3.4602,-3.0953,-3.796
0.52874,2.9066,2.1595,3.9084,2.6705,-3.4053,-3.0166,-3.7465
0.40867,2.8301,2.0456,3.8602,2.5853,-3.349,-2.9369,-3.6953
0.28887,2.7524,1.931,3.8099,2.4995,-3.2915,-2.8561,-3.6426
0.1694,2.6738,1.8159,3.7573,2.413,-3.2327,-2.7745,-3.5882
0.050312,2.5942,1.7003,3.7025,2.3259,-3.1728,-2.6919,-3.5323
-0.068347,2.5137,1.5844,3.6458,2.2384,-3.1118,-2.6084,-3.4749
-0.18653,2.4323,1.4681,3.5869,2.1504,-3.0498,-2.5242,-3.4161
-0.30418,2.3502,1.3515,3.5262,2.0619,-2.9869,-2.4391,-3.3559
-0.42125,2.2674,1.2347,3.4635,1.9732,-2.923,-2.3534,-3.2942
-0.53771,2.1839,1.1178,3.399,1.8841,-2.8582,-2.2669,-3.2313
-0.6535,2.0999,1.0008,3.3327,1.7948,-2.7926,-2.1799,-3.1671
-0.76858,2.0153,0.88379,3.2647,1.7054,-2.7263,-2.0922,-3.1016
-0.88291,1.9302,0.76681,3.1951,1.6157,-2.6593,-2.004,-3.035
-0.99645,1.8448,0.64993,3.1238,1.526,-2.5916,-1.9154,-2.9672
-1.1092,1.7589,0.5332,3.051,1.4363,-2.5234,-1.8262,-2.8983
-1.221,1.6728,0.41668,2.9768,1.3465,-2.4546,-1.7367,-2.8283
-1.332,1.5863,0.30043,2.9012,1.2568,-2.3853,-1.6468,-2.7573
-1.442,1.4997,0.1845,2.8242,1.1672,-2.3155,-1.5566,-2.6854
-1.551,1.4129,0.068948,2.746,1.0778,-2.2454,-1.466,-2.6125
-1.659,1.3259,-0.046173,2.6665,0.98848,-2.1749,-1.3753,-2.5387
-1.766,1.2389,-0.16081,2.5859,0.89941,-2.1041,-1.2843,-2.4641
-1.872,1.1518,-0.27492,2.5042,0.8106,-2.033,-1.1932,-2.3886
-1.9768,1.0647,-0.38845,2.4215,0.72209,-1.9617,-1.1019,-2.3124
-2.0806,0.97768,-0.50135,2.3378,0.63391,-1.8903,-1.0106,-2.2354
-2.1832,0.89069,-0.61357,2.2532,0.54609,-1.8186,-0.9192,-2.1578
-2.2846,0.80379,-0.72507,2.1678,0.45867,-1.7469,-0.82779,-2.0795
-2.3848,0.71701,-0.83581,2.0815,0.37169,-1.6751,-0.73638,-2.0006
-2.4839,0.63039,-0.94573,1.9946,0.28516,-1.6032,-0.64503,-1.9211
-2.5817,0.54394,-1.0548,1.9069,0.19913,-1.5314,-0.55375,-1.841
-2.6783,0.45771,-1.163,1.8187,0.11361,-1.4595,-0.46259,-1.7605
-2.7736,0.3717,-1.2703,1.7298,0.028633,-1.3877,-0.37157,-1.6795
-2.8676,0.28594,-1.3765,1.6405,-0.055777,-1.316,-0.28073,-1.598
-2.9604,0.20045,-1.4818,1.5507,-0.1396,-1.2443,-0.19008,-1.5161
-3.0518,0.11525,-1.5861,1.4605,-0.22281,-1.1728,-0.099666,-1.4339
-3.142,0.030347,-1.6893,1.3699,-0.30539,-1.1014,-0.0095047,-1.3513
-3.2308,-0.054235,-1.7913,1.2791,-0.38733,-1.0302,0.080375,-1.2684
-3.3182,-0.13849,-1.8923,1.1879,-0.4686,-0.95911,0.16995,-1.1852
-3.4044,-0.22239,-1.992,1.0966,-0.5492,-0.88822,0.25919,-1.1018
-3.4891,-0.30595,-2.0906,1.0051,-0.62911,-0.81754,0.34808,-1.0181
-3.5725,-0.38914,-2.188,0.91343,-0.70831,-0.74706,0.43659,-0.93423
-3.6545,-0.47197,-2.2841,0.82171,-0.7868,-0.67681,0.52471,-0.85019
-3.7352,-0.55441,-2.3789,0.72995,-0.86457,-0.60678,0.61241,-0.766
-3.8144,-0.63648,-2.4725,0.63818,-0.94161,-0.53698,0.69967,-0.68169
-3.8923,-0.71815,-2.5647,0.54646,-1.0179,-0.46743,0.78647,-0.59728
-3.9688,-0.79944,-2.6556,0.4548,-1.0935,-0.39811,0.8728,-0.5128
-4.0438,-0.88034,-2.7452,0.36326,-1.1683,-0.32904,0.95863,-0.42827
-4.1175,-0.96083,-2.8333,0.27187,-1.2423,-0.26022,1.044,-0.34371
-4.1897,-1.0409,-2.9201,0.18066,-1.3157,-0.19164,1.1287,-0.25914
-4.2606,-1.1206,-3.0055,0.089663,-1.3882,-0.1233,1.213,-0.17459
-4.33,-1.1999,-3.0894,-0.0010893,-1.46,-0.055201,1.2967,-0.090067
-4.398,-1.2788,-3.1719,-0.091565,-1.5311,0.012661,1.3798,-0.005604
-4.4646,-1.3573,-3.253,-0.18173,-1.6014,0.080292,1.4623,0.078784
-4.5298,-1.4354,-3.3326,-0.27157,-1.6709,0.1477,1.5443,0.16308
-4.5935,-1.5132,-3.4107,-0.36104,-1.7397,0.21488,1.6256,0.24726
-4.6558,-1.5905,-3.4873,-0.45013,-1.8078,0.28185,1.7063,0.3313
-4.7166,-1.6674,-3.5624,-0.5388,-1.8751,0.34862,1.7863,0.4152
-4.776,-1.7439,-3.636,-0.62703,-1.9417,0.41519,1.8657,0.49893
-4.834,-1.82,-3.7081,-0.7148,-2.0076,0.48158,1.9444,0.58247
-4.8905,-1.8956,-3.7787,-0.80208,-2.0727,0.54778,2.0225,0.66581
-4.9456,-1.9709,-3.8477,-0.88885,-2.1371,0.61382,2.0998,0.74893
-4.9992,-2.0458,-3.9152,-0.97509,-2.2008,0.67969,2.1765,0.8318
-5.0514,-2.1203,-3.9812,-1.0608,-2.2638,0.74542,2.2524,0.91442
-5.1021,-2.1944,-4.0456,-1.1459,-2.3261,0.811,2.3276,0.99676
-5.1513,-2.268,-4.1084,-1.2304,-2.3877,0.87644,2.402,1.0788
-5.199,-2.3412,-4.1697,-1.3143,-2.4486,0.94177,2.4757,1.1606
-5.2452,-2.414,-4.2294,-1.3976,-2.5088,1.007,2.5486,1.242
-5.29,-2.4864,-4.2875,-1.4802,-2.5683,1.0721,2.6208,1.323
-5.3332,-2.5583,-4.344,-1.5622,-2.6272,1.1371,2.6921,1.4037
-5.3749,-2.6298,-4.3989,-1.6434,-2.6853,1.202,2.7626,1.484
-5.4151,-2.7008,-4.4523,-1.724,-2.7428,1.2668,2.8323,1.5639
-5.4538,-2.7713,-4.504,-1.8038,-2.7996,1.3315,2.9012,1.6434
-5.4909,-2.8414,-4.5541,-1.8829,-2.8558,1.3962,2.9692,1.7224
-5.5264,-2.9109,-4.6026,-1.9612,-2.9113,1.4608,3.0363,1.801
-5.5604,-2.98,-4.6495,-2.0387,-2.9661,1.5253,3.1025,1.8791
-5.5928,-3.0485,-4.6948,-2.1155,-3.0202,1.5897,3.1678,1.9567
-5.6237,-3.1165,-4.7384,-2.1914,-3.0737,1.6541,3.2322,2.0337
-5.6529,-3.1839,-4.7804,-2.2665,-3.1264,1.7184,3.2956,2.1102
-5.6805,-3.2508,-4.8208,-2.3407,-3.1786,1.7826,3.3581,2.1861
-5.7064,-3.317,-4.8595,-2.414,-3.23,1.8468,3.4195,2.2615
-5.7307,-3.3826,-4.8965,-2.4865,-3.2807,1.9109,3.48,2.3362
-5.7534,-3.4476,-4.9319,-2.558,-3.3308,1.9749,3.5395,2.4102
-5.7744,-3.5119,-4.9656,-2.6286,-3.3802,2.0388,3.5979,2.4836
-5.7936,-3.5755,-4.9976,-2.6983,-3.4288,2.1026,3.6552,2.5563
-5.8112,-3.6385,-5.0279,-2.767,-3.4767,2.1663,3.7114,2.6282
-5.827,-3.7006,-5.0565,-2.8347,-3.524,2.2298,3.7665,2.6994
-5.8411,-3.762,-5.0834,-2.9014,-3.5704,2.2933,3.8205,2.7699
-5.8535,-3.8226,-5.1086,-2.967,-3.6161,2.3565,3.8733,2.8395
-5.864,-3.8823,-5.1321,-3.0316,-3.6611,2.4197,3.9249,2.9082
-5.8727,-3.9412,-5.1538,-3.0951,-3.7053,2.4826,3.9753,2.9761
-5.8797,-3.9992,-5.1738,-3.1576,-3.7487,2.5453,4.0245,3.0431
-5.8848,-4.0563,-5.192,-3.2189,-3.7913,2.6078,4.0724,3.1092
-5.888,-4.1123,-5.2084,-3.279,-3.833,2.6701,4.119,3.1744
-5.8894,-4.1674,-5.2231,-3.338,-3.8739,2.7321,4.1643,3.2385
-5.8889,-4.2215,-5.236,-3.3958,-3.914,2.7938,4.2082,3.3016
-5.8864,-4.2745,-5.247,-3.4524,-3.9531,2.8551,4.2507,3.3636
-5.8821,-4.3263,-5.2563,-3.5078,-3.9913,2.9162,4.2918,3.4246
-5.8758,-4.377,-5.2637,-3.5619,-4.0287,2.9768,4.3315,3.4845
-5.8675,-4.4265,-5.2692,-3.6147,-4.065,3.037,4.3697,3.5432
-5.8573,-4.4748,-5.2729,-3.6662,-4.1004,3.0968,4.4065,3.6007
-5.8451,-4.5219,-5.2748,-3.7164,-4.1348,3.1561,4.4417,3.657
-5.8308,-4.5676,-5.2747,-3.7652,-4.1681,3.2149,4.4753,3.712
-5.8146,-4.6119,-5.2728,-3.8126,-4.2004,3.2732,4.5074,3.7657
-5.7963,-4.6549,-5.269,-3.8587,-4.2316,3.3308,4.5378,3.8182
-5.7759,-4.6964,-5.2632,-3.9032,-4.2616,3.3879,4.5666,3.8692
-5.7535,-4.7365,-5.2555,-3.9464,-4.2906,3.4443,4.5937,3.9189
-5.729,-4.775,-5.2459,-3.988,-4.3183,3.4999,4.6191,3.9672
-5.7024,-4.812,-5.2343,-4.0282,-4.3449,3.5549,4.6428,4.014
-5.6737,-4.8473,-5.2208,-4.0668,-4.3702,3.609,4.6648,4.0593
-5.6429,-4.8811,-5.2053,-4.1038,-4.3943,3.6623,4.6849,4.1031
-5.6099,-4.9131,-5.1878,-4.1392,-4.4171,3.7147,4.7032,4.1453
-5.5748,-4.9434,-5.1683,-4.1731,-4.4386,3.7663,4.7197,4.1859
-5.5376,-4.972,-5.1468,-4.2053,-4.4587,3.8168,4.7343,4.225
-5.4982,-4.9987,-5.1233,-4.2358,-4.4774,3.8663,4.7471,4.2623
-5.4567,-5.0236,-5.0977,-4.2647,-4.4947,3.9148,4.7579,4.298
-5.413,-5.0466,-5.0702,-4.2918,-4.5106,3.9622,4.7667,4.3319
-5.3672,-5.0677,-5.0406,-4.3172,-4.5249,4.0084,4.7736,4.3642
-5.3192,-5.0868,-5.009,-4.3409,-4.5378,4.0535,4.7785,4.3946
-5.269,-5.1039,-4.9753,-4.3628,-4.5492,4.0973,4.7814,4.4232
-5.2166,-5.119,-4.9396,-4.3828,-4.5589,4.1398,4.7823,4.45
-5.1621,-5.132,-4.9018,-4.4011,-4.5671,4.1809,4.7811,4.4749
-5.1055,-5.1429,-4.8619,-4.4175,-4.5737,4.2207,4.7778,4.498
-5.0467,-5.1516,-4.82,-4.432,-4.5786,4.2591,4.7725,4.5191
-4.9857,-5.1582,-4.7761,-4.4447,-4.5818,4.2959,4.765,4.5383
-4.9227,-5.1626,-4.7301,-4.4554,-4.5833,4.3313,4.7554,4.5555
-4.8574,-5.1647,-4.682,-4.4643,-4.5831,4.3651,4.7437,4.5708
-4.7901,-5.1646,-4.6319,-4.4712,-4.5811,4.3972,4.7299,4.584
-4.7207,-5.1621,-4.5797,-4.4761,-4.5773,4.4278,4.7139,4.5953
-4.6492,-5.1574,-4.5255,-4.479,-4.5717,4.4566,4.6957,4.6045
-4.5757,-5.1503,-4.4692,-4.48,-4.5643,4.4836,4.6754,4.6116
-4.5001,-5.1409,-4.411,-4.479,-4.5551,4.5089,4.6529,4.6166
-4.4224,-5.1291,-4.3507,-4.4759,-4.5439,4.5324,4.6282,4.6196
-4.3428,-5.1149,-4.2884,-4.4708,-4.5309,4.554,4.6014,4.6205
-4.2612,-5.0982,-4.2241,-4.4637,-4.516,4.5736,4.5723,4.6192
-4.1777,-5.0792,-4.1578,-4.4545,-4.4991,4.5914,4.5411,4.6158
-4.0922,-5.0576,-4.0896,-4.4433,-4.4804,4.6072,4.5077,4.6103
-4.0049,-5.0337,-4.0194,-4.43,-4.4596,4.6209,4.4721,4.6026
-3.9156,-5.0072,-3.9473,-4.4146,-4.4369,4.6326,4.4343,4.5928
-3.8246,-4.9783,-3.8733,-4.3972,-4.4123,4.6423,4.3944,4.5809
-3.7318,-4.9469,-3.7974,-4.3777,-4.3856,4.6498,4.3524,4.5668
-3.6372,-4.913,-3.7196,-4.356,-4.357,4.6552,4.3082,4.5505
-3.541,-4.8766,-3.64,-4.3324,-4.3264,4.6584,4.2619,4.5321
-3.4431,-4.8378,-3.5586,-4.3066,-4.2937,4.6594,4.2135,4.5115
-3.3435,-4.7964,-3.4754,-4.2787,-4.2591,4.6583,4.163,4.4888
-3.2424,-4.7526,-3.3905,-4.2488,-4.2225,4.6549,4.1104,4.4639
-3.1398,-4.7063,-3.3038,-4.2168,-4.1839,4.6492,4.0558,4.4369
-3.0357,-4.6576,-3.2155,-4.1827,-4.1434,4.6413,3.9991,4.4077
-2.9301,-4.6064,-3.1255,-4.1466,-4.1008,4.6311,3.9405,4.3765
-2.8233,-4.5528,-3.0339,-4.1084,-4.0563,4.6186,3.8799,4.3431
-2.7151,-4.4968,-2.9408,-4.0682,-4.0098,4.6038,3.8174,4.3077
-2.6056,-4.4384,-2.8461,-4.0259,-3.9614,4.5867,3.7529,4.2701
-2.495,-4.3776,-2.7499,-3.9817,-3.911,4.5672,3.6866,4.2305
-2.3832,-4.3145,-2.6523,-3.9354,-3.8588,4.5454,3.6185,4.1889
-2.2704,-4.2491,-2.5533,-3.8872,-3.8046,4.5213,3.5485,4.1453
-2.1566,-4.1813,-2.4529,-3.837,-3.7486,4.4949,3.4768,4.0996
-2.0418,-4.1114,-2.3513,-3.7848,-3.6907,4.4662,3.4034,4.052
-1.9262,-4.0392,-2.2484,-3.7307,-3.631,4.4351,3.3283,4.0025
-1.8097,-3.9648,-2.1443,-3.6748,-3.5695,4.4017,3.2516,3.951
-1.6926,-3.8882,-2.0391,-3.6169,-3.5062,4.366,3.1733,3.8977
-1.5748,-3.8096,-1.9328,-3.5572,-3.4412,4.328,3.0935,3.8425
-1.4564,-3.7289,-1.8254,-3.4957,-3.3745,4.2878,3.0122,3.7855
-1.3376,-3.6462,-1.7171,-3.4324,-3.3061,4.2453,2.9294,3.7267
-1.2183,-3.5615,-1.6079,-3.3674,-3.2361,4.2005,2.8453,3.6661
-1.0986,-3.4748,-1.4979,-3.3006,-3.1646,4.1536,2.7599,3.6039
-0.97873,-3.3864,-1.3871,-3.2321,-3.0914,4.1044,2.6732,3.54
-0.85864,-3.2961,-1.2756,-3.162,-3.0168,4.0531,2.5853,3.4744
-0.73846,-3.204,-1.1634,-3.0903,-2.9407,3.9996,2.4963,3.4072
-0.61825,-3.1102,-1.0506,-3.017,-2.8633,3.9441,2.4062,3.3386
-0.4981,-3.0148,-0.93738,-2.9421,-2.7844,3.8865,2.3151,3.2684
-0.37811,-2.9178,-0.82369,-2.8658,-2.7043,3.8268,2.223,3.1967
-0.25834,-2.8193,-0.70963,-2.788,-2.6229,3.7652,2.1301,3.1237
-0.13889,-2.7193,-0.59527,-2.7088,-2.5403,3.7016,2.0363,3.0493
-0.019849,-2.618,-0.4807,-2.6282,-2.4566,3.6361,1.9418,2.9736
0.098705,-2.5153,-0.36598,-2.5463,-2.3718,3.5687,1.8466,2.8967
0.21668,-2.4114,-0.25119,-2.4631,-2.286,3.4995,1.7508,2.8185
0.334,-2.3063,-0.13641,-2.3788,-2.1992,3.4285,1.6545,2.7393
0.45057,-2.2001,-0.021704,-2.2932,-2.1115,3.3559,1.5577,2.6589
0.5663,-2.0928,0.092836,-2.2066,-2.023,3.2815,1.4604,2.5775
0.6811,-1.9846,0.20714,-2.1189,-1.9338,3.2056,1.3629,2.4951
0.7949,-1.8755,0.32112,-2.0302,-1.8438,3.1281,1.2651,2.4119
0.9076,-1.7656,0.43471,-1.9405,-1.7532,3.0491,1.1672,2.3277
1.0191,-1.6549,0.54782,-1.8499,-1.6621,2.9687,1.0691,2.2428
1.1294,-1.5436,0.66037,-1.7585,-1.5705,2.887,0.97104,2.1572
1.2383,-1.4318,0.77229,-1.6663,-1.4784,2.8039,0.87301,2.0708
1.3458,-1.3194,0.88349,-1.5734,-1.386,2.7195,0.77511,1.9839
1.4517,-1.2066,0.9939,-1.4799,-1.2934,2.6341,0.67741,1.8964
1.5561,-1.0935,1.1034,-1.3857,-1.2005,2.5475,0.57999,1.8085
1.6588,-0.98006,1.212,-1.291,-1.1075,2.4598,0.48292,1.7201
1.7597,-0.86649,1.3195,-1.1958,-1.0145,2.3712,0.38628,1.6314
1.8588,-0.75282,1.426,-1.1002,-0.92148,2.2818,0.29015,1.5423
1.956,-0.63913,1.5312,-1.0043,-0.82858,2.1914,0.1946,1.4531
2.0513,-0.52551,1.6351,-0.90801,-0.73585,2.1004,0.099695,1.3637
2.1444,-0.41204,1.7377,-0.81154,-0.64337,2.0087,0.0055238,1.2742
2.2355,-0.29879,1.8389,-0.71489,-0.55123,1.9163,-0.087846,1.1847
2.3243,-0.18584,1.9386,-0.61815,-0.45949,1.8235,-0.18034,1.0952
2.4109,-0.073276,2.0366,-0.52137,-0.36823,1.7302,-0.27189,1.0058
2.4952,0.038823,2.1331,-0.42461,-0.27752,1.6365,-0.36242,0.91657
2.5771,0.15038,2.2278,-0.32794,-0.18745,1.5425,-0.45186,0.82758
2.6566,0.26132,2.3207,-0.23143,-0.098077,1.4484,-0.54015,0.73889
2.7335,0.37156,2.4117,-0.13513,-0.0094873,1.354,-0.62721,0.65055
2.808,0.48103,2.5008,-0.039115,0.078251,1.2597,-0.71297,0.56264
2.8798,0.58965,2.5879,0.056557,0.16506,1.1653,-0.79738,0.47521
2.949,0.69735,2.6729,0.15182,0.25088,1.071,-0.88037,0.38834
3.0154,0.80405,2.7557,0.24662,0.33563,0.97687,-0.96186,0.30207
3.0792,0.90969,2.8364,0.34088,0.41925,0.88299,-1.0418,0.21647
3.1402,1.0142,2.9148,0.43454,0.50166,0.78943,-1.1202,0.13161
3.1983,1.1175,2.9909,0.52756,0.58281,0.69626,-1.1968,0.047539
3.2537,1.2195,3.0646,0.61985,0.66261,0.60356,-1.2718,-0.035683
3.3061,1.3202,3.1359,0.71137,0.74102,0.5114,-1.345,-0.118
3.3557,1.4195,3.2047,0.80205,0.81796,0.41985,-1.4163,-0.19935
3.4024,1.5173,3.2709,0.89184,0.89338,0.32899,-1.4858,-0.27967
3.4461,1.6135,3.3346,0.98067,0.96722,0.23888,-1.5533,-0.35893
3.4869,1.7082,3.3956,1.0685,1.0394,0.1496,-1.6189,-0.43705
3.5247,1.8012,3.454,1.1552,1.1099,0.061213,-1.6824,-0.514
3.5596,1.8926,3.5096,1.2409,1.1787,-0.02621,-1.7439,-0.58971
3.5915,1.9821,3.5625,1.3253,1.2456,-0.1126,-1.8032,-0.66415
3.6204,2.0699,3.6126,1.4086,1.3107,-0.19791,-1.8605,-0.73725
3.6464,2.1558,3.6599,1.4905,1.3739,-0.28205,-1.9155,-0.80899
3.6694,2.2397,3.7044,1.5711,1.4352,-0.36498,-1.9683,-0.8793
3.6895,2.3218,3.746,1.6504,1.4945,-0.44663,-2.0189,-0.94815
3.7066,2.4018,3.7847,1.7282,1.5518,-0.52694,-2.0672,-1.0155
3.7208,2.4797,3.8204,1.8045,1.607,-0.60586,-2.1132,-1.0813
3.7322,2.5556,3.8533,1.8793,1.6601,-0.68334,-2.1569,-1.1455
3.7406,2.6294,3.8832,1.9525,1.7111,-0.75931,-2.1983,-1.2081
3.7462,2.701,3.9101,2.0241,1.7599,-0.83373,-2.2373,-1.269
3.749,2.7704,3.9341,2.0941,1.8065,-0.90655,-2.2739,-1.3283
3.7491,2.8376,3.9551,2.1624,1.8509,-0.97772,-2.3081,-1.3858
3.7464,2.9026,3.9731,2.2289,1.8931,-1.0472,-2.34,-1.4416
3.741,2.9652,3.9882,2.2937,1.9331,-1.1149,-2.3694,-1.4956
3.733,3.0256,4.0003,2.3566,1.9708,-1.1809,-2.3964,-1.5478
3.7223,3.0837,4.0094,2.4177,2.0062,-1.2451,-2.421,-1.5982
3.7092,3.1394,4.0156,2.477,2.0393,-1.3074,-2.4431,-1.6467
3.6935,3.1927,4.0188,2.5343,2.0701,-1.3678,-2.4629,-1.6933
3.6754,3.2437,4.0192,2.5897,2.0986,-1.4263,-2.4803,-1.7381
3.655,3.2923,4.0166,2.6432,2.1248,-1.4829,-2.4952,-1.781
3.6322,3.3384,4.0112,2.6946,2.1487,-1.5375,-2.5078,-1.8219
3.6072,3.3822,4.0029,2.7441,2.1703,-1.59,-2.518,-1.8609
3.58,3.4236,3.9918,2.7915,2.1896,-1.6406,-2.5258,-1.898
3.5507,3.4625,3.9779,2.8368,2.2065,-1.6892,-2.5313,-1.9331
3.5194,3.4991,3.9613,2.8801,2.2213,-1.7356,-2.5345,-1.9662
3.4862,3.5332,3.942,2.9213,2.2337,-1.7801,-2.5354,-1.9974
3.451,3.5649,3.92,2.9604,2.2439,-1.8224,-2.534,-2.0266
3.4141,3.5942,3.8954,2.9974,2.2519,-1.8626,-2.5304,-2.0539
3.3754,3.6212,3.8682,3.0322,2.2577,-1.9008,-2.5245,-2.0792
3.3351,3.6457,3.8385,3.0649,2.2613,-1.9368,-2.5165,-2.1025
3.2933,3.6678,3.8063,3.0954,2.2627,-1.9707,-2.5064,-2.1239
3.25,3.6876,3.7716,3.1238,2.262,-2.0025,-2.4941,-2.1434
3.2053,3.705,3.7347,3.15,2.2592,-2.0322,-2.4798,-2.1608
3.1593,3.7201,3.6954,3.174,2.2544,-2.0598,-2.4634,-2.1764
3.1121,3.7329,3.6538,3.1959,2.2475,-2.0853,-2.4451,-2.19
3.0638,3.7434,3.6101,3.2156,2.2386,-2.1087,-2.4249,-2.2018
3.0145,3.7517,3.5643,3.2331,2.2278,-2.13,-2.4027,-2.2116
2.9643,3.7577,3.5164,3.2484,2.2151,-2.1492,-2.3787,-2.2196
2.9132,3.7614,3.4665,3.2616,2.2006,-2.1664,-2.353,-2.2257
2.8613,3.763,3.4148,3.2727,2.1842,-2.1815,-2.3255,-2.23
2.8088,3.7624,3.3612,3.2815,2.1661,-2.1947,-2.2963,-2.2324
2.7558,3.7597,3.3058,3.2883,2.1463,-2.2058,-2.2655,-2.2331
2.7022,3.7549,3.2487,3.2929,2.1248,-2.2149,-2.2331,-2.232
2.6483,3.748,3.1901,3.2954,2.1017,-2.2221,-2.1992,-2.2292
2.5941,3.7391,3.1299,3.2958,2.0771,-2.2274,-2.1639,-2.2246
2.5396,3.7282,3.0682,3.2941,2.0509,-2.2307,-2.1271,-2.2184
2.4851,3.7154,3.0052,3.2903,2.0234,-2.2322,-2.0891,-2.2105
2.4305,3.7006,2.9409,3.2845,1.9945,-2.2319,-2.0498,-2.201
2.376,3.684,2.8753,3.2766,1.9642,-2.2297,-2.0092,-2.19
2.3217,3.6655,2.8087,3.2667,1.9327,-2.2257,-1.9676,-2.1773
2.2675,3.6452,2.741,3.2549,1.9,-2.2201,-1.9249,-2.1631
2.2137,3.6232,2.6723,3.241,1.8662,-2.2127,-1.8811,-2.1475
2.1603,3.5994,2.6028,3.2253,1.8314,-2.2036,-1.8364,-2.1304
2.1073,3.574,2.5324,3.2075,1.7955,-2.1929,-1.7909,-2.1118
2.0549,3.547,2.4613,3.188,1.7588,-2.1807,-1.7445,-2.0919
2.0031,3.5184,2.3896,3.1665,1.7211,-2.1668,-1.6974,-2.0707
1.952,3.4882,2.3174,3.1432,1.6827,-2.1515,-1.6496,-2.0482
1.9017,3.4566,2.2447,3.1181,1.6435,-2.1347,-1.6012,-2.0244
1.8522,3.4235,2.1716,3.0912,1.6037,-2.1166,-1.5523,-1.9994
1.8037,3.3891,2.0982,3.0626,1.5633,-2.097,-1.5028,-1.9732
1.7561,3.3533,2.0246,3.0322,1.5223,-2.0761,-1.453,-1.9458
1.7095,3.3162,1.9508,3.0002,1.4809,-2.0539,-1.4028,-1.9174
1.664,3.2778,1.877,2.9665,1.4391,-2.0305,-1.3523,-1.8879
1.6197,3.2383,1.8032,2.9312,1.397,-2.0059,-1.3016,-1.8575
1.5766,3.1976,1.7295,2.8944,1.3546,-1.9802,-1.2508,-1.826
1.5348,3.1558,1.6559,2.8559,1.3121,-1.9534,-1.1999,-1.7936
1.4943,3.1129,1.5826,2.816,1.2693,-1.9255,-1.1489,-1.7603
1.4551,3.069,1.5096,2.7747,1.2266,-1.8967,-1.0979,-1.7262
1.4173,3.0242,1.437,2.7319,1.1838,-1.8669,-1.0471,-1.6913
1.381,2.9784,1.3649,2.6877,1.141,-1.8362,-0.99638,-1.6556
1.3461,2.9318,1.2933,2.6422,1.0984,-1.8047,-0.94587,-1.6192
1.3127,2.8844,1.2223,2.5953,1.056,-1.7724,-0.89563,-1.5821
1.2809,2.8362,1.1519,2.5472,1.0138,-1.7393,-0.8457,-1.5444
1.2507,2.7873,1.0823,2.4979,0.97193,-1.7055,-0.79614,-1.5061
1.222,2.7377,1.0135,2.4473,0.93038,-1.6711,-0.74699,-1.4673
1.195,2.6875,0.94545,2.3956,0.88925,-1.6361,-0.69832,-1.4279
1.1696,2.6367,0.87835,2.3429,0.84858,-1.6005,-0.65016,-1.388
1.1458,2.5853,0.8122,2.289,0.80842,-1.5645,-0.60257,-1.3478
1.1237,2.5335,0.74707,2.2342,0.76882,-1.5279,-0.55558,-1.3071
1.1033,2.4812,0.68299,2.1783,0.72984,-1.491,-0.50925,-1.266
1.0845,2.4285,0.62003,2.1215,0.69152,-1.4537,-0.46361,-1.2247
1.0674,2.3754,0.55821,2.0638,0.65391,-1.4161,-0.41871,-1.183
1.052,2.322,0.4976,2.0053,0.61704,-1.3781,-0.37458,-1.1411
1.0383,2.2684,0.43822,1.946,0.58097,-1.34,-0.33126,-1.099
1.0263,2.2145,0.38012,1.8859,0.54573,-1.3017,-0.28877,-1.0566
1.0159,2.1604,0.32334,1.825,0.51135,-1.2632,-0.24716,-1.0142
1.0071,2.1062,0.2679,1.7635,0.47789,-1.2246,-0.20645,-0.97157
1,2.0518,0.21385,1.7014,0.44536,-1.186,-0.16667,-0.92889
0.99453,1.9974,0.1612,1.6386,0.4138,-1.1473,-0.12785,-0.88615
0.99064,1.9429,0.10999,1.5753,0.38325,-1.1087,-0.090004,-0.84338
0.98833,1.8884,0.060238,1.5115,0.35372,-1.0701,-0.053158,-0.8006
0.98756,1.834,0.011966,1.4473,0.32525,-1.0316,-0.01733,-0.75785
0.98832,1.7796,-0.034806,1.3825,0.29786,-0.99325,0.017461,-0.71515
0.99057,1.7254,-0.080062,1.3175,0.27157,-0.95505,0.051201,-0.67253
0.99428,1.6712,-0.12379,1.252,0.24639,-0.91704,0.083878,-0.63001
0.99941,1.6173,-0.16598,1.1863,0.22236,-0.87927,0.11548,-0.58761
1.0059,1.5636,-0.20661,1.1203,0.19947,-0.84175,0.146,-0.54535
1.0138,1.51,-0.24569,1.0541,0.17775,-0.80453,0.17543,-0.50326
1.023,1.4568,-0.28321,0.98772,0.1572,-0.76764,0.20377,-0.46136
1.0334,1.4039,-0.31917,0.9212,0.13784,-0.73109,0.23101,-0.41967
1.0451,1.3513,-0.35357,0.85458,0.11966,-0.69493,0.25715,-0.37819
1.0579,1.299,-0.3864,0.7879,0.10268,-0.65916,0.2822,-0.33696
1.0718,1.2471,-0.41769,0.72121,0.086897,-0.62383,0.30616,-0.29598
1.0868,1.1957,-0.44743,0.65454,0.072306,-0.58896,0.32903,-0.25528
1.1029,1.1447,-0.47564,0.58794,0.058909,-0.55456,0.35082,-0.21486
1.1198,1.0941,-0.50232,0.52143,0.046701,-0.52066,0.37154,-0.17474
1.1377,1.044,-0.52749,0.45506,0.035676,-0.48727,0.39121,-0.13494
1.1565,0.99449,-0.55117,0.38887,0.025826,-0.45443,0.40983,-0.095455
1.176,0.94546,-0.57338,0.32289,0.01714,-0.42214,0.42742,-0.056306
1.1963,0.89699,-0.59412,0.25716,0.0096067,-0.39042,0.44399,-0.017501
1.2173,0.84909,-0.61344,0.19172,0.0032119,-0.3593,0.45956,0.020951
1.2389,0.80179,-0.63134,0.1266,-0.0020601,-0.32877,0.47416,0.059041
1.261,0.75511,-0.64786,0.061841,-0.006227,-0.29886,0.4878,0.096763
1.2836,0.70906,-0.66302,-0.0025259,-0.0093081,-0.26958,0.5005,0.13411
1.3067,0.66367,-0.67686,-0.066465,-0.011324,-0.24094,0.5123,0.17107
1.3301,0.61894,-0.68939,-0.12994,-0.012299,-0.21295,0.5232,0.20765
1.3538,0.5749,-0.70066,-0.19292,-0.012256,-0.18561,0.53324,0.24384
1.3777,0.53156,-0.71069,-0.25538,-0.01122,-0.15894,0.54245,0.27963
1.4019,0.48894,-0.71952,-0.31727,-0.0092209,-0.13295,0.55086,0.31502
1.4261,0.44704,-0.72719,-0.37857,-0.0062856,-0.10763,0.55849,0.35001
1.4504,0.40589,-0.73373,-0.43925,-0.0024449,-0.082994,0.56537,0.38459
1.4747,0.3655,-0.73918,-0.49927,0.0022699,-0.059044,0.57154,0.41877
1.4988,0.32587,-0.74358,-0.55861,0.007826,-0.035783,0.57702,0.45254
1.5229,0.28702,-0.74697,-0.61723,0.014189,-0.01321,0.58186,0.4859
1.5467,0.24895,-0.74939,-0.67512,0.021325,0.0086715,0.58607,0.51885
1.5702,0.21169,-0.75088,-0.73223,0.029197,0.029864,0.58971,0.55138
1.5934,0.17523,-0.75148,-0.78854,0.037768,0.050368,0.59279,0.58351
1.6162,0.13958,-0.75124,-0.84403,0.047,0.070186,0.59537,0.61523
1.6386,0.10475,-0.7502,-0.89867,0.056854,0.089321,0.59746,0.64653
1.6604,0.070753,-0.7484,-0.95244,0.067291,0.10778,0.59912,0.67743
1.6816,0.037584,-0.74589,-1.0053,0.07827,0.12556,0.60036,0.70792
1.7022,0.0052527,-0.74272,-1.0572,0.08975,0.14268,0.60124,0.73799
1.7221,-0.026238,-0.73892,-1.1082,0.10169,0.15913,0.60178,0.76767
1.7413,-0.056885,-0.73455,-1.1582,0.11405,0.17493,0.60203,0.79693
1.7596,-0.086684,-0.72964,-1.2073,0.12678,0.19008,0.60201,0.8258
1.777,-0.11564,-0.72426,-1.2553,0.13984,0.2046,0.60177,0.85426
1.7935,-0.14374,-0.71843,-1.3023,0.15319,0.21849,0.60133,0.88232
1.8091,-0.17099,-0.71221,-1.3482,0.16679,0.23176,0.60074,0.90997
1.8236,-0.19739,-0.70564,-1.3931,0.18059,0.24442,0.60003,0.93724
1.837,-0.22294,-0.69877,-1.4368,0.19454,0.25649,0.59924,0.9641
1.8493,-0.24765,-0.69164,-1.4795,0.20861,0.26797,0.5984,0.99057
1.8604,-0.27151,-0.6843,-1.5211,0.22275,0.27889,0.59754,1.0166
1.8703,-0.29453,-0.67679,-1.5615,0.23692,0.28924,0.59669,1.0423
1.879,-0.31671,-0.66915,-1.6007,0.25107,0.29906,0.5959,1.0676
1.8863,-0.33805,-0.66144,-1.6388,0.26516,0.30834,0.59519,1.0925
1.8923,-0.35857,-0.65369,-1.6758,0.27915,0.3171,0.59459,1.117
1.8969,-0.37826,-0.64595,-1.7115,0.293,0.32537,0.59413,1.1412
1.9,-0.39714,-0.63825,-1.746,0.30665,0.33315,0.59385,1.1649
1.9017,-0.41521,-0.63064,-1.7794,0.32008,0.34046,0.59376,1.1882
1.9019,-0.43248,-0.62316,-1.8115,0.33324,0.34731,0.59391,1.2112
1.9006,-0.44895,-0.61585,-1.8424,0.34609,0.35373,0.59432,1.2338
1.8978,-0.46463,-0.60875,-1.872,0.35858,0.35972,0.595,1.256
1.8933,-0.47954,-0.60189,-1.9004,0.37069,0.36531,0.596,1.2778
1.8872,-0.49369,-0.59532,-1.9276,0.38238,0.37052,0.59732,1.2992
1.8795,-0.50708,-0.58906,-1.9535,0.39359,0.37535,0.599,1.3202
1.8702,-0.51972,-0.58316,-1.9782,0.40431,0.37983,0.60105,1.3409
1.8592,-0.53163,-0.57766,-2.0016,0.41449,0.38398,0.60351,1.3611
1.8465,-0.54282,-0.57257,-2.0238,0.42411,0.3878,0.60637,1.381
1.832,-0.5533,-0.56794,-2.0447,0.43311,0.39133,0.60968,1.4004
1.8159,-0.56308,-0.56379,-2.0644,0.44148,0.39457,0.61343,1.4195
1.798,-0.57219,-0.56016,-2.0828,0.44918,0.39755,0.61765,1.4382
1.7784,-0.58062,-0.55707,-2.1,0.45619,0.40028,0.62235,1.4565
1.7571,-0.5884,-0.55456,-2.1159,0.46246,0.40278,0.62754,1.4744
1.734,-0.59554,-0.55264,-2.1306,0.46798,0.40507,0.63325,1.4918
1.7091,-0.60205,-0.55134,-2.144,0.47272,0.40717,0.63947,1.5089
1.6825,-0.60795,-0.5507,-2.1562,0.47665,0.40908,0.64622,1.5256
1.6541,-0.61326,-0.55072,-2.1672,0.47976,0.41084,0.6535,1.5419
1.624,-0.618,-0.55143,-2.177,0.482,0.41246,0.66133,1.5577
1.5922,-0.62217,-0.55285,-2.1856,0.48338,0.41395,0.6697,1.5731
1.5586,-0.62579,-0.555,-2.193,0.48386,0.41532,0.67863,1.5882
1.5233,-0.62889,-0.55789,-2.1992,0.48343,0.41661,0.68812,1.6028
1.4863,-0.63147,-0.56154,-2.2042,0.48206,0.41782,0.69816,1.6169
1.4476,-0.63356,-0.56597,-2.2081,0.47976,0.41897,0.70877,1.6307
1.4072,-0.63517,-0.57118,-2.2108,0.47649,0.42007,0.71994,1.644
1.3652,-0.63633,-0.57719,-2.2124,0.47226,0.42115,0.73166,1.6569
1.3215,-0.63704,-0.58401,-2.2129,0.46704,0.42221,0.74394,1.6694
1.2763,-0.63732,-0.59165,-2.2123,0.46083,0.42326,0.75677,1.6814
1.2294,-0.6372,-0.6001,-2.2106,0.45362,0.42434,0.77015,1.693
1.1811,-0.63669,-0.60939,-2.2079,0.44541,0.42544,0.78407,1.7041
1.1311,-0.6358,-0.6195,-2.2041,0.43619,0.42658,0.79853,1.7148
1.0797,-0.63456,-0.63045,-2.1993,0.42596,0.42777,0.8135,1.725
1.0269,-0.63299,-0.64223,-2.1935,0.41472,0.42903,0.829,1.7348
0.97261,-0.6311,-0.65485,-2.1867,0.40246,0.43037,0.845,1.7441
0.91696,-0.6289,-0.6683,-2.179,0.38919,0.4318,0.8615,1.753
0.85997,-0.62642,-0.68257,-2.1703,0.37491,0.43333,0.87848,1.7614
0.80168,-0.62368,-0.69766,-2.1607,0.35963,0.43497,0.89593,1.7693
0.74214,-0.62069,-0.71357,-2.1502,0.34335,0.43673,0.91383,1.7768
0.68139,-0.61747,-0.73029,-2.1388,0.32609,0.43862,0.93217,1.7838
0.61949,-0.61403,-0.7478,-2.1266,0.30784,0.44065,0.95093,1.7903
0.55647,-0.6104,-0.76609,-2.1135,0.28863,0.44282,0.9701,1.7964
0.4924,-0.60658,-0.78516,-2.0997,0.26846,0.44516,0.98966,1.802
0.42732,-0.6026,-0.80498,-2.085,0.24735,0.44765,1.0096,1.8071
0.36128,-0.59847,-0.82554,-2.0697,0.22532,0.45031,1.0299,1.8117
0.29435,-0.59422,-0.84683,-2.0536,0.20237,0.45314,1.0505,1.8158
0.22658,-0.58984,-0.86882,-2.0368,0.17854,0.45616,1.0714,1.8195
0.15803,-0.58537,-0.8915,-2.0193,0.15383,0.45935,1.0926,1.8227
0.088754,-0.58081,-0.91484,-2.0012,0.12828,0.46273,1.1141,1.8254
0.018818,-0.57618,-0.93881,-1.9825,0.1019,0.46631,1.1358,1.8276
-0.051717,-0.57149,-0.96341,-1.9631,0.074719,0.47007,1.1577,1.8294
-0.12279,-0.56677,-0.98859,-1.9433,0.04676,0.47403,1.1798,1.8306
-0.19433,-0.56202,-1.0143,-1.9228,0.018049,0.47819,1.2021,1.8314
-0.26628,-0.55726,-1.0406,-1.9019,-0.011384,0.48254,1.2246,1.8317
-0.33857,-0.5525,-1.0674,-1.8804,-0.041512,0.48709,1.2471,1.8315
-0.41114,-0.54775,-1.0947,-1.8585,-0.072304,0.49184,1.2698,1.8309
-0.48391,-0.54304,-1.1224,-1.8362,-0.10373,0.49678,1.2925,1.8298
-0.55682,-0.53836,-1.1505,-1.8134,-0.13576,0.50191,1.3153,1.8281
-0.6298,-0.53374,-1.1789,-1.7903,-0.16835,0.50723,1.338,1.8261
-0.70278,-0.52919,-1.2078,-1.7668,-0.20148,0.51274,1.3608,1.8235
-0.7757,-0.52471,-1.2369,-1.743,-0.2351,0.51843,1.3835,1.8205
-0.84847,-0.52033,-1.2663,-1.7188,-0.26919,0.5243,1.4061,1.817
-0.92104,-0.51605,-1.2959,-1.6944,-0.30371,0.53034,1.4287,1.813
-0.99332,-0.51188,-1.3256,-1.6697,-0.33861,0.53655,1.4511,1.8086
-1.0653,-0.50783,-1.3556,-1.6448,-0.37386,0.54293,1.4733,1.8037
-1.1368,-0.50392,-1.3856,-1.6196,-0.40942,0.54946,1.4954,1.7984
-1.2078,-0.50015,-1.4157,-1.5943,-0.44526,0.55614,1.5172,1.7926
-1.2783,-0.49655,-1.4458,-1.5688,-0.48132,0.56296,1.5389,1.7863
-1.3481,-0.4931,-1.4759,-1.5431,-0.51758,0.56991,1.5602,1.7797
-1.4173,-0.48984,-1.5059,-1.5173,-0.55398,0.57699,1.5812,1.7725
-1.4856,-0.48675,-1.5358,-1.4914,-0.59049,0.58419,1.6019,1.765
-1.5532,-0.48387,-1.5656,-1.4655,-0.62707,0.59149,1.6222,1.757
-1.6198,-0.48119,-1.5951,-1.4394,-0.66367,0.59889,1.6422,1.7485
-1.6855,-0.47872,-1.6244,-1.4134,-0.70025,0.60638,1.6617,1.7397
-1.7501,-0.47647,-1.6534,-1.3872,-0.73677,0.61394,1.6808,1.7304
-1.8136,-0.47445,-1.682,-1.3611,-0.77318,0.62158,1.6994,1.7207
-1.876,-0.47267,-1.7102,-1.335,-0.80945,0.62927,1.7175,1.7106
-1.9371,-0.47114,-1.738,-1.309,-0.84552,0.637,1.735,1.7001
-1.997,-0.46987,-1.7653,-1.2829,-0.88136,0.64477,1.752,1.6892
-2.0555,-0.46885,-1.792,-1.257,-0.91693,0.65256,1.7684,1.6779
-2.1126,-0.46811,-1.8182,-1.2311,-0.95218,0.66037,1.7842,1.6663
-2.1682,-0.46765,-1.8437,-1.2053,-0.98707,0.66817,1.7994,1.6542
-2.2223,-0.46747,-1.8685,-1.1796,-1.0216,0.67597,1.8138,1.6418
-2.2748,-0.46759,-1.8926,-1.1541,-1.0556,0.68374,1.8276,1.629
-2.3257,-0.468,-1.9159,-1.1286,-1.0892,0.69148,1.8407,1.6158
-2.3749,-0.46872,-1.9384,-1.1034,-1.1222,0.69918,1.853,1.6023
-2.4223,-0.46976,-1.96,-1.0783,-1.1547,0.70682,1.8645,1.5884
-2.468,-0.47111,-1.9807,-1.0534,-1.1865,0.71439,1.8753,1.5742
-2.5118,-0.47279,-2.0004,-1.0286,-1.2178,0.72188,1.8852,1.5596
-2.5538,-0.47481,-2.0192,-1.0041,-1.2483,0.72929,1.8943,1.5447
-2.5939,-0.47716,-2.0368,-0.97979,-1.2781,0.73659,1.9025,1.5295
-2.632,-0.47985,-2.0533,-0.9557,-1.3072,0.74378,1.9098,1.514
-2.6681,-0.48289,-2.0687,-0.93184,-1.3355,0.75086,1.9162,1.4981
-2.7022,-0.48629,-2.083,-0.90822,-1.363,0.7578,1.9217,1.482
-2.7343,-0.49004,-2.0959,-0.88486,-1.3896,0.7646,1.9263,1.4655
-2.7642,-0.49416,-2.1076,-0.86176,-1.4153,0.77125,1.9298,1.4487
-2.792,-0.49864,-2.118,-0.83893,-1.4401,0.77775,1.9324,1.4317
-2.8177,-0.50349,-2.1271,-0.81638,-1.464,0.78408,1.934,1.4144
-2.8413,-0.50872,-2.1348,-0.79412,-1.4868,0.79023,1.9345,1.3968
-2.8626,-0.51433,-2.141,-0.77215,-1.5087,0.7962,1.9341,1.3789
-2.8817,-0.52032,-2.1458,-0.75048,-1.5295,0.80198,1.9325,1.3608
-2.8986,-0.52669,-2.1491,-0.72912,-1.5493,0.80757,1.9299,1.3424
-2.9133,-0.53345,-2.1509,-0.70807,-1.568,0.81295,1.9263,1.3238
-2.9257,-0.54059,-2.1511,-0.68735,-1.5856,0.81812,1.9215,1.3049
-2.9359,-0.54813,-2.1497,-0.66695,-1.6021,0.82308,1.9156,1.2858
-2.9438,-0.55605,-2.1468,-0.64688,-1.6175,0.82782,1.9086,1.2664
-2.9494,-0.56436,-2.1422,-0.62715,-1.6317,0.83234,1.9005,1.2469
-2.9528,-0.57307,-2.1359,-0.60776,-1.6447,0.83663,1.8913,1.2271
-2.9539,-0.58216,-2.128,-0.58872,-1.6565,0.8407,1.8809,1.2071
-2.9528,-0.59164,-2.1184,-0.57003,-1.6671,0.84453,1.8694,1.1869
-2.9494,-0.60151,-2.1071,-0.55169,-1.6765,0.84812,1.8567,1.1665
-2.9438,-0.61176,-2.094,-0.5337,-1.6847,0.85149,1.8429,1.146
-2.936,-0.62239,-2.0792,-0.51608,-1.6916,0.85461,1.8279,1.1252
-2.9259,-0.6334,-2.0626,-0.49882,-1.6974,0.8575,1.8118,1.1043
-2.9137,-0.64479,-2.0443,-0.48193,-1.7018,0.86015,1.7945,1.0831
-2.8993,-0.65654,-2.0242,-0.4654,-1.7051,0.86257,1.7761,1.0619
-2.8827,-0.66866,-2.0023,-0.44924,-1.7071,0.86475,1.7564,1.0404
-2.864,-0.68114,-1.9787,-0.43346,-1.7078,0.8667,1.7357,1.0188
-2.8433,-0.69397,-1.9532,-0.41805,-1.7073,0.86842,1.7138,0.99711
-2.8204,-0.70714,-1.926,-0.403,-1.7055,0.86992,1.6907,0.97524
-2.7956,-0.72065,-1.8969,-0.38834,-1.7026,0.87119,1.6665,0.95323
-2.7687,-0.73448,-1.8661,-0.37404,-1.6984,0.87224,1.6412,0.93109
-2.7399,-0.74863,-1.8336,-0.36012,-1.6929,0.87307,1.6147,0.90883
-2.7092,-0.76309,-1.7993,-0.34657,-1.6863,0.8737,1.5871,0.88645
-2.6766,-0.77785,-1.7632,-0.3334,-1.6785,0.87411,1.5585,0.86396
-2.6421,-0.79289,-1.7254,-0.32059,-1.6695,0.87433,1.5287,0.84136
-2.6059,-0.8082,-1.6859,-0.30815,-1.6593,0.87436,1.4978,0.81867
-2.568,-0.82377,-1.6447,-0.29608,-1.648,0.8742,1.4659,0.79588
-2.5284,-0.83958,-1.6018,-0.28437,-1.6355,0.87385,1.433,0.773
-2.4871,-0.85562,-1.5573,-0.27302,-1.622,0.87334,1.399,0.75004
-2.4443,-0.87187,-1.5111,-0.26203,-1.6073,0.87266,1.364,0.727
-2.3999,-0.88832,-1.4634,-0.25139,-1.5916,0.87182,1.328,0.70389
-2.3541,-0.90494,-1.4141,-0.2411,-1.5748,0.87083,1.291,0.68072
-2.3069,-0.92173,-1.3633,-0.23115,-1.557,0.86969,1.2531,0.65748
-2.2583,-0.93866,-1.3109,-0.22154,-1.5382,0.86843,1.2143,0.63418
-2.2085,-0.95571,-1.2571,-0.21227,-1.5184,0.86704,1.1745,0.61083
-2.1574,-0.97286,-1.2019,-0.20332,-1.4977,0.86553,1.1339,0.58744
-2.1052,-0.99009,-1.1454,-0.19469,-1.4761,0.86391,1.0924,0.564
-2.0519,-1.0074,-1.0875,-0.18637,-1.4536,0.86219,1.0501,0.54052
-1.9976,-1.0247,-1.0283,-0.17835,-1.4303,0.86039,1.007,0.51701
-1.9423,-1.0421,-0.96783,-0.17063,-1.4062,0.8585,0.96315,0.49347
-1.8862,-1.0594,-0.90622,-0.1632,-1.3813,0.85654,0.91853,0.46991
-1.8293,-1.0767,-0.84347,-0.15605,-1.3556,0.85451,0.87321,0.44633
-1.7716,-1.0939,-0.77964,-0.14916,-1.3293,0.85243,0.82722,0.42273
-1.7132,-1.1111,-0.71479,-0.14253,-1.3022,0.8503,0.78058,0.39912
-1.6543,-1.1281,-0.64897,-0.13615,-1.2746,0.84814,0.73334,0.3755
-1.5949,-1.145,-0.58225,-0.13001,-1.2464,0.84594,0.68552,0.35188
-1.535,-1.1617,-0.51468,-0.12408,-1.2176,0.84372,0.63716,0.32825
-1.4747,-1.1783,-0.44633,-0.11837,-1.1883,0.84149,0.5883,0.30463
-1.4141,-1.1946,-0.37726,-0.11286,-1.1585,0.83925,0.53898,0.28102
-1.3534,-1.2107,-0.30754,-0.10753,-1.1283,0.83701,0.48923,0.25742
-1.2924,-1.2265,-0.23724,-0.10237,-1.0977,0.83477,0.43909,0.23383
-1.2314,-1.242,-0.16642,-0.097362,-1.0668,0.83255,0.3886,0.21025
-1.1704,-1.2572,-0.095158,-0.0925,-1.0356,0.83036,0.3378,0.1867
-1.1095,-1.272,-0.023517,-0.087764,-1.0041,0.82818,0.28674,0.16317
-1.0487,-1.2864,0.048426,-0.083138,-0.97236,0.82604,0.23545,0.13967
-0.98818,-1.3004,0.1206,-0.078607,-0.94047,0.82394,0.18397,0.11619
-0.92792,-1.314,0.19293,-0.074153,-0.90845,0.82188,0.13234,0.092752
-0.86803,-1.327,0.26534,-0.069761,-0.87633,0.81986,0.080619,0.069346
-0.80858,-1.3396,0.33775,-0.065413,-0.84417,0.8179,0.028834,0.045978
-0.74964,-1.3517,0.4101,-0.061092,-0.812,0.81599,-0.022966,0.022651
-0.69129,-1.3632,0.4823,-0.056779,-0.77986,0.81413,-0.07474,-0.00063117
-0.63358,-1.3741,0.55428,-0.052457,-0.74781,0.81233,-0.12644,-0.023867
-0.57659,-1.3844,0.62596,-0.048108,-0.71587,0.8106,-0.17803,-0.047052
-0.52038,-1.3941,0.69725,-0.043713,-0.6841,0.80892,-0.22947,-0.070185
-0.46502,-1.4031,0.7681,-0.039253,-0.65253,0.80731,-0.2807,-0.093263
-0.41058,-1.4114,0.83841,-0.034711,-0.6212,0.80576,-0.33169,-0.11628
-0.35711,-1.419,0.90811,-0.030067,-0.59016,0.80428,-0.38238,-0.13924
-0.30469,-1.4258,0.97712,-0.025302,-0.55944,0.80286,-0.43275,-0.16213
-0.25336,-1.432,1.0454,-0.020398,-0.52908,0.8015,-0.48274,-0.18496
-0.20319,-1.4373,1.1128,-0.015335,-0.49912,0.8002,-0.53231,-0.20771
-0.15424,-1.4418,1.1793,-0.010096,-0.4696,0.79896,-0.58142,-0.23039
-0.10655,-1.4455,1.2448,-0.0046607,-0.44055,0.79778,-0.63002,-0.25299
-0.060188,-1.4483,1.3092,0.00098861,-0.41201,0.79665,-0.67808,-0.27552
-0.0152,-1.4503,1.3725,0.0068704,-0.38402,0.79556,-0.72554,-0.29796
0.028364,-1.4514,1.4346,0.013003,-0.35661,0.79453,-0.77238,-0.32031
0.070456,-1.4517,1.4953,0.019403,-0.32981,0.79353,-0.81854,-0.34257
0.11103,-1.451,1.5548,0.02609,-0.30365,0.79258,-0.86399,-0.36473
0.15005,-1.4493,1.6128,0.033079,-0.27817,0.79165,-0.90869,-0.38679
0.18746,-1.4468,1.6693,0.040388,-0.2534,0.79075,-0.95259,-0.40876
0.22323,-1.4433,1.7243,0.048034,-0.22936,0.78987,-0.99566,-0.43061
0.25732,-1.4388,1.7776,0.05603,-0.20608,0.789,-1.0379,-0.45235
0.2897,-1.4334,1.8292,0.064394,-0.1836,0.78815,-1.0792,-0.47398
0.32034,-1.427,1.8791,0.07314,-0.16193,0.78729,-1.1195,-0.49548
0.3492,-1.4196,1.9272,0.082281,-0.14109,0.78642,-1.1589,-0.51686
0.37625,-1.4112,1.9734,0.091832,-0.12112,0.78554,-1.1972,-0.53811
0.40148,-1.4019,2.0177,0.1018,-0.10204,0.78464,-1.2346,-0.55922
0.42486,-1.3915,2.06,0.11221,-0.083856,0.7837,-1.2708,-0.58019
0.44637,-1.3802,2.1002,0.12306,-0.066597,0.78273,-1.3059,-0.60101
0.466,-1.3679,2.1384,0.13437,-0.050279,0.78171,-1.3399,-0.62169
0.48372,-1.3546,2.1745,0.14614,-0.034917,0.78064,-1.3727,-0.6422
0.49952,-1.3403,2.2084,0.15839,-0.020527,0.7795,-1.4043,-0.66255
0.5134,-1.325,2.24,0.17112,-0.0071225,0.77828,-1.4347,-0.68274
0.52535,-1.3088,2.2694,0.18433,0.0052853,0.77698,-1.4638,-0.70274
0.53536,-1.2915,2.2965,0.19804,0.016686,0.77559,-1.4917,-0.72257
0.54343,-1.2734,2.3213,0.21226,0.027069,0.7741,-1.5182,-0.74221
0.54956,-1.2543,2.3438,0.22697,0.036429,0.7725,-1.5435,-0.76165
0.55376,-1.2343,2.3638,0.24219,0.044758,0.77078,-1.5674,-0.78089
0.55602,-1.2133,2.3814,0.25792,0.052053,0.76892,-1.5899,-0.79993
0.55637,-1.1915,2.3966,0.27416,0.05831,0.76692,-1.611,-0.81876
0.55481,-1.1688,2.4093,0.2909,0.063527,0.76478,-1.6308,-0.83736
0.55135,-1.1452,2.4195,0.30816,0.067704,0.76248,-1.6492,-0.85574
0.54601,-1.1208,2.4272,0.32592,0.070844,0.76,-1.6661,-0.87389
0.53881,-1.0955,2.4324,0.34418,0.072948,0.75735,-1.6816,-0.8918
0.52977,-1.0694,2.4351,0.36294,0.074022,0.75451,-1.6956,-0.90946
0.51892,-1.0426,2.4353,0.38219,0.074071,0.75147,-1.7082,-0.92687
0.50628,-1.015,2.433,0.40192,0.073102,0.74822,-1.7194,-0.94403
0.49188,-0.98664,2.4281,0.42214,0.071125,0.74476,-1.729,-0.96092
0.47575,-0.95758,2.4207,0.44281,0.06815,0.74107,-1.7372,-0.97754
0.45793,-0.92784,2.4108,0.46395,0.064189,0.73715,-1.744,-0.99389
0.43845,-0.89745,2.3984,0.48554,0.059255,0.73298,-1.7493,-1.01
0.41735,-0.86642,2.3834,0.50755,0.053364,0.72856,-1.7531,-1.0257
0.39468,-0.83479,2.3661,0.52999,0.046531,0.72388,-1.7554,-1.0412
0.37046,-0.80258,2.3462,0.55284,0.038774,0.71893,-1.7563,-1.0564
0.34476,-0.76983,2.3239,0.57608,0.030113,0.71369,-1.7558,-1.0713
0.31762,-0.73656,2.2992,0.59969,0.020567,0.70817,-1.7538,-1.0859
0.28909,-0.70281,2.2721,0.62366,0.010159,0.70236,-1.7504,-1.1001
0.25922,-0.6686,2.2427,0.64798,-0.0010873,0.69624,-1.7456,-1.1141
0.22806,-0.63396,2.2109,0.67261,-0.013148,0.6898,-1.7393,-1.1277
0.19567,-0.59893,2.1769,0.69755,-0.025997,0.68305,-1.7317,-1.141
0.1621,-0.56353,2.1406,0.72277,-0.039607,0.67597,-1.7227,-1.154
0.12742,-0.52781,2.1022,0.74824,-0.05395,0.66855,-1.7124,-1.1667
0.091693,-0.49178,2.0615,0.77396,-0.068995,0.66079,-1.7007,-1.179
0.054971,-0.45547,2.0188,0.79989,-0.084711,0.65268,-1.6878,-1.191
0.017323,-0.41893,1.974,0.82602,-0.10107,0.64421,-1.6736,-1.2027
-0.021186,-0.38217,1.9273,0.85231,-0.11803,0.63537,-1.6581,-1.214
-0.060489,-0.34524,1.8785,0.87875,-0.13556,0.62617,-1.6414,-1.225
-0.10052,-0.30815,1.8279,0.90531,-0.15363,0.61658,-1.6235,-1.2357
-0.1412,-0.27094,1.7755,0.93196,-0.1722,0.60661,-1.6044,-1.246
-0.18247,-0.23363,1.7214,0.95868,-0.19123,0.59625,-1.5842,-1.256
-0.22426,-0.19626,1.6655,0.98544,-0.21068,0.58549,-1.563,-1.2657
-0.26648,-0.15885,1.6081,1.0122,-0.23052,0.57433,-1.5406,-1.275
-0.30908,-0.12143,1.5491,1.039,-0.2507,0.56276,-1.5173,-1.2841
-0.35196,-0.084024,1.4886,1.0657,-0.27118,0.55077,-1.493,-1.2928
-0.39507,-0.046659,1.4267,1.0924,-0.29192,0.53835,-1.4677,-1.3011
-0.43832,-0.0093598,1.3635,1.1189,-0.31288,0.52551,-1.4415,-1.3092
-0.48163,0.02785,1.2991,1.1454,-0.33401,0.51224,-1.4145,-1.317
-0.52494,0.064948,1.2335,1.1717,-0.35527,0.49853,-1.3867,-1.3245
-0.56816,0.10191,1.1668,1.1978,-0.37661,0.48437,-1.3582,-1.3316
-0.61121,0.13872,1.0992,1.2238,-0.39799,0.46976,-1.3289,-1.3385
-0.65403,0.17535,1.0306,1.2495,-0.41936,0.4547,-1.2989,-1.3451
-0.69653,0.21179,0.96124,1.2749,-0.44067,0.43918,-1.2684,-1.3515
-0.73863,0.24801,0.89114,1.3001,-0.46189,0.4232,-1.2373,-1.3576
-0.78027,0.284,0.8204,1.325,-0.48295,0.40674,-1.2056,-1.3634
-0.82136,0.31975,0.7491,1.3496,-0.50382,0.38981,-1.1735,-1.369
-0.86182,0.35523,0.67736,1.3738,-0.52445,0.37241,-1.1411,-1.3744
-0.90159,0.39044,0.60524,1.3976,-0.54478,0.35452,-1.1082,-1.3795
-0.94058,0.42536,0.53285,1.421,-0.56477,0.33614,-1.0751,-1.3845
-0.97873,0.45998,0.46028,1.444,-0.58438,0.31727,-1.0417,-1.3892
-1.0159,0.49429,0.38763,1.4665,-0.60355,0.29791,-1.0082,-1.3938
-1.0522,0.52827,0.31498,1.4886,-0.62223,0.27804,-0.97454,-1.3982
-1.0873,0.56193,0.24244,1.5102,-0.64038,0.25768,-0.94082,-1.4025
-1.1214,0.59525,0.17009,1.5313,-0.65795,0.2368,-0.90709,-1.4066
-1.1542,0.62823,0.098028,1.5518,-0.6749,0.21542,-0.87341,-1.4107
-1.1858,0.66086,0.026351,1.5718,-0.69117,0.19353,-0.83985,-1.4146
-1.216,0.69314,-0.04485,1.5913,-0.70671,0.17112,-0.80646,-1.4184
-1.2448,0.72506,-0.11548,1.6101,-0.72149,0.14819,-0.7733,-1.4222
-1.2721,0.75662,-0.18545,1.6284,-0.73546,0.12474,-0.74044,-1.4259
-1.298,0.78782,-0.25467,1.646,-0.74856,0.10076,-0.70792,-1.4296
-1.3222,0.81866,-0.32305,1.663,-0.76077,0.076262,-0.67581,-1.4333
-1.3448,0.84914,-0.39049,1.6794,-0.77202,0.051236,-0.64416,-1.437
-1.3656,0.87927,-0.45691,1.6951,-0.78229,0.02568,-0.61305,-1.4407
-1.3848,0.90904,-0.52223,1.7102,-0.79152,-0.00040569,-0.58251,-1.4444
-1.4021,0.93845,-0.58635,1.7246,-0.79968,-0.027023,-0.55262,-1.4483
-1.4175,0.96752,-0.6492,1.7383,-0.80672,-0.054171,-0.52343,-1.4522
-1.431,0.99624,-0.71068,1.7513,-0.81261,-0.081852,-0.49499,-1.4562
-1.4426,1.0246,-0.77072,1.7636,-0.81731,-0.11007,-0.46736,-1.4603
-1.4522,1.0527,-0.82924,1.7752,-0.82077,-0.13881,-0.4406,-1.4646
-1.4598,1.0804,-0.88617,1.7861,-0.82298,-0.16809,-0.41476,-1.469
