0.2982,-0.427,1.6851,-0.86235,0.71288,0.44051,-1.0782,0.26035
0.20457,-0.37509,1.6095,-0.82761,0.66114,0.43534,-1.0294,0.25523
0.11098,-0.32265,1.5333,-0.79154,0.60939,0.42926,-0.98036,0.24942
0.017457,-0.26976,1.4566,-0.75417,0.55763,0.42231,-0.9312,0.24295
-0.075941,-0.21648,1.3792,-0.71557,0.50589,0.41453,-0.88189,0.23586
-0.16917,-0.1629,1.3013,-0.67579,0.45416,0.40595,-0.83244,0.22818
-0.2622,-0.10908,1.2229,-0.63489,0.40245,0.39661,-0.78285,0.21995
-0.35496,-0.055108,1.1439,-0.59292,0.35076,0.38655,-0.73313,0.2112
-0.44743,-0.0010597,1.0645,-0.54995,0.2991,0.3758,-0.6833,0.20198
-0.53955,0.052989,0.98454,-0.50603,0.24749,0.36441,-0.63334,0.19231
-0.63127,0.10696,0.90418,-0.46123,0.19592,0.35241,-0.58328,0.18224
-0.72255,0.16078,0.82341,-0.41562,0.1444,0.33984,-0.53312,0.1718
-0.81334,0.21436,0.74225,-0.36926,0.092934,0.32676,-0.48287,0.16104
-0.90359,0.26763,0.66073,-0.32221,0.041541,0.31319,-0.43254,0.14999
-0.99325,0.32051,0.57887,-0.27454,-0.0097783,0.29919,-0.38214,0.13869
-1.0823,0.37293,0.49672,-0.22633,-0.061014,0.28478,-0.33167,0.12718
-1.1706,0.42481,0.41429,-0.17764,-0.11216,0.27003,-0.28114,0.11549
-1.2582,0.47606,0.33163,-0.12854,-0.1632,0.25498,-0.23058,0.10368
-1.345,0.52663,0.24876,-0.079097,-0.21413,0.23965,-0.17998,0.091767
-1.4309,0.57642,0.16572,-0.02939,-0.26494,0.22411,-0.12936,0.079803
-1.516,0.62538,0.082534,0.020511,-0.31562,0.2084,-0.078728,0.067824
-1.6001,0.67341,-0.00074825,0.070534,-0.36616,0.19256,-0.028102,0.055866
-1.6832,0.72046,-0.084096,0.12061,-0.41655,0.17663,0.022508,0.04397
-1.7652,0.76645,-0.16747,0.17066,-0.46676,0.16066,0.073088,0.032171
-1.8462,0.81132,-0.25083,0.22061,-0.5168,0.14469,0.12362,0.020509
-1.9259,0.85498,-0.33414,0.27039,-0.56665,0.12877,0.1741,0.0090184
-2.0045,0.89739,-0.41736,0.31993,-0.61629,0.11294,0.2245,-0.0022633
-2.0818,0.93847,-0.50044,0.36916,-0.66571,0.097248,0.2748,-0.013301
-2.1577,0.97815,-0.58335,0.41799,-0.71489,0.081732,0.325,-0.024059
-2.2323,1.0164,-0.66603,0.46636,-0.76381,0.066435,0.37507,-0.034504
-2.3054,1.0531,-0.74844,0.5142,-0.81247,0.051399,0.425,-0.044602
-2.3771,1.0883,-0.83053,0.56144,-0.86084,0.036666,0.47476,-0.05432
-2.4472,1.1218,-0.91227,0.608,-0.90891,0.022275,0.52433,-0.063627
-2.5157,1.1536,-0.99359,0.65381,-0.95665,0.0082665,0.5737,-0.072492
-2.5825,1.1837,-1.0745,0.69881,-1.0041,-0.0053212,0.62285,-0.080884
-2.6477,1.2121,-1.1548,0.74293,-1.0511,-0.01845,0.67174,-0.088776
-2.7111,1.2386,-1.2346,0.78609,-1.0977,-0.031084,0.72036,-0.09614
-2.7726,1.2632,-1.3138,0.82824,-1.144,-0.043186,0.76869,-0.10295
-2.8323,1.286,-1.3923,0.86931,-1.1898,-0.054723,0.8167,-0.10918
-2.8902,1.3068,-1.4701,0.90923,-1.2352,-0.065661,0.86436,-0.1148
-2.946,1.3256,-1.5471,0.94794,-1.28,-0.075968,0.91166,-0.11979
-2.9998,1.3423,-1.6233,0.98539,-1.3244,-0.085612,0.95855,-0.12414
-3.0516,1.3571,-1.6987,1.0215,-1.3683,-0.094565,1.005,-0.12782
-3.1012,1.3697,-1.773,1.0562,-1.4116,-0.1028,1.0511,-0.1308
-3.1487,1.3803,-1.8464,1.0895,-1.4543,-0.11028,1.0966,-0.13308
-3.194,1.3887,-1.9187,1.1213,-1.4965,-0.117,1.1416,-0.13464
-3.237,1.395,-1.99,1.1516,-1.5379,-0.12292,1.1861,-0.13546
-3.2778,1.3991,-2.06,1.1802,-1.5788,-0.12802,1.2301,-0.13553
-3.3162,1.4011,-2.1288,1.2073,-1.6189,-0.13228,1.2734,-0.13483
-3.3522,1.4009,-2.1964,1.2326,-1.6584,-0.13569,1.3161,-0.13336
-3.3858,1.3985,-2.2626,1.2562,-1.6971,-0.13822,1.3582,-0.13112
-3.4169,1.394,-2.3274,1.278,-1.735,-0.13987,1.3995,-0.12808
-3.4455,1.3872,-2.3907,1.298,-1.7721,-0.14061,1.4402,-0.12424
-3.4716,1.3783,-2.4526,1.3162,-1.8083,-0.14044,1.4801,-0.11961
-3.4952,1.3672,-2.5128,1.3324,-1.8437,-0.13934,1.5192,-0.11417
-3.5161,1.3539,-2.5714,1.3468,-1.8782,-0.13731,1.5574,-0.10794
-3.5344,1.3385,-2.6284,1.3592,-1.9118,-0.13434,1.5948,-0.1009
-3.55,1.321,-2.6836,1.3697,-1.9444,-0.13043,1.6314,-0.093057
-3.563,1.3013,-2.737,1.3782,-1.976,-0.12558,1.667,-0.084421
-3.5732,1.2796,-2.7885,1.3846,-2.0066,-0.11978,1.7017,-0.074995
-3.5807,1.2558,-2.8381,1.3891,-2.0361,-0.11303,1.7353,-0.064784
-3.5854,1.23,-2.8857,1.3915,-2.0646,-0.10534,1.768,-0.053798
-3.5874,1.2022,-2.9314,1.3918,-2.0919,-0.096723,1.7996,-0.042047
-3.5865,1.1724,-2.9749,1.3901,-2.1181,-0.087173,1.8301,-0.029543
-3.5829,1.1407,-3.0163,1.3863,-2.1431,-0.076704,1.8595,-0.016298
-3.5764,1.1072,-3.0556,1.3805,-2.1669,-0.065328,1.8877,-0.0023269
-3.5671,1.0718,-3.0926,1.3726,-2.1894,-0.053057,1.9147,0.012353
-3.555,1.0346,-3.1274,1.3626,-2.2106,-0.039906,1.9406,0.027725
-3.54,0.99577,-3.1598,1.3506,-2.2306,-0.025893,1.9651,0.043769
-3.5221,0.95523,-3.1899,1.3366,-2.2492,-0.011036,1.9884,0.060465
-3.5014,0.91308,-3.2176,1.3205,-2.2665,0.0046432,2.0104,0.077791
-3.4779,0.86938,-3.2428,1.3023,-2.2823,0.021123,2.031,0.095723
-3.4515,0.8242,-3.2655,1.2822,-2.2968,0.038378,2.0503,0.11424
-3.4222,0.7776,-3.2857,1.2602,-2.3098,0.056383,2.0682,0.1333
-3.3901,0.72966,-3.3034,1.2361,-2.3213,0.075109,2.0846,0.1529
-3.3552,0.68044,-3.3184,1.2102,-2.3313,0.094527,2.0996,0.17299
-3.3175,0.63002,-3.3309,1.1824,-2.3398,0.1146,2.1131,0.19356
-3.277,0.57848,-3.3406,1.1527,-2.3467,0.13531,2.125,0.21455
-3.2337,0.52589,-3.3477,1.1212,-2.3521,0.1566,2.1355,0.23596
-3.1877,0.47235,-3.3521,1.0879,-2.3559,0.17846,2.1444,0.25773
-3.1389,0.41792,-3.3537,1.0529,-2.3581,0.20082,2.1516,0.27984
-3.0874,0.3627,-3.3526,1.0162,-2.3586,0.22367,2.1573,0.30225
-3.0333,0.30677,-3.3487,0.9779,-2.3574,0.24695,2.1614,0.32493
-2.9765,0.25022,-3.3421,0.938,-2.3546,0.27063,2.1638,0.34782
-2.917,0.19315,-3.3326,0.89657,-2.3501,0.29465,2.1646,0.37091
-2.855,0.13564,-3.3203,0.85367,-2.3439,0.31898,2.1636,0.39414
-2.7904,0.077796,-3.3052,0.80936,-2.336,0.34357,2.161,0.41747
-2.7234,0.019701,-3.2872,0.7637,-2.3263,0.36837,2.1567,0.44087
-2.6538,-0.038545,-3.2664,0.71676,-2.3149,0.39333,2.1506,0.46429
-2.5819,-0.096844,-3.2428,0.66861,-2.3017,0.41841,2.1428,0.48769
-2.5075,-0.1551,-3.2164,0.61931,-2.2867,0.44355,2.1332,0.51102
-2.4308,-0.21321,-3.1871,0.56893,-2.27,0.46869,2.1219,0.53424
-2.3519,-0.27108,-3.155,0.51756,-2.2515,0.4938,2.1088,0.55731
-2.2707,-0.32862,-3.1201,0.46527,-2.2311,0.51881,2.094,0.58018
-2.1873,-0.38571,-3.0824,0.41213,-2.209,0.54367,2.0773,0.6028
-2.1018,-0.44226,-3.0419,0.35823,-2.1851,0.56832,2.0589,0.62513
-2.0142,-0.49817,-2.9987,0.30365,-2.1594,0.59272,2.0387,0.64712
-1.9246,-0.55334,-2.9527,0.24846,-2.1319,0.6168,2.0166,0.66872
-1.833,-0.60767,-2.9041,0.19276,-2.1026,0.6405,1.9928,0.68989
-1.7396,-0.66107,-2.8527,0.13664,-2.0715,0.66379,1.9672,0.71058
-1.6443,-0.71343,-2.7986,0.080168,-2.0385,0.68658,1.9399,0.73074
-1.5473,-0.76465,-2.7419,0.023448,-2.0038,0.70884,1.9107,0.75032
-1.4485,-0.81465,-2.6827,-0.033433,-1.9674,0.7305,1.8798,0.76928
-1.3481,-0.86332,-2.6208,-0.090385,-1.9291,0.7515,1.8471,0.78757
-1.2462,-0.91058,-2.5565,-0.14732,-1.8891,0.7718,1.8126,0.80514
-1.1427,-0.95632,-2.4896,-0.20414,-1.8473,0.79133,1.7764,0.82194
-1.0378,-1.0005,-2.4203,-0.26075,-1.8038,0.81003,1.7384,0.83793
-0.93157,-1.0429,-2.3487,-0.31707,-1.7586,0.82785,1.6987,0.85307
-0.82402,-1.0836,-2.2746,-0.37299,-1.7116,0.84474,1.6573,0.86729
-0.71525,-1.1224,-2.1983,-0.42843,-1.663,0.86065,1.6142,0.88057
-0.60533,-1.1593,-2.1198,-0.48329,-1.6127,0.87551,1.5694,0.89285
-0.49433,-1.1941,-2.039,-0.53747,-1.5607,0.88927,1.523,0.90409
-0.38234,-1.2269,-1.9561,-0.59089,-1.5071,0.90188,1.4749,0.91425
-0.26943,-1.2574,-1.8712,-0.64346,-1.4519,0.9133,1.4252,0.92327
-0.15566,-1.2857,-1.7842,-0.69507,-1.3951,0.92346,1.3739,0.93113
-0.041123,-1.3117,-1.6952,-0.74564,-1.3367,0.93233,1.321,0.93778
0.074113,-1.3353,-1.6044,-0.79508,-1.2768,0.93985,1.2666,0.94318
0.18997,-1.3564,-1.5118,-0.84329,-1.2154,0.94597,1.2106,0.94729
0.30637,-1.3751,-1.4173,-0.8902,-1.1525,0.95066,1.1531,0.95006
0.42324,-1.3911,-1.3212,-0.93571,-1.0882,0.95386,1.0942,0.95148
0.5405,-1.4046,-1.2235,-0.97973,-1.0224,0.95553,1.0338,0.95149
0.65807,-1.4154,-1.1242,-1.0222,-0.95527,0.95564,0.972,0.95006
0.77588,-1.4234,-1.0234,-1.063,-0.88678,0.95415,0.90882,0.94717
0.89384,-1.4287,-0.92125,-1.1021,-0.81698,0.95101,0.84429,0.94278
1.0119,-1.4312,-0.81774,-1.1393,-0.74589,0.9462,0.77844,0.93685
1.1299,-1.4308,-0.71296,-1.1747,-0.67357,0.93968,0.71132,0.92937
1.2479,-1.4276,-0.607,-1.2082,-0.60004,0.93141,0.64294,0.9203
1.3657,-1.4215,-0.49993,-1.2395,-0.52535,0.92138,0.57336,0.90962
1.4833,-1.4125,-0.39182,-1.2688,-0.44954,0.90955,0.50261,0.89731
1.6006,-1.4006,-0.28276,-1.296,-0.37265,0.89589,0.43072,0.88334
1.7175,-1.3857,-0.17283,-1.3209,-0.29473,0.8804,0.35774,0.86769
1.834,-1.3679,-0.062098,-1.3435,-0.21581,0.86304,0.2837,0.85035
1.9499,-1.3471,0.049349,-1.3637,-0.13595,0.8438,0.20866,0.8313
2.0653,-1.3234,0.16143,-1.3816,-0.055185,0.82266,0.13264,0.81053
2.1799,-1.2967,0.27408,-1.397,0.026432,0.79962,0.055703,0.78802
2.2938,-1.267,0.38719,-1.4098,0.10885,0.77466,-0.022121,0.76377
2.4069,-1.2344,0.50071,-1.4202,0.19203,0.74778,-0.10078,0.73776
2.519,-1.199,0.61454,-1.4279,0.27592,0.71896,-0.18024,0.71
2.6302,-1.1606,0.72861,-1.433,0.36046,0.68822,-0.26044,0.68047
2.7404,-1.1193,0.84283,-1.4355,0.4456,0.65555,-0.34134,0.64918
2.8495,-1.0752,0.95712,-1.4352,0.5313,0.62096,-0.4229,0.61613
2.9574,-1.0283,1.0714,-1.4322,0.61749,0.58445,-0.50506,0.58132
3.064,-0.97869,1.1856,-1.4265,0.70414,0.54603,-0.58777,0.54476
3.1693,-0.92632,1.2996,-1.418,0.79117,0.50572,-0.67099,0.50645
3.2732,-0.87126,1.4134,-1.4067,0.87854,0.46353,-0.75467,0.46641
3.3757,-0.81359,1.5269,-1.3926,0.96619,0.41947,-0.83875,0.42465
3.4767,-0.75334,1.64,-1.3757,1.0541,0.37358,-0.92319,0.38119
3.5761,-0.69059,1.7526,-1.356,1.1421,0.32587,-1.0079,0.33603
3.6739,-0.62539,1.8646,-1.3335,1.2303,0.27637,-1.0929,0.28921
3.77,-0.5578,1.976,-1.3082,1.3185,0.22511,-1.1781,0.24074
3.8643,-0.48791,2.0867,-1.2801,1.4067,0.17212,-1.2635,0.19065
3.9568,-0.41577,2.1965,-1.2492,1.4948,0.11744,-1.3489,0.13896
4.0474,-0.34148,2.3056,-1.2155,1.5829,0.061105,-1.4344,0.08571
4.1361,-0.2651,2.4137,-1.1791,1.6707,0.0031544,-1.5198,0.030922
4.2228,-0.18673,2.5208,-1.14,1.7583,-0.056368,-1.6052,-0.025369
4.3075,-0.10644,2.6268,-1.0981,1.8456,-0.11742,-1.6905,-0.083125
4.3901,-0.024334,2.7317,-1.0536,1.9325,-0.17994,-1.7755,-0.14231
4.4705,0.059505,2.8353,-1.0065,2.0191,-0.2439,-1.8604,-0.20288
4.5488,0.14498,2.9377,-0.95673,2.1051,-0.30923,-1.945,-0.2648
4.6247,0.23199,3.0387,-0.90444,2.1906,-0.37588,-2.0292,-0.32802
4.6985,0.32044,3.1383,-0.84965,2.2756,-0.44379,-2.113,-0.3925
4.7698,0.41023,3.2364,-0.7924,2.3598,-0.5129,-2.1964,-0.45818
4.8388,0.50126,3.333,-0.73275,2.4434,-0.58316,-2.2793,-0.52503
4.9054,0.59341,3.4279,-0.67075,2.5261,-0.65449,-2.3616,-0.59297
4.9695,0.68658,3.5212,-0.60647,2.6081,-0.72683,-2.4433,-0.66197
5.0311,0.78066,3.6127,-0.53997,2.6891,-0.80011,-2.5243,-0.73197
5.0901,0.87555,3.7025,-0.47132,2.7692,-0.87427,-2.6046,-0.8029
5.1466,0.97113,3.7904,-0.40059,2.8483,-0.94923,-2.6842,-0.87472
5.2005,1.0673,3.8764,-0.32784,2.9263,-1.0249,-2.7629,-0.94736
5.2517,1.1639,3.9604,-0.25316,3.0032,-1.1013,-2.8407,-1.0208
5.3002,1.2609,4.0424,-0.17663,3.0789,-1.1782,-2.9175,-1.0948
5.3461,1.3581,4.1224,-0.098317,3.1534,-1.2556,-2.9934,-1.1696
5.3892,1.4554,4.2002,-0.018317,3.2266,-1.3335,-3.0683,-1.2448
5.4295,1.5527,4.2759,0.063288,3.2985,-1.4117,-3.142,-1.3206
5.4671,1.65,4.3494,0.14641,3.3689,-1.4902,-3.2146,-1.3968
5.5019,1.747,4.4206,0.23095,3.4379,-1.5688,-3.286,-1.4734
5.5338,1.8436,4.4896,0.31683,3.5054,-1.6476,-3.3562,-1.5503
5.5629,1.9399,4.5562,0.40394,3.5714,-1.7264,-3.4251,-1.6274
5.5891,2.0355,4.6204,0.4922,3.6358,-1.8051,-3.4926,-1.7046
5.6125,2.1305,4.6822,0.5815,3.6985,-1.8837,-3.5587,-1.7819
5.6329,2.2246,4.7416,0.67174,3.7595,-1.9621,-3.6234,-1.8592
5.6505,2.3179,4.7985,0.76282,3.8188,-2.0402,-3.6866,-1.9365
5.6651,2.4102,4.8529,0.85465,3.8762,-2.1179,-3.7483,-2.0136
5.6769,2.5014,4.9047,0.94711,3.9319,-2.1951,-3.8085,-2.0905
5.6857,2.5913,4.9539,1.0401,3.9857,-2.2718,-3.867,-2.1671
5.6916,2.6799,5.0006,1.1335,4.0375,-2.3478,-3.9238,-2.2434
5.6946,2.7671,5.0446,1.2273,4.0874,-2.4231,-3.979,-2.3192
5.6946,2.8527,5.086,1.3212,4.1354,-2.4976,-4.0324,-2.3945
5.6917,2.9367,5.1246,1.4153,4.1813,-2.5713,-4.0841,-2.4692
5.6859,3.019,5.1606,1.5094,4.2251,-2.644,-4.1339,-2.5433
5.6772,3.0995,5.1939,1.6034,4.2668,-2.7157,-4.1819,-2.6166
5.6656,3.1781,5.2245,1.6971,4.3064,-2.7862,-4.228,-2.6891
5.6511,3.2547,5.2523,1.7906,4.3439,-2.8556,-4.2722,-2.7608
5.6337,3.3292,5.2774,1.8836,4.3792,-2.9238,-4.3145,-2.8315
5.6134,3.4016,5.2997,1.9761,4.4122,-2.9906,-4.3548,-2.9012
5.5903,3.4717,5.3192,2.068,4.443,-3.056,-4.3931,-2.9698
5.5643,3.5395,5.336,2.1592,4.4716,-3.1199,-4.4293,-3.0373
5.5355,3.605,5.35,2.2495,4.4979,-3.1824,-4.4635,-3.1036
5.504,3.668,5.3612,2.3389,4.5219,-3.2432,-4.4956,-3.1686
5.4696,3.7284,5.3696,2.4272,4.5435,-3.3023,-4.5256,-3.2322
5.4325,3.7863,5.3752,2.5144,4.5629,-3.3598,-4.5535,-3.2945
5.3927,3.8416,5.378,2.6004,4.5799,-3.4154,-4.5793,-3.3552
5.3502,3.8942,5.3781,2.6851,4.5945,-3.4692,-4.6028,-3.4145
5.3051,3.944,5.3754,2.7684,4.6068,-3.5211,-4.6242,-3.4721
5.2573,3.9911,5.3699,2.8502,4.6167,-3.5711,-4.6434,-3.5282
5.2069,4.0353,5.3617,2.9303,4.6243,-3.6191,-4.6604,-3.5825
5.1539,4.0767,5.3507,3.0088,4.6294,-3.665,-4.6752,-3.6351
5.0984,4.1152,5.337,3.0855,4.6322,-3.7089,-4.6878,-3.6858
5.0405,4.1507,5.3205,3.1604,4.6326,-3.7506,-4.6981,-3.7348
4.98,4.1833,5.3014,3.2334,4.6306,-3.7902,-4.7062,-3.7818
4.9172,4.2129,5.2796,3.3043,4.6263,-3.8275,-4.712,-3.8269
4.8521,4.2395,5.2551,3.3732,4.6196,-3.8627,-4.7156,-3.87
4.7846,4.2631,5.228,3.44,4.6105,-3.8955,-4.717,-3.9111
4.7148,4.2836,5.1983,3.5045,4.5991,-3.9261,-4.7161,-3.9501
4.6428,4.3011,5.166,3.5668,4.5853,-3.9543,-4.7129,-3.9871
4.5687,4.3156,5.1311,3.6267,4.5693,-3.9802,-4.7076,-4.0219
4.4924,4.327,5.0937,3.6842,4.5509,-4.0038,-4.6999,-4.0546
4.414,4.3355,5.0537,3.7393,4.5303,-4.025,-4.6901,-4.085
4.3337,4.3408,5.0113,3.7918,4.5074,-4.0438,-4.678,-4.1133
4.2514,4.3432,4.9664,3.8418,4.4822,-4.0602,-4.6638,-4.1393
4.1671,4.3426,4.9191,3.8893,4.4549,-4.0742,-4.6473,-4.1631
4.081,4.3389,4.8695,3.934,4.4253,-4.0858,-4.6287,-4.1846
3.9931,4.3324,4.8175,3.9761,4.3936,-4.095,-4.6079,-4.2038
3.9035,4.3228,4.7632,4.0155,4.3598,-4.1017,-4.585,-4.2208
3.8122,4.3104,4.7066,4.0521,4.3238,-4.1061,-4.5599,-4.2354
3.7193,4.2951,4.6477,4.086,4.2858,-4.1081,-4.5328,-4.2476
3.6248,4.277,4.5867,4.117,4.2458,-4.1077,-4.5035,-4.2576
3.5288,4.256,4.5236,4.1452,4.2038,-4.105,-4.4722,-4.2652
3.4314,4.2323,4.4583,4.1706,4.1598,-4.0998,-4.4389,-4.2705
3.3327,4.2059,4.391,4.1931,4.1139,-4.0924,-4.4036,-4.2735
3.2326,4.1768,4.3216,4.2128,4.0662,-4.0826,-4.3663,-4.2741
3.1312,4.1451,4.2503,4.2296,4.0166,-4.0706,-4.327,-4.2724
3.0287,4.1108,4.1771,4.2434,3.9652,-4.0563,-4.2858,-4.2684
2.9251,4.0739,4.102,4.2544,3.912,-4.0397,-4.2428,-4.2621
2.8204,4.0347,4.0251,4.2626,3.8572,-4.021,-4.1979,-4.2535
2.7147,3.993,3.9463,4.2678,3.8007,-4.0001,-4.1512,-4.2427
2.6082,3.9489,3.8659,4.2702,3.7426,-3.9771,-4.1027,-4.2295
2.5007,3.9026,3.7838,4.2697,3.6829,-3.952,-4.0525,-4.2142
2.3925,3.8541,3.7,4.2664,3.6218,-3.9248,-4.0006,-4.1966
2.2835,3.8034,3.6147,4.2602,3.5591,-3.8956,-3.947,-4.1769
2.1739,3.7506,3.5279,4.2512,3.4951,-3.8644,-3.8917,-4.155
2.0637,3.6958,3.4396,4.2395,3.4297,-3.8314,-3.8349,-4.1309
1.953,3.639,3.3498,4.225,3.3631,-3.7964,-3.7766,-4.1048
1.8418,3.5804,3.2587,4.2077,3.2952,-3.7597,-3.7167,-4.0766
1.7301,3.52,3.1664,4.1877,3.2261,-3.7211,-3.6554,-4.0463
1.6182,3.4578,3.0727,4.1651,3.1558,-3.6808,-3.5927,-4.014
1.506,3.394,2.9779,4.1399,3.0845,-3.6389,-3.5286,-3.9798
1.3936,3.3285,2.8819,4.112,3.0122,-3.5954,-3.4632,-3.9436
1.281,3.2616,2.7848,4.0816,2.9388,-3.5503,-3.3966,-3.9055
1.1683,3.1932,2.6868,4.0487,2.8646,-3.5036,-3.3286,-3.8656
1.0556,3.1234,2.5877,4.0133,2.7895,-3.4556,-3.2595,-3.8238
0.94297,3.0523,2.4877,3.9755,2.7136,-3.4061,-3.1893,-3.7803
0.8304,2.9801,2.3869,3.9353,2.637,-3.3554,-3.1179,-3.735
0.71799,2.9066,2.2852,3.8928,2.5597,-3.3033,-3.0456,-3.6881
0.60578,2.8321,2.1828,3.848,2.4817,-3.2501,-2.9722,-3.6395
0.49383,2.7566,2.0797,3.801,2.4032,-3.1956,-2.8978,-3.5894
0.3822,2.6802,1.976,3.7518,2.3241,-3.1401,-2.8226,-3.5377
0.27095,2.6029,1.8717,3.7005,2.2446,-3.0836,-2.7465,-3.4845
0.16012,2.5248,1.7669,3.6472,2.1646,-3.0261,-2.6696,-3.4298
0.049759,2.446,1.6615,3.5919,2.0843,-2.9676,-2.5919,-3.3738
-0.060072,2.3665,1.5558,3.5347,2.0037,-2.9084,-2.5135,-3.3164
-0.16933,2.2864,1.4497,3.4755,1.9228,-2.8483,-2.4344,-3.2577
-0.27797,2.2059,1.3433,3.4146,1.8417,-2.7874,-2.3547,-3.1977
-0.38593,2.1248,1.2367,3.3519,1.7604,-2.7259,-2.2744,-3.1366
-0.49319,2.0434,1.1298,3.2875,1.679,-2.6638,-2.1936,-3.0743
-0.59969,1.9617,1.0228,3.2215,1.5976,-2.6011,-2.1123,-3.0109
-0.7054,1.8796,0.9157,3.1539,1.5162,-2.5378,-2.0305,-2.9464
-0.81027,1.7974,0.80854,3.0849,1.4347,-2.4742,-1.9484,-2.881
-0.91427,1.715,0.70139,3.0144,1.3534,-2.4101,-1.8658,-2.8146
-1.0174,1.6325,0.59429,2.9425,1.2721,-2.3456,-1.783,-2.7472
-1.1195,1.5499,0.48729,2.8693,1.1911,-2.2808,-1.6999,-2.6791
-1.2207,1.4673,0.38044,2.7949,1.1102,-2.2158,-1.6165,-2.6101
-1.3208,1.3848,0.27379,2.7192,1.0295,-2.1506,-1.5329,-2.5403
-1.4199,1.3024,0.16739,2.6425,0.94918,-2.0852,-1.4492,-2.4699
-1.518,1.2201,0.061274,2.5647,0.86913,-2.0196,-1.3653,-2.3988
-1.615,1.1379,-0.044502,2.4859,0.78944,-1.954,-1.2814,-2.327
-1.7108,1.056,-0.1499,2.4062,0.71012,-1.8884,-1.1974,-2.2547
-1.8055,0.97436,-0.25487,2.3256,0.63122,-1.8227,-1.1134,-2.1818
-1.899,0.89297,-0.35937,2.2442,0.55276,-1.7571,-1.0294,-2.1085
-1.9914,0.8119,-0.46336,2.1621,0.47478,-1.6916,-0.94542,-2.0346
-2.0825,0.73117,-0.56681,2.0792,0.3973,-1.6262,-0.86155,-1.9604
-2.1725,0.65082,-0.66966,1.9957,0.32034,-1.5609,-0.77779,-1.8858
-2.2612,0.57087,-0.77189,1.9117,0.24394,-1.4957,-0.69417,-1.8109
-2.3486,0.49134,-0.87345,1.8271,0.16811,-1.4308,-0.61072,-1.7357
-2.4349,0.41226,-0.97431,1.742,0.092865,-1.3661,-0.52746,-1.6602
-2.5198,0.33364,-1.0744,1.6565,0.018235,-1.3016,-0.44442,-1.5845
-2.6035,0.25549,-1.1738,1.5707,-0.055766,-1.2374,-0.36163,-1.5086
-2.6859,0.17784,-1.2723,1.4845,-0.12912,-1.1735,-0.2791,-1.4325
-2.767,0.1007,-1.37,1.3981,-0.20182,-1.1099,-0.19687,-1.3563
-2.8468,0.024079,-1.4669,1.3115,-0.27385,-1.0466,-0.11495,-1.28
-2.9253,-0.052018,-1.5628,1.2246,-0.3452,-0.98364,-0.033366,-1.2037
-3.0026,-0.12758,-1.6578,1.1377,-0.41587,-0.92101,0.047869,-1.1273
-3.0785,-0.20261,-1.7519,1.0507,-0.48583,-0.85873,0.12873,-1.0508
-3.1531,-0.27709,-1.845,0.96366,-0.5551,-0.7968,0.20921,-0.9744
-3.2265,-0.35103,-1.937,0.87661,-0.62366,-0.73523,0.28929,-0.898
-3.2986,-0.42443,-2.0281,0.78961,-0.69151,-0.67403,0.36895,-0.82165
-3.3694,-0.49728,-2.118,0.70269,-0.75866,-0.61319,0.44818,-0.74537
-3.4389,-0.56959,-2.2069,0.61589,-0.82509,-0.55271,0.52696,-0.66917
-3.5071,-0.64137,-2.2947,0.52924,-0.89082,-0.4926,0.60529,-0.59308
-3.5741,-0.71262,-2.3814,0.44279,-0.95585,-0.43284,0.68315,-0.51711
-3.6398,-0.78334,-2.467,0.35655,-1.0202,-0.37343,0.76053,-0.44127
-3.7043,-0.85355,-2.5513,0.27056,-1.0838,-0.31436,0.83743,-0.36559
-3.7675,-0.92325,-2.6345,0.18486,-1.1468,-0.25562,0.91384,-0.29007
-3.8295,-0.99245,-2.7165,0.099463,-1.209,-0.19721,0.98974,-0.21472
-3.8903,-1.0612,-2.7973,0.014405,-1.2706,-0.13911,1.0651,-0.13957
-3.9499,-1.1294,-2.8769,-0.070291,-1.3316,-0.08131,1.14,-0.064603
-4.0082,-1.1972,-2.9553,-0.1546,-1.3919,-0.02379,1.2144,0.010154
-4.0654,-1.2645,-3.0323,-0.2385,-1.4515,0.033461,1.2882,0.084699
-4.1214,-1.3313,-3.1082,-0.32196,-1.5105,0.090462,1.3615,0.15902
-4.1762,-1.3978,-3.1827,-0.40497,-1.569,0.14723,1.4342,0.23312
-4.2299,-1.4638,-3.256,-0.48751,-1.6268,0.20378,1.5064,0.30698
-4.2824,-1.5294,-3.3279,-0.56956,-1.684,0.26013,1.5781,0.38061
-4.3338,-1.5946,-3.3986,-0.65109,-1.7407,0.31631,1.6492,0.454
-4.384,-1.6594,-3.4679,-0.7321,-1.7968,0.37233,1.7198,0.52713
-4.4332,-1.7239,-3.5359,-0.81257,-1.8524,0.42821,1.7898,0.60002
-4.4812,-1.788,-3.6026,-0.89247,-1.9074,0.48398,1.8593,0.67265
-4.5281,-1.8517,-3.668,-0.97181,-1.9619,0.53965,1.9281,0.74503
-4.5739,-1.9151,-3.732,-1.0506,-2.016,0.59525,1.9965,0.81715
-4.6186,-1.9782,-3.7946,-1.1287,-2.0696,0.65079,2.0642,0.889
-4.6623,-2.041,-3.8559,-1.2062,-2.1227,0.7063,2.1314,0.96059
-4.7049,-2.1034,-3.9158,-1.2831,-2.1753,0.7618,2.198,1.0319
-4.7464,-2.1656,-3.9743,-1.3594,-2.2275,0.81731,2.264,1.103
-4.7869,-2.2275,-4.0315,-1.435,-2.2793,0.87284,2.3295,1.1737
-4.8263,-2.289,-4.0872,-1.51,-2.3307,0.92842,2.3943,1.2442
-4.8646,-2.3503,-4.1416,-1.5843,-2.3817,0.98407,2.4586,1.3145
-4.9019,-2.4113,-4.1946,-1.6579,-2.4324,1.0398,2.5222,1.3844
-4.9382,-2.472,-4.2461,-1.7309,-2.4826,1.0956,2.5852,1.454
-4.9734,-2.5325,-4.2963,-1.8031,-2.5325,1.1516,2.6477,1.5234
-5.0075,-2.5926,-4.345,-1.8746,-2.5821,1.2076,2.7095,1.5924
-5.0406,-2.6525,-4.3923,-1.9454,-2.6313,1.2639,2.7706,1.6612
-5.0727,-2.7122,-4.4382,-2.0155,-2.6801,1.3202,2.8312,1.7296
-5.1037,-2.7715,-4.4826,-2.0848,-2.7287,1.3768,2.891,1.7977
-5.1336,-2.8305,-4.5256,-2.1534,-2.7769,1.4335,2.9502,1.8655
-5.1625,-2.8893,-4.5672,-2.2212,-2.8249,1.4904,3.0088,1.9329
-5.1903,-2.9478,-4.6073,-2.2882,-2.8725,1.5475,3.0666,2
-5.217,-3.0059,-4.6459,-2.3544,-2.9198,1.6048,3.1238,2.0668
-5.2426,-3.0637,-4.683,-2.4199,-2.9668,1.6623,3.1802,2.1332
-5.2672,-3.1213,-4.7187,-2.4845,-3.0135,1.7201,3.2359,2.1992
-5.2906,-3.1784,-4.7528,-2.5483,-3.0599,1.778,3.2909,2.2647
-5.3129,-3.2352,-4.7855,-2.6113,-3.106,1.8361,3.3451,2.3299
-5.3341,-3.2916,-4.8166,-2.6734,-3.1517,1.8944,3.3985,2.3947
-5.3542,-3.3477,-4.8463,-2.7347,-3.1972,1.953,3.4511,2.459
-5.373,-3.4033,-4.8744,-2.7951,-3.2423,2.0117,3.5029,2.5229
-5.3908,-3.4585,-4.901,-2.8546,-3.2871,2.0706,3.5539,2.5862
-5.4073,-3.5133,-4.926,-2.9132,-3.3315,2.1297,3.604,2.6491
-5.4226,-3.5676,-4.9494,-2.9708,-3.3756,2.1889,3.6532,2.7115
-5.4367,-3.6214,-4.9713,-3.0276,-3.4193,2.2483,3.7015,2.7733
-5.4496,-3.6746,-4.9916,-3.0833,-3.4627,2.3078,3.7489,2.8345
-5.4612,-3.7274,-5.0103,-3.1381,-3.5056,2.3675,3.7953,2.8952
-5.4715,-3.7795,-5.0274,-3.1919,-3.5482,2.4272,3.8407,2.9552
-5.4805,-3.831,-5.0429,-3.2447,-3.5902,2.487,3.8851,3.0146
-5.4882,-3.8819,-5.0567,-3.2965,-3.6319,2.5469,3.9285,3.0733
-5.4946,-3.9322,-5.0689,-3.3472,-3.673,2.6068,3.9708,3.1314
-5.4995,-3.9817,-5.0795,-3.3968,-3.7137,2.6667,4.0121,3.1887
-5.5031,-4.0305,-5.0883,-3.4454,-3.7539,2.7265,4.0522,3.2452
-5.5053,-4.0786,-5.0955,-3.4928,-3.7935,2.7863,4.0911,3.301
-5.5061,-4.1258,-5.101,-3.5392,-3.8325,2.846,4.1289,3.3559
-5.5053,-4.1722,-5.1048,-3.5843,-3.8709,2.9056,4.1655,3.41
-5.5031,-4.2178,-5.1068,-3.6283,-3.9087,2.965,4.2008,3.4632
-5.4994,-4.2624,-5.1071,-3.6711,-3.9459,3.0243,4.2348,3.5155
-5.4942,-4.3061,-5.1057,-3.7126,-3.9823,3.0832,4.2675,3.5668
-5.4874,-4.3488,-5.1025,-3.7529,-4.0181,3.1419,4.2989,3.6171
-5.479,-4.3904,-5.0975,-3.792,-4.053,3.2003,4.3289,3.6664
-5.469,-4.431,-5.0907,-3.8297,-4.0872,3.2584,4.3575,3.7147
-5.4573,-4.4705,-5.0821,-3.8661,-4.1206,3.316,4.3847,3.7618
-5.444,-4.5088,-5.0717,-3.9012,-4.1531,3.3731,4.4103,3.8078
-5.4291,-4.5459,-5.0595,-3.9349,-4.1847,3.4298,4.4345,3.8527
-5.4124,-4.5818,-5.0455,-3.9673,-4.2154,3.4859,4.4571,3.8963
-5.394,-4.6164,-5.0295,-3.9982,-4.2452,3.5415,4.4782,3.9387
-5.3738,-4.6497,-5.0118,-4.0277,-4.2739,3.5964,4.4976,3.9797
-5.3518,-4.6816,-4.9921,-4.0557,-4.3016,3.6505,4.5155,4.0195
-5.3281,-4.7121,-4.9706,-4.0822,-4.3282,3.704,4.5316,4.0579
-5.3025,-4.7412,-4.9471,-4.1072,-4.3537,3.7566,4.5461,4.0949
-5.2751,-4.7688,-4.9218,-4.1306,-4.3781,3.8084,4.5588,4.1305
-5.2459,-4.7949,-4.8946,-4.1525,-4.4012,3.8593,4.5697,4.1646
-5.2147,-4.8193,-4.8654,-4.1728,-4.4231,3.9093,4.5789,4.1971
-5.1817,-4.8422,-4.8343,-4.1915,-4.4438,3.9582,4.5863,4.2281
-5.1467,-4.8634,-4.8013,-4.2086,-4.4631,4.0061,4.5918,4.2576
-5.1098,-4.8829,-4.7664,-4.224,-4.4811,4.0528,4.5954,4.2854
-5.071,-4.9007,-4.7295,-4.2377,-4.4977,4.0984,4.5971,4.3115
-5.0302,-4.9167,-4.6906,-4.2497,-4.5129,4.1428,4.5969,4.336
-4.9874,-4.9308,-4.6499,-4.26,-4.5266,4.1859,4.5948,4.3587
-4.9427,-4.9432,-4.6071,-4.2686,-4.5388,4.2276,4.5907,4.3796
-4.8959,-4.9536,-4.5625,-4.2754,-4.5495,4.268,4.5846,4.3988
-4.8472,-4.9621,-4.5158,-4.2804,-4.5587,4.3069,4.5765,4.4161
-4.7964,-4.9687,-4.4673,-4.2836,-4.5662,4.3443,4.5663,4.4316
-4.7436,-4.9732,-4.4167,-4.285,-4.5721,4.3802,4.5541,4.4452
-4.6888,-4.9757,-4.3643,-4.2845,-4.5763,4.4145,4.5399,4.4568
-4.632,-4.9762,-4.3099,-4.2822,-4.5788,4.4472,4.5235,4.4665
-4.5732,-4.9746,-4.2536,-4.2781,-4.5796,4.4781,4.5051,4.4743
-4.5123,-4.9708,-4.1953,-4.272,-4.5786,4.5073,4.4845,4.48
-4.4495,-4.965,-4.1352,-4.264,-4.5758,4.5348,4.4619,4.4838
-4.3846,-4.9569,-4.0731,-4.2541,-4.5712,4.5604,4.4371,4.4854
-4.3177,-4.9466,-4.0092,-4.2423,-4.5648,4.5841,4.4102,4.485
-4.2488,-4.9342,-3.9434,-4.2286,-4.5565,4.6059,4.3812,4.4826
-4.1779,-4.9195,-3.8757,-4.2129,-4.5463,4.6258,4.35,4.478
-4.105,-4.9025,-3.8062,-4.1953,-4.5341,4.6436,4.3166,4.4713
-4.0302,-4.8832,-3.7348,-4.1757,-4.5201,4.6594,4.2812,4.4625
-3.9535,-4.8617,-3.6617,-4.1541,-4.5041,4.6731,4.2436,4.4515
-3.8748,-4.8378,-3.5867,-4.1306,-4.4861,4.6847,4.2038,4.4383
-3.7942,-4.8117,-3.51,-4.1051,-4.4662,4.6942,4.162,4.423
-3.7118,-4.7832,-3.4315,-4.0776,-4.4442,4.7014,4.118,4.4055
-3.6274,-4.7523,-3.3514,-4.0481,-4.4203,4.7065,4.0719,4.3858
-3.5413,-4.7191,-3.2695,-4.0167,-4.3943,4.7093,4.0237,4.3639
-3.4534,-4.6836,-3.186,-3.9833,-4.3663,4.7099,3.9735,4.3398
-3.3637,-4.6458,-3.1008,-3.9479,-4.3363,4.7082,3.9211,4.3135
-3.2722,-4.6055,-3.014,-3.9105,-4.3043,4.7042,3.8667,4.2851
-3.1791,-4.563,-2.9257,-3.8712,-4.2702,4.6978,3.8103,4.2544
-3.0843,-4.5181,-2.8358,-3.8299,-4.2341,4.6891,3.7519,4.2215
-2.9879,-4.4709,-2.7445,-3.7867,-4.196,4.6781,3.6915,4.1865
-2.8899,-4.4213,-2.6516,-3.7416,-4.1558,4.6646,3.6291,4.1493
-2.7905,-4.3694,-2.5574,-3.6945,-4.1136,4.6488,3.5649,4.1099
-2.6895,-4.3153,-2.4617,-3.6455,-4.0694,4.6306,3.4987,4.0684
-2.5871,-4.2589,-2.3648,-3.5947,-4.0233,4.6101,3.4306,4.0247
-2.4833,-4.2002,-2.2665,-3.542,-3.9751,4.5871,3.3607,3.979
-2.3782,-4.1393,-2.167,-3.4874,-3.925,4.5617,3.2891,3.9311
-2.2719,-4.0761,-2.0663,-3.4309,-3.8729,4.534,3.2156,3.8812
-2.1643,-4.0108,-1.9644,-3.3727,-3.8189,4.5038,3.1405,3.8292
-2.0556,-3.9433,-1.8614,-3.3127,-3.763,4.4713,3.0636,3.7752
-1.9458,-3.8737,-1.7574,-3.2509,-3.7053,4.4365,2.9852,3.7192
-1.8349,-3.802,-1.6524,-3.1874,-3.6457,4.3992,2.9051,3.6612
-1.7232,-3.7282,-1.5464,-3.1222,-3.5842,4.3597,2.8236,3.6013
-1.6105,-3.6524,-1.4396,-3.0553,-3.521,4.3178,2.7405,3.5395
-1.497,-3.5747,-1.3319,-2.9867,-3.456,4.2736,2.656,3.4758
-1.3828,-3.495,-1.2234,-2.9165,-3.3893,4.2271,2.5701,3.4103
-1.2679,-3.4134,-1.1142,-2.8448,-3.321,4.1784,2.4828,3.3431
-1.1524,-3.3299,-1.0044,-2.7715,-3.251,4.1275,2.3943,3.274
-1.0364,-3.2446,-0.89397,-2.6967,-3.1794,4.0744,2.3046,3.2033
-0.92,-3.1576,-0.78302,-2.6205,-3.1062,4.0191,2.2137,3.1309
-0.8032,-3.0689,-0.67161,-2.5428,-3.0316,3.9617,2.1218,3.0569
-0.68612,-2.9785,-0.5598,-2.4638,-2.9554,3.9023,2.0288,2.9814
-0.56884,-2.8865,-0.44766,-2.3834,-2.8779,3.8408,1.9348,2.9043
-0.45145,-2.793,-0.33526,-2.3017,-2.7991,3.7773,1.8399,2.8258
-0.33403,-2.6981,-0.22266,-2.2188,-2.7189,3.7118,1.7442,2.7459
-0.21666,-2.6017,-0.10993,-2.1346,-2.6375,3.6445,1.6477,2.6646
-0.099438,-2.5039,0.0028476,-2.0494,-2.5549,3.5753,1.5504,2.5821
0.017559,-2.4049,0.11561,-1.963,-2.4712,3.5042,1.4526,2.4983
0.13424,-2.3046,0.22829,-1.8756,-2.3864,3.4315,1.3542,2.4133
0.25052,-2.2032,0.34081,-1.7872,-2.3006,3.357,1.2553,2.3273
0.3663,-2.1007,0.45309,-1.6978,-2.2138,3.2809,1.1559,2.2402
0.4815,-1.9971,0.56507,-1.6076,-2.1262,3.2033,1.0563,2.1522
0.59603,-1.8927,0.67666,-1.5166,-2.0378,3.1241,0.9563,2.0632
0.70981,-1.7873,0.78781,-1.4247,-1.9487,3.0435,0.85614,1.9734
0.82273,-1.6811,0.89842,-1.3322,-1.8588,2.9615,0.75585,1.8828
0.93472,-1.5742,1.0084,-1.239,-1.7684,2.8781,0.65551,1.7915
1.0457,-1.4666,1.1178,-1.1452,-1.6774,2.7935,0.5552,1.6995
1.1555,-1.3584,1.2263,-1.0509,-1.586,2.7078,0.45498,1.607
1.2642,-1.2497,1.3341,-0.95614,-1.4942,2.6209,0.35494,1.514
1.3716,-1.1405,1.4409,-0.86095,-1.4021,2.5329,0.25516,1.4205
1.4776,-1.031,1.5468,-0.76542,-1.3097,2.444,0.1557,1.3267
1.5821,-0.92124,1.6516,-0.6696,-1.2172,2.3542,0.056645,1.2327
1.6851,-0.81123,1.7553,-0.57356,-1.1246,2.2636,-0.041925,1.1384
1.7865,-0.70108,1.8578,-0.47736,-1.0319,2.1722,-0.13994,1.0439
1.8861,-0.59087,1.959,-0.38107,-0.93934,2.0801,-0.23732,0.94944
1.984,-0.48068,2.0588,-0.28476,-0.84689,1.9875,-0.33399,0.85495
2.08,-0.37058,2.1573,-0.18848,-0.75466,1.8943,-0.42988,0.76055
2.1741,-0.26064,2.2542,-0.092301,-0.6627,1.8007,-0.5249,0.66629
2.2662,-0.15095,2.3496,0.0037104,-0.57111,1.7066,-0.619,0.57227
2.3562,-0.041579,2.4433,0.099491,-0.47996,1.6124,-0.71209,0.47854
2.4441,0.0674,2.5353,0.19498,-0.38931,1.5178,-0.80411,0.38519
2.5297,0.17591,2.6256,0.2901,-0.29925,1.4232,-0.89497,0.29228
2.6131,0.28388,2.714,0.3848,-0.20985,1.3285,-0.98462,0.19988
2.6941,0.39124,2.8006,0.47901,-0.12118,1.2338,-1.073,0.10807
2.7727,0.49791,2.8851,0.57268,-0.033321,1.1392,-1.16,0.016915
2.8488,0.60382,2.9677,0.66572,0.053668,1.0447,-1.2456,-0.073519
2.9224,0.7089,3.0481,0.7581,0.13971,0.95054,-1.3296,-0.16316
2.9935,0.81309,3.1264,0.84973,0.22474,0.85665,-1.4122,-0.25195
3.0619,0.9163,3.2025,0.94056,0.30868,0.76316,-1.4931,-0.3398
3.1277,1.0185,3.2763,1.0305,0.39147,0.67014,-1.5724,-0.42667
3.1908,1.1196,3.3478,1.1196,0.47304,0.57764,-1.6499,-0.51249
3.2511,1.2195,3.4169,1.2077,0.55333,0.48576,-1.7256,-0.59719
3.3087,1.3182,3.4836,1.2947,0.63227,0.39455,-1.7994,-0.68071
3.3635,1.4156,3.5479,1.3806,0.70981,0.30409,-1.8714,-0.763
3.4154,1.5117,3.6096,1.4654,0.78589,0.21445,-1.9414,-0.84399
3.4645,1.6063,3.6688,1.549,0.86044,0.12568,-2.0094,-0.92363
3.5106,1.6995,3.7253,1.6314,0.93341,0.037859,-2.0754,-1.0019
3.5539,1.7912,3.7793,1.7124,1.0047,-0.048953,-2.1392,-1.0786
3.5943,1.8813,3.8305,1.792,1.0744,-0.13469,-2.2009,-1.1539
3.6318,1.9698,3.8791,1.8703,1.1423,-0.2193,-2.2605,-1.2276
3.6663,2.0566,3.9249,1.9471,1.2084,-0.30273,-2.3178,-1.2997
3.6979,2.1417,3.9679,2.0223,1.2727,-0.3849,-2.3728,-1.3701
3.7266,2.2251,4.0082,2.096,1.3352,-0.46577,-2.4256,-1.4388
3.7523,2.3066,4.0456,2.1682,1.3957,-0.54529,-2.476,-1.5058
3.7752,2.3863,4.0801,2.2386,1.4543,-0.6234,-2.5241,-1.571
3.7951,2.4641,4.1119,2.3074,1.5108,-0.70006,-2.5698,-1.6344
3.8122,2.5399,4.1407,2.3745,1.5654,-0.77521,-2.6131,-1.6959
3.8264,2.6138,4.1667,2.4398,1.6179,-0.84882,-2.654,-1.7555
3.8377,2.6857,4.1897,2.5033,1.6683,-0.92083,-2.6924,-1.8132
3.8462,2.7556,4.2099,2.5649,1.7166,-0.99121,-2.7284,-1.8689
3.852,2.8234,4.2271,2.6247,1.7628,-1.0599,-2.7619,-1.9227
3.855,2.8892,4.2415,2.6826,1.8068,-1.1269,-2.7929,-1.9744
3.8553,2.9528,4.2529,2.7386,1.8487,-1.1922,-2.8214,-2.0242
3.8529,3.0143,4.2614,2.7926,1.8884,-1.2557,-2.8475,-2.0718
3.8479,3.0737,4.2671,2.8446,1.9258,-1.3174,-2.871,-2.1174
3.8403,3.1308,4.2698,2.8946,1.9611,-1.3772,-2.892,-2.161
3.8302,3.1858,4.2697,2.9426,1.9941,-1.4352,-2.9106,-2.2024
3.8176,3.2387,4.2668,2.9885,2.025,-1.4914,-2.9267,-2.2417
3.8026,3.2893,4.261,3.0324,2.0536,-1.5456,-2.9402,-2.2789
3.7852,3.3376,4.2524,3.0741,2.08,-1.5979,-2.9513,-2.3139
3.7656,3.3838,4.241,3.1138,2.1041,-1.6483,-2.96,-2.3469
3.7437,3.4277,4.2268,3.1513,2.1261,-1.6967,-2.9662,-2.3777
3.7196,3.4694,4.21,3.1867,2.1459,-1.7432,-2.97,-2.4063
3.6934,3.5089,4.1904,3.22,2.1634,-1.7877,-2.9714,-2.4328
3.6653,3.5462,4.1682,3.2511,2.1788,-1.8302,-2.9705,-2.4573
3.6351,3.5812,4.1434,3.28,2.192,-1.8708,-2.9672,-2.4795
3.6031,3.614,4.116,3.3068,2.2031,-1.9094,-2.9616,-2.4997
3.5694,3.6445,4.086,3.3315,2.2121,-1.946,-2.9537,-2.5178
3.5339,3.6729,4.0536,3.3539,2.219,-1.9806,-2.9435,-2.5338
3.4967,3.6991,4.0188,3.3742,2.2238,-2.0132,-2.9311,-2.5477
3.458,3.7231,3.9815,3.3923,2.2266,-2.0439,-2.9166,-2.5596
3.4179,3.7449,3.9419,3.4083,2.2273,-2.0726,-2.8999,-2.5694
3.3764,3.7646,3.9001,3.4221,2.2261,-2.0994,-2.8812,-2.5772
3.3336,3.7822,3.856,3.4338,2.223,-2.1242,-2.8603,-2.583
3.2895,3.7976,3.8098,3.4433,2.2179,-2.1471,-2.8375,-2.5869
3.2444,3.8109,3.7615,3.4507,2.211,-2.1682,-2.8128,-2.5888
3.1983,3.8222,3.7111,3.456,2.2023,-2.1873,-2.7861,-2.5888
3.1512,3.8315,3.6588,3.4592,2.1918,-2.2045,-2.7576,-2.5869
3.1032,3.8387,3.6046,3.4603,2.1796,-2.2199,-2.7273,-2.5831
3.0545,3.8439,3.5485,3.4593,2.1657,-2.2335,-2.6953,-2.5776
3.0052,3.8472,3.4907,3.4563,2.1502,-2.2453,-2.6615,-2.5703
2.9553,3.8485,3.4312,3.4512,2.133,-2.2554,-2.6262,-2.5612
2.9049,3.8479,3.3701,3.4441,2.1144,-2.2636,-2.5893,-2.5504
2.854,3.8455,3.3074,3.4351,2.0943,-2.2702,-2.5509,-2.5379
2.8029,3.8412,3.2433,3.424,2.0727,-2.2751,-2.511,-2.5238
2.7516,3.8351,3.1777,3.4111,2.0498,-2.2783,-2.4698,-2.5081
2.7002,3.8273,3.1109,3.3962,2.0256,-2.28,-2.4273,-2.4908
2.6487,3.8177,3.0428,3.3794,2.0001,-2.28,-2.3835,-2.4721
2.5972,3.8064,2.9735,3.3607,1.9735,-2.2785,-2.3385,-2.4518
2.5459,3.7935,2.9032,3.3403,1.9457,-2.2755,-2.2925,-2.4302
2.4948,3.7789,2.8318,3.318,1.9169,-2.271,-2.2453,-2.4071
2.4439,3.7628,2.7595,3.2939,1.887,-2.265,-2.1972,-2.3828
2.3935,3.7451,2.6864,3.2681,1.8562,-2.2577,-2.1482,-2.3571
2.3435,3.7259,2.6125,3.2406,1.8245,-2.249,-2.0983,-2.3302
2.294,3.7052,2.5379,3.2114,1.792,-2.239,-2.0476,-2.3021
2.2452,3.6831,2.4627,3.1806,1.7587,-2.2278,-1.9963,-2.2729
2.197,3.6596,2.387,3.1482,1.7248,-2.2153,-1.9443,-2.2425
2.1496,3.6348,2.3108,3.1141,1.6902,-2.2016,-1.8917,-2.2111
2.1029,3.6087,2.2342,3.0786,1.6551,-2.1867,-1.8386,-2.1787
2.0572,3.5813,2.1573,3.0416,1.6194,-2.1708,-1.785,-2.1453
2.0124,3.5527,2.0803,3.003,1.5833,-2.1537,-1.7311,-2.1111
1.9686,3.5229,2.003,2.9631,1.5469,-2.1357,-1.6769,-2.0759
1.9259,3.492,1.9257,2.9218,1.5101,-2.1167,-1.6224,-2.0399
1.8843,3.46,1.8484,2.8791,1.4731,-2.0968,-1.5678,-2.0032
1.8438,3.4269,1.7712,2.8352,1.4358,-2.0759,-1.513,-1.9657
1.8046,3.3928,1.6942,2.7899,1.3985,-2.0542,-1.4582,-1.9275
1.7667,3.3578,1.6173,2.7435,1.3611,-2.0318,-1.4034,-1.8887
1.7301,3.3218,1.5408,2.6958,1.3237,-2.0085,-1.3487,-1.8493
1.6948,3.2849,1.4646,2.647,1.2863,-1.9846,-1.2941,-1.8094
1.661,3.2471,1.3888,2.597,1.249,-1.9599,-1.2397,-1.7689
1.6285,3.2086,1.3136,2.546,1.2119,-1.9347,-1.1855,-1.728
1.5976,3.1692,1.2388,2.494,1.1751,-1.9088,-1.1316,-1.6867
1.5681,3.1291,1.1647,2.441,1.1385,-1.8824,-1.0781,-1.6449
1.5402,3.0884,1.0913,2.387,1.1022,-1.8555,-1.025,-1.6029
1.5138,3.0469,1.0187,2.3321,1.0663,-1.8281,-0.97237,-1.5605
1.4889,3.0049,0.94678,2.2764,1.0308,-1.8003,-0.92023,-1.5178
1.4657,2.9622,0.87575,2.2198,0.99584,-1.7721,-0.86865,-1.475
1.4441,2.919,0.80562,2.1624,0.96137,-1.7435,-0.81768,-1.4319
1.424,2.8753,0.73645,2.1043,0.92747,-1.7146,-0.76735,-1.3886
1.4056,2.8311,0.66828,2.0454,0.89419,-1.6855,-0.71771,-1.3453
1.3888,2.7865,0.60115,1.9859,0.86156,-1.6561,-0.6688,-1.3018
1.3737,2.7414,0.53512,1.9257,0.82963,-1.6265,-0.62066,-1.2583
1.3601,2.696,0.47023,1.865,0.79843,-1.5967,-0.57333,-1.2147
1.3482,2.6503,0.40651,1.8037,0.768,-1.5668,-0.52683,-1.1712
1.3379,2.6042,0.34401,1.7418,0.73838,-1.5368,-0.48121,-1.1276
1.3292,2.5578,0.28276,1.6795,0.70961,-1.5067,-0.43649,-1.0841
1.3222,2.5112,0.22279,1.6167,0.6817,-1.4766,-0.3927,-1.0407
1.3166,2.4644,0.16413,1.5536,0.65469,-1.4464,-0.34987,-0.99737
1.3127,2.4174,0.10682,1.49,0.62861,-1.4163,-0.30802,-0.95416
1.3103,2.3702,0.050877,1.4261,0.60348,-1.3863,-0.26717,-0.91109
1.3094,2.3229,-0.0036716,1.3619,0.57933,-1.3562,-0.22734,-0.86818
1.31,2.2755,-0.056804,1.2975,0.55617,-1.3263,-0.18855,-0.82544
1.312,2.228,-0.1085,1.2328,0.53404,-1.2966,-0.15082,-0.78291
1.3155,2.1804,-0.15875,1.1679,0.51293,-1.2669,-0.11416,-0.74058
1.3204,2.1329,-0.20752,1.1028,0.49288,-1.2375,-0.078572,-0.69849
1.3267,2.0853,-0.25482,1.0377,0.47388,-1.2082,-0.044077,-0.65664
1.3343,2.0378,-0.30063,0.97238,0.45596,-1.1791,-0.010678,-0.61504
1.3431,1.9903,-0.34494,0.90704,0.43912,-1.1503,0.021621,-0.5737
1.3532,1.9428,-0.38774,0.84167,0.42337,-1.1218,0.052817,-0.53265
1.3645,1.8955,-0.42903,0.7763,0.40872,-1.0935,0.082908,-0.49188
1.377,1.8483,-0.46882,0.71096,0.39516,-1.0655,0.1119,-0.45141
1.3906,1.8012,-0.50709,0.64568,0.3827,-1.0377,0.13979,-0.41124
1.4052,1.7543,-0.54386,0.58049,0.37133,-1.0104,0.16658,-0.37138
1.4209,1.7075,-0.57912,0.51542,0.36106,-0.9833,0.19229,-0.33184
1.4375,1.661,-0.61289,0.45051,0.35188,-0.95659,0.21692,-0.29261
1.455,1.6146,-0.64517,0.38577,0.34378,-0.93023,0.24048,-0.25371
1.4733,1.5685,-0.67598,0.32124,0.33675,-0.90425,0.26299,-0.21514
1.4925,1.5227,-0.70532,0.25695,0.33079,-0.87864,0.28445,-0.17689
1.5124,1.4771,-0.73321,0.19292,0.32588,-0.85341,0.30489,-0.13898
1.5329,1.4318,-0.75967,0.12918,0.322,-0.82858,0.32432,-0.1014
1.5541,1.3868,-0.78472,0.065753,0.31914,-0.80416,0.34276,-0.064143
1.5758,1.3421,-0.80836,0.0026718,0.31729,-0.78014,0.36023,-0.02722
1.598,1.2977,-0.83063,-0.060041,0.31642,-0.75653,0.37676,0.0093736
1.6207,1.2537,-0.85155,-0.12236,0.31652,-0.73334,0.39236,0.04564
1.6437,1.2101,-0.87114,-0.18426,0.31756,-0.71058,0.40706,0.081581
1.667,1.1668,-0.88943,-0.24572,0.31951,-0.68824,0.42089,0.1172
1.6906,1.1239,-0.90644,-0.30672,0.32236,-0.66632,0.43387,0.1525
1.7143,1.0814,-0.9222,-0.36722,0.32607,-0.64483,0.44604,0.18748
1.7382,1.0393,-0.93675,-0.42721,0.33062,-0.62377,0.45741,0.22216
1.7621,0.99761,-0.95011,-0.48667,0.33598,-0.60314,0.46802,0.25652
1.786,0.95636,-0.96231,-0.54557,0.34212,-0.58294,0.4779,0.29059
1.8098,0.91556,-0.97338,-0.60389,0.34901,-0.56316,0.48708,0.32435
1.8335,0.8752,-0.98337,-0.66161,0.35661,-0.5438,0.49559,0.35782
1.857,0.8353,-0.9923,-0.71871,0.36489,-0.52487,0.50348,0.391
1.8802,0.79587,-1.0002,-0.77517,0.37381,-0.50635,0.51076,0.4239
1.9031,0.75692,-1.0071,-0.83097,0.38335,-0.48824,0.51747,0.45652
1.9256,0.71844,-1.0131,-0.88609,0.39345,-0.47054,0.52366,0.48887
1.9477,0.68046,-1.0182,-0.94051,0.4041,-0.45324,0.52934,0.52095
1.9692,0.64298,-1.0224,-0.9942,0.41524,-0.43634,0.53457,0.55276
1.9901,0.606,-1.0258,-1.0472,0.42684,-0.41983,0.53937,0.58432
2.0105,0.56953,-1.0284,-1.0994,0.43886,-0.40371,0.54377,0.61562
2.0301,0.53357,-1.0302,-1.1508,0.45126,-0.38796,0.54782,0.64668
2.049,0.49814,-1.0313,-1.2014,0.464,-0.37257,0.55155,0.67749
2.067,0.46323,-1.0318,-1.2513,0.47704,-0.35755,0.555,0.70806
2.0842,0.42885,-1.0316,-1.3003,0.49034,-0.34289,0.55819,0.73839
2.1005,0.395,-1.0308,-1.3485,0.50385,-0.32856,0.56117,0.76849
2.1158,0.36169,-1.0295,-1.3958,0.51753,-0.31457,0.56397,0.79836
2.1301,0.32892,-1.0277,-1.4422,0.53135,-0.3009,0.56663,0.828
2.1433,0.29669,-1.0253,-1.4878,0.54526,-0.28755,0.56917,0.85742
2.1553,0.265,-1.0226,-1.5324,0.55922,-0.2745,0.57164,0.88661
2.1662,0.23386,-1.0195,-1.5762,0.57318,-0.26175,0.57406,0.91559
2.1759,0.20327,-1.016,-1.619,0.58711,-0.24928,0.57648,0.94434
2.1843,0.17322,-1.0123,-1.6609,0.60097,-0.23709,0.57891,0.97288
2.1914,0.14372,-1.0082,-1.7018,0.6147,-0.22516,0.5814,1.0012
2.1971,0.11477,-1.004,-1.7417,0.62828,-0.21348,0.58397,1.0293
2.2015,0.086372,-0.9995,-1.7807,0.64165,-0.20204,0.58666,1.0572
2.2044,0.058518,-0.99489,-1.8187,0.65479,-0.19083,0.58949,1.0849
2.2059,0.031211,-0.99017,-1.8557,0.66764,-0.17983,0.59249,1.1123
2.2058,0.0044483,-0.98538,-1.8917,0.68018,-0.16905,0.59569,1.1395
2.2042,-0.021771,-0.98055,-1.9267,0.69236,-0.15845,0.59912,1.1665
2.2011,-0.047448,-0.97572,-1.9606,0.70414,-0.14805,0.6028,1.1933
2.1963,-0.072587,-0.97093,-1.9935,0.71549,-0.13781,0.60676,1.2198
2.1899,-0.09719,-0.9662,-2.0254,0.72636,-0.12773,0.61102,1.2461
2.1819,-0.12126,-0.96158,-2.0562,0.73673,-0.1178,0.61561,1.2722
2.1722,-0.1448,-0.9571,-2.086,0.74656,-0.10801,0.62054,1.298
2.1608,-0.16781,-0.95279,-2.1147,0.75581,-0.098348,0.62584,1.3236
2.1477,-0.1903,-0.94868,-2.1423,0.76445,-0.088797,0.63152,1.3489
2.1328,-0.21228,-0.94481,-2.1689,0.77245,-0.079349,0.63762,1.374
2.1163,-0.23374,-0.9412,-2.1944,0.77977,-0.069992,0.64413,1.3988
2.0979,-0.25469,-0.93788,-2.2188,0.78639,-0.060716,0.65108,1.4233
2.0778,-0.27514,-0.93488,-2.2422,0.79228,-0.05151,0.65849,1.4476
2.0559,-0.29509,-0.93223,-2.2644,0.7974,-0.042363,0.66637,1.4715
2.0322,-0.31455,-0.92996,-2.2856,0.80173,-0.033264,0.67473,1.4952
2.0068,-0.33352,-0.92809,-2.3056,0.80525,-0.024203,0.68359,1.5186
1.9795,-0.35201,-0.92664,-2.3246,0.80793,-0.015169,0.69295,1.5416
1.9505,-0.37003,-0.92564,-2.3425,0.80974,-0.0061523,0.70282,1.5643
1.9196,-0.38758,-0.92511,-2.3594,0.81066,0.0028567,0.71322,1.5868
1.887,-0.40467,-0.92507,-2.3751,0.81068,0.011868,0.72414,1.6088
1.8526,-0.42131,-0.92554,-2.3898,0.80977,0.020891,0.7356,1.6306
1.8164,-0.43749,-0.92653,-2.4033,0.80792,0.029935,0.7476,1.652
1.7785,-0.45324,-0.92808,-2.4159,0.8051,0.039008,0.76014,1.673
1.7388,-0.46855,-0.93019,-2.4273,0.8013,0.04812,0.77323,1.6936
1.6974,-0.48344,-0.93287,-2.4377,0.79651,0.057279,0.78687,1.7139
1.6542,-0.49791,-0.93615,-2.447,0.79071,0.066493,0.80106,1.7338
1.6094,-0.51197,-0.94003,-2.4553,0.78389,0.07577,0.81579,1.7533
1.5629,-0.52563,-0.94452,-2.4626,0.77605,0.085117,0.83107,1.7724
1.5147,-0.53889,-0.94965,-2.4688,0.76716,0.094541,0.84689,1.791
1.465,-0.55176,-0.9554,-2.474,0.75723,0.10405,0.86324,1.8093
1.4136,-0.56426,-0.9618,-2.4782,0.74625,0.11365,0.88013,1.8271
1.3606,-0.57638,-0.96885,-2.4814,0.73422,0.12335,0.89755,1.8444
1.3061,-0.58814,-0.97655,-2.4835,0.72112,0.13315,0.91549,1.8614
1.2501,-0.59954,-0.98491,-2.4848,0.70697,0.14306,0.93394,1.8778
1.1927,-0.61059,-0.99393,-2.485,0.69175,0.15308,0.95289,1.8938
1.1338,-0.62131,-1.0036,-2.4843,0.67548,0.16322,0.97234,1.9093
1.0735,-0.63169,-1.014,-2.4826,0.65815,0.17348,0.99226,1.9244
1.0118,-0.64174,-1.025,-2.48,0.63976,0.18387,1.0127,1.9389
0.94888,-0.65148,-1.0366,-2.4765,0.62033,0.1944,1.0335,1.953
0.88466,-0.66091,-1.049,-2.4721,0.59986,0.20505,1.0548,1.9666
0.81921,-0.67003,-1.0619,-2.4668,0.57835,0.21585,1.0765,1.9796
0.7526,-0.67886,-1.0755,-2.4607,0.55582,0.22678,1.0987,1.9922
0.68485,-0.68741,-1.0898,-2.4537,0.53228,0.23785,1.1212,2.0042
0.61603,-0.69568,-1.1047,-2.4458,0.50774,0.24907,1.1441,2.0158
0.54619,-0.70367,-1.1202,-2.4372,0.48222,0.26043,1.1674,2.0268
0.47537,-0.7114,-1.1363,-2.4277,0.45572,0.27194,1.1911,2.0372
0.40364,-0.71887,-1.153,-2.4175,0.42827,0.28359,1.215,2.0472
0.33105,-0.72609,-1.1703,-2.4064,0.39989,0.29539,1.2393,2.0566
0.25766,-0.73307,-1.1881,-2.3947,0.37058,0.30734,1.2638,2.0654
0.18352,-0.73981,-1.2066,-2.3822,0.34038,0.31943,1.2887,2.0738
0.1087,-0.74632,-1.2255,-2.369,0.30931,0.33167,1.3137,2.0816
0.033251,-0.7526,-1.245,-2.3551,0.27737,0.34405,1.339,2.0888
-0.04276,-0.75867,-1.2649,-2.3405,0.24461,0.35656,1.3645,2.0955
-0.11927,-0.76453,-1.2854,-2.3252,0.21105,0.36922,1.3902,2.1017
-0.19623,-0.77019,-1.3063,-2.3094,0.1767,0.38201,1.416,2.1073
-0.27355,-0.77565,-1.3276,-2.2929,0.1416,0.39494,1.442,2.1124
-0.35119,-0.78092,-1.3494,-2.2758,0.10578,0.40799,1.4681,2.1169
-0.42908,-0.786,-1.3715,-2.2581,0.069261,0.42117,1.4942,2.1209
-0.50714,-0.7909,-1.394,-2.2399,0.032077,0.43447,1.5204,2.1243
-0.58532,-0.79564,-1.4169,-2.2211,-0.0057413,0.44789,1.5467,2.1273
-0.66354,-0.8002,-1.4401,-2.2018,-0.044162,0.46141,1.573,2.1296
-0.74175,-0.80461,-1.4635,-2.182,-0.083153,0.47504,1.5992,2.1315
-0.81987,-0.80886,-1.4872,-2.1617,-0.12268,0.48877,1.6254,2.1328
-0.89784,-0.81296,-1.5111,-2.1409,-0.16271,0.5026,1.6515,2.1336
-0.9756,-0.81693,-1.5353,-2.1197,-0.20321,0.5165,1.6776,2.1339
-1.0531,-0.82075,-1.5596,-2.0981,-0.24414,0.53049,1.7035,2.1336
-1.1302,-0.82445,-1.584,-2.0761,-0.28547,0.54456,1.7292,2.1328
-1.2069,-0.82802,-1.6085,-2.0536,-0.32715,0.55868,1.7548,2.1316
-1.2831,-0.83148,-1.6331,-2.0308,-0.36916,0.57286,1.7802,2.1298
-1.3587,-0.83482,-1.6578,-2.0076,-0.41145,0.5871,1.8054,2.1275
-1.4337,-0.83806,-1.6824,-1.9841,-0.45398,0.60137,1.8303,2.1247
-1.5081,-0.8412,-1.707,-1.9603,-0.49672,0.61567,1.8549,2.1214
-1.5817,-0.84425,-1.7316,-1.9362,-0.53963,0.63,1.8792,2.1176
-1.6545,-0.84721,-1.756,-1.9118,-0.58267,0.64434,1.9031,2.1134
-1.7264,-0.8501,-1.7803,-1.8871,-0.62579,0.65868,1.9267,2.1087
-1.7974,-0.85291,-1.8044,-1.8621,-0.66897,0.67302,1.9499,2.1034
-1.8673,-0.85566,-1.8283,-1.8369,-0.71215,0.68735,1.9726,2.0978
-1.9363,-0.85834,-1.852,-1.8115,-0.7553,0.70165,1.9949,2.0916
-2.004,-0.86098,-1.8753,-1.7859,-0.79837,0.71591,2.0167,2.0851
-2.0707,-0.86358,-1.8984,-1.76,-0.84134,0.73014,2.0381,2.078
-2.136,-0.86614,-1.921,-1.734,-0.88415,0.7443,2.0588,2.0705
-2.2001,-0.86867,-1.9433,-1.7078,-0.92676,0.7584,2.0791,2.0626
-2.2629,-0.87118,-1.9651,-1.6815,-0.96915,0.77243,2.0987,2.0543
-2.3242,-0.87368,-1.9865,-1.655,-1.0113,0.78637,2.1177,2.0455
-2.3841,-0.87618,-2.0073,-1.6284,-1.0531,0.80022,2.1361,2.0363
-2.4425,-0.87868,-2.0276,-1.6017,-1.0945,0.81395,2.1538,2.0266
-2.4993,-0.88119,-2.0473,-1.5749,-1.1356,0.82758,2.1708,2.0166
-2.5545,-0.88373,-2.0663,-1.548,-1.1762,0.84108,2.187,2.0062
-2.6081,-0.88629,-2.0847,-1.5211,-1.2163,0.85444,2.2026,1.9953
-2.66,-0.8889,-2.1023,-1.494,-1.256,0.86766,2.2173,1.9841
-2.7101,-0.89155,-2.1193,-1.4669,-1.2951,0.88072,2.2313,1.9725
-2.7585,-0.89427,-2.1354,-1.4398,-1.3336,0.89362,2.2444,1.9605
-2.8051,-0.89704,-2.1507,-1.4127,-1.3715,0.90634,2.2567,1.9481
-2.8498,-0.8999,-2.1652,-1.3855,-1.4088,0.91888,2.2682,1.9353
-2.8927,-0.90284,-2.1787,-1.3583,-1.4454,0.93123,2.2787,1.9222
-2.9336,-0.90588,-2.1913,-1.3311,-1.4812,0.94338,2.2883,1.9087
-2.9726,-0.90903,-2.203,-1.304,-1.5163,0.95532,2.297,1.8948
-3.0096,-0.91229,-2.2137,-1.2768,-1.5507,0.96705,2.3047,1.8806
-3.0446,-0.91567,-2.2233,-1.2497,-1.5842,0.97855,2.3115,1.866
-3.0776,-0.91919,-2.2319,-1.2227,-1.6168,0.98982,2.3172,1.8511
-3.1085,-0.92286,-2.2393,-1.1956,-1.6486,1.0009,2.322,1.8358
-3.1374,-0.92668,-2.2457,-1.1687,-1.6795,1.0116,2.3256,1.8202
-3.1642,-0.93067,-2.2508,-1.1418,-1.7095,1.0222,2.3283,1.8043
-3.1889,-0.93483,-2.2548,-1.115,-1.7384,1.0325,2.3298,1.788
-3.2114,-0.93918,-2.2576,-1.0883,-1.7665,1.0425,2.3303,1.7714
-3.2319,-0.94372,-2.2591,-1.0617,-1.7935,1.0522,2.3296,1.7545
-3.2502,-0.94846,-2.2593,-1.0352,-1.8194,1.0617,2.3279,1.7372
-3.2663,-0.95341,-2.2582,-1.0089,-1.8444,1.0709,2.3249,1.7197
-3.2803,-0.95859,-2.2558,-0.98262,-1.8682,1.0798,2.3209,1.7018
-3.2922,-0.96399,-2.2521,-0.9565,-1.891,1.0885,2.3156,1.6836
-3.3019,-0.96963,-2.2469,-0.93052,-1.9127,1.0968,2.3092,1.6651
-3.3095,-0.97552,-2.2404,-0.90469,-1.9332,1.1049,2.3016,1.6463
-3.3149,-0.98166,-2.2325,-0.87902,-1.9526,1.1127,2.2928,1.6272
-3.3182,-0.98806,-2.2231,-0.85351,-1.9708,1.1202,2.2828,1.6078
-3.3194,-0.99473,-2.2123,-0.82818,-1.9879,1.1274,2.2715,1.5881
-3.3184,-1.0017,-2.2,-0.80303,-2.0038,1.1343,2.2591,1.5681
-3.3153,-1.0089,-2.1862,-0.77806,-2.0185,1.141,2.2454,1.5478
-3.3102,-1.0164,-2.1709,-0.75329,-2.0321,1.1473,2.2304,1.5272
-3.303,-1.0242,-2.1541,-0.72872,-2.0444,1.1533,2.2142,1.5064
-3.2937,-1.0323,-2.1358,-0.70435,-2.0555,1.1591,2.1968,1.4852
-3.2824,-1.0407,-2.116,-0.68021,-2.0654,1.1646,2.1781,1.4638
-3.269,-1.0494,-2.0946,-0.65628,-2.0741,1.1698,2.1582,1.4421
-3.2537,-1.0584,-2.0717,-0.63257,-2.0816,1.1747,2.137,1.4201
-3.2365,-1.0677,-2.0472,-0.60911,-2.0879,1.1793,2.1146,1.3978
-3.2173,-1.0773,-2.0212,-0.58587,-2.093,1.1837,2.0909,1.3753
-3.1962,-1.0872,-1.9937,-0.56289,-2.0968,1.1877,2.066,1.3524
-3.1733,-1.0974,-1.9646,-0.54015,-2.0995,1.1916,2.0398,1.3294
-3.1485,-1.1079,-1.9339,-0.51767,-2.1009,1.1951,2.0124,1.306
-3.122,-1.1188,-1.9018,-0.49544,-2.1012,1.1985,1.9838,1.2824
-3.0936,-1.1299,-1.8681,-0.47348,-2.1003,1.2015,1.9539,1.2585
-3.0636,-1.1413,-1.8328,-0.45178,-2.0982,1.2044,1.9229,1.2344
-3.0319,-1.153,-1.796,-0.43036,-2.095,1.2069,1.8906,1.21
-2.9986,-1.165,-1.7578,-0.40921,-2.0906,1.2093,1.8572,1.1854
-2.9636,-1.1773,-1.718,-0.38833,-2.0851,1.2114,1.8225,1.1605
-2.9272,-1.1898,-1.6768,-0.36774,-2.0784,1.2134,1.7868,1.1354
-2.8892,-1.2026,-1.6341,-0.34743,-2.0707,1.2151,1.7498,1.11
-2.8498,-1.2157,-1.59,-0.3274,-2.0619,1.2166,1.7118,1.0844
-2.809,-1.229,-1.5444,-0.30766,-2.052,1.2179,1.6726,1.0585
-2.7668,-1.2425,-1.4975,-0.28821,-2.041,1.219,1.6324,1.0324
-2.7234,-1.2563,-1.4491,-0.26904,-2.0291,1.22,1.591,1.0061
-2.6787,-1.2702,-1.3995,-0.25017,-2.0161,1.2208,1.5487,0.97951
-2.6328,-1.2843,-1.3485,-0.23158,-2.0022,1.2214,1.5052,0.95272
-2.5858,-1.2986,-1.2962,-0.21328,-1.9873,1.2218,1.4608,0.92572
-2.5377,-1.3131,-1.2426,-0.19527,-1.9715,1.2222,1.4154,0.89849
-2.4886,-1.3277,-1.1878,-0.17754,-1.9548,1.2223,1.3691,0.87105
-2.4385,-1.3424,-1.1319,-0.16009,-1.9372,1.2224,1.3218,0.8434
-2.3875,-1.3572,-1.0747,-0.14293,-1.9188,1.2223,1.2737,0.81554
-2.3356,-1.3721,-1.0165,-0.12605,-1.8996,1.2221,1.2246,0.78748
-2.283,-1.3871,-0.95712,-0.10944,-1.8796,1.2219,1.1747,0.75923
-2.2296,-1.4021,-0.89673,-0.093096,-1.8588,1.2215,1.124,0.73078
-2.1755,-1.4171,-0.83535,-0.077022,-1.8373,1.221,1.0726,0.70214
-2.1208,-1.4321,-0.77301,-0.06121,-1.8151,1.2204,1.0204,0.67332
-2.0656,-1.4471,-0.70976,-0.045654,-1.7922,1.2198,0.96746,0.64433
-2.0099,-1.462,-0.64564,-0.030348,-1.7687,1.2191,0.91387,0.61516
-1.9537,-1.4769,-0.58071,-0.015286,-1.7446,1.2183,0.85964,0.58583
-1.8972,-1.4916,-0.51501,-0.00045956,-1.72,1.2175,0.80481,0.55633
-1.8403,-1.5062,-0.44859,0.014138,-1.6948,1.2167,0.74941,0.52668
-1.7832,-1.5206,-0.38151,0.028514,-1.6691,1.2158,0.69349,0.49688
-1.7259,-1.5348,-0.31382,0.042677,-1.643,1.2148,0.63708,0.46694
-1.6684,-1.5488,-0.24557,0.056638,-1.6164,1.2138,0.58022,0.43687
-1.6109,-1.5626,-0.17682,0.070404,-1.5895,1.2128,0.52295,0.40666
-1.5534,-1.5761,-0.10763,0.083986,-1.5622,1.2118,0.46531,0.37634
-1.4959,-1.5892,-0.038052,0.097394,-1.5346,1.2108,0.40735,0.34589
-1.4385,-1.602,0.031856,0.11064,-1.5067,1.2097,0.34911,0.31535
-1.3813,-1.6145,0.10203,0.12373,-1.4786,1.2086,0.29062,0.2847
-1.3242,-1.6266,0.17242,0.13669,-1.4503,1.2076,0.23194,0.25395
-1.2675,-1.6382,0.24295,0.14952,-1.4218,1.2065,0.17309,0.22313
-1.2111,-1.6493,0.31357,0.16223,-1.3932,1.2054,0.11414,0.19222
-1.155,-1.66,0.38422,0.17483,-1.3644,1.2043,0.055116,0.16125
-1.0995,-1.6702,0.45482,0.18735,-1.3356,1.2032,-0.0039319,0.13022
-1.0444,-1.6798,0.52532,0.1998,-1.3068,1.2021,-0.06296,0.099135
-0.98979,-1.6888,0.59566,0.21218,-1.278,1.201,-0.12192,0.068008
-0.93584,-1.6972,0.66577,0.22451,-1.2492,1.2,-0.18078,0.036848
-0.88253,-1.705,0.73558,0.23681,-1.2205,1.1989,-0.23948,0.0056622
-0.82992,-1.7121,0.80503,0.24908,-1.1919,1.1978,-0.29798,-0.025539
-0.77805,-1.7185,0.87406,0.26136,-1.1634,1.1967,-0.35624,-0.056745
-0.72699,-1.7242,0.94261,0.27364,-1.1351,1.1956,-0.41421,-0.087949
-0.67676,-1.7292,1.0106,0.28594,-1.107,1.1945,-0.47185,-0.11914
-0.62742,-1.7333,1.078,0.29828,-1.0792,1.1934,-0.52911,-0.15031
-0.57902,-1.7367,1.1447,0.31068,-1.0516,1.1923,-0.58595,-0.18144
-0.53159,-1.7393,1.2106,0.32314,-1.0244,1.1912,-0.64233,-0.21253
-0.48517,-1.741,1.2757,0.33568,-0.99743,1.19,-0.69819,-0.24357
-0.43982,-1.7418,1.34,0.34832,-0.97085,1.1889,-0.75351,-0.27454
-0.39555,-1.7418,1.4033,0.36108,-0.94466,1.1877,-0.80823,-0.30544
-0.35243,-1.7408,1.4657,0.37395,-0.91888,1.1865,-0.86232,-0.33626
-0.31047,-1.7389,1.527,0.38697,-0.89355,1.1852,-0.91572,-0.36698
-0.26971,-1.7361,1.5871,0.40014,-0.86869,1.1839,-0.96841,-0.39759
-0.2302,-1.7323,1.6461,0.41347,-0.84432,1.1825,-1.0203,-0.42809
-0.19195,-1.7275,1.7038,0.42699,-0.82047,1.1811,-1.0715,-0.45845
-0.155,-1.7218,1.7603,0.44069,-0.79717,1.1796,-1.1217,-0.48868
-0.11937,-1.715,1.8153,0.4546,-0.77442,1.1781,-1.1711,-0.51876
-0.085104,-1.7072,1.869,0.46873,-0.75227,1.1765,-1.2196,-0.54868
-0.052213,-1.6984,1.9212,0.48308,-0.73072,1.1748,-1.2672,-0.57842
-0.020724,-1.6886,1.9719,0.49768,-0.7098,1.173,-1.3137,-0.60799
0.0093406,-1.6777,2.0211,0.51252,-0.68953,1.1711,-1.3592,-0.63735
0.037962,-1.6658,2.0686,0.52761,-0.66992,1.1691,-1.4037,-0.66652
0.06512,-1.6528,2.1144,0.54298,-0.65099,1.167,-1.447,-0.69546
0.0908,-1.6387,2.1585,0.55862,-0.63276,1.1648,-1.4893,-0.72418
0.11499,-1.6237,2.2009,0.57455,-0.61524,1.1624,-1.5303,-0.75266
0.13766,-1.6075,2.2414,0.59076,-0.59844,1.1599,-1.5702,-0.78089
0.15883,-1.5903,2.2801,0.60727,-0.58238,1.1573,-1.6089,-0.80886
0.17846,-1.5721,2.3169,0.62409,-0.56707,1.1545,-1.6463,-0.83656
0.19656,-1.5528,2.3518,0.64121,-0.55252,1.1515,-1.6825,-0.86398
0.21311,-1.5325,2.3847,0.65864,-0.53874,1.1484,-1.7173,-0.8911
0.22812,-1.5111,2.4156,0.67638,-0.52573,1.1451,-1.7509,-0.91792
0.24158,-1.4887,2.4444,0.69444,-0.51351,1.1416,-1.7831,-0.94443
0.2535,-1.4653,2.4712,0.71282,-0.50207,1.1379,-1.8139,-0.97061
0.26386,-1.4409,2.4959,0.73152,-0.49143,1.134,-1.8433,-0.99646
0.27269,-1.4156,2.5185,0.75053,-0.48159,1.1299,-1.8713,-1.022
0.27997,-1.3892,2.5389,0.76986,-0.47254,1.1256,-1.898,-1.0471
0.28572,-1.3619,2.5572,0.7895,-0.4643,1.121,-1.9231,-1.0719
0.28995,-1.3337,2.5733,0.80945,-0.45685,1.1162,-1.9468,-1.0963
0.29266,-1.3046,2.5871,0.82971,-0.45021,1.1112,-1.9691,-1.1203
0.29387,-1.2745,2.5988,0.85027,-0.44437,1.1059,-1.9899,-1.144
0.2936,-1.2436,2.6082,0.87112,-0.43931,1.1003,-2.0091,-1.1672
0.29185,-1.2119,2.6153,0.89227,-0.43505,1.0945,-2.0269,-1.1901
0.28865,-1.1793,2.6202,0.91369,-0.43158,1.0884,-2.0432,-1.2125
0.28401,-1.1459,2.6228,0.93538,-0.42888,1.082,-2.058,-1.2345
0.27796,-1.1117,2.6232,0.95734,-0.42694,1.0754,-2.0713,-1.256
0.27052,-1.0768,2.6213,0.97954,-0.42577,1.0684,-2.083,-1.2772
0.26171,-1.0411,2.6172,1.002,-0.42535,1.0611,-2.0933,-1.2978
0.25157,-1.0048,2.6108,1.0247,-0.42567,1.0535,-2.102,-1.3181
0.2401,-0.96776,2.6021,1.0475,-0.42671,1.0456,-2.1092,-1.3379
0.22736,-0.9301,2.5912,1.0706,-0.42847,1.0373,-2.1149,-1.3572
0.21336,-0.89183,2.5781,1.0939,-0.43092,1.0288,-2.1191,-1.376
0.19815,-0.85298,2.5628,1.1173,-0.43406,1.0198,-2.1219,-1.3944
0.18175,-0.81358,2.5453,1.1409,-0.43786,1.0106,-2.1231,-1.4123
0.16419,-0.77366,2.5256,1.1647,-0.44231,1.001,-2.1229,-1.4297
0.14553,-0.73326,2.5037,1.1885,-0.44739,0.99099,-2.1212,-1.4467
0.12579,-0.6924,2.4797,1.2125,-0.45308,0.98065,-2.1181,-1.4631
0.10502,-0.65112,2.4536,1.2365,-0.45935,0.96994,-2.1135,-1.4791
0.08326,-0.60944,2.4255,1.2606,-0.46619,0.95885,-2.1076,-1.4946
0.060548,-0.56741,2.3953,1.2847,-0.47357,0.94738,-2.1003,-1.5096
0.036932,-0.52505,2.3631,1.3089,-0.48147,0.93552,-2.0916,-1.5241
0.012456,-0.4824,2.329,1.333,-0.48986,0.92327,-2.0815,-1.5381
-0.012832,-0.43948,2.2929,1.3571,-0.49872,0.91062,-2.0701,-1.5516
-0.038885,-0.39633,2.255,1.3812,-0.50802,0.89757,-2.0575,-1.5647
-0.065653,-0.35299,2.2152,1.4053,-0.51774,0.88411,-2.0436,-1.5772
-0.093087,-0.30947,2.1736,1.4292,-0.52784,0.87024,-2.0284,-1.5893
-0.12113,-0.26582,2.1303,1.453,-0.53829,0.85595,-2.0121,-1.6009
-0.14974,-0.22205,2.0853,1.4767,-0.54907,0.84123,-1.9945,-1.6121
-0.17886,-0.17821,2.0386,1.5002,-0.56014,0.82609,-1.9759,-1.6228
-0.20844,-0.13432,1.9904,1.5236,-0.57147,0.81052,-1.9561,-1.633
-0.23841,-0.090415,1.9406,1.5468,-0.58304,0.79452,-1.9353,-1.6427
-0.26873,-0.046515,1.8894,1.5697,-0.5948,0.77807,-1.9134,-1.6521
-0.29933,-0.0026497,1.8368,1.5924,-0.60672,0.76118,-1.8906,-1.661
-0.33017,0.041153,1.7828,1.6148,-0.61877,0.74384,-1.8668,-1.6694
-0.36118,0.084867,1.7276,1.6369,-0.63092,0.72604,-1.8421,-1.6775
-0.39231,0.12847,1.6711,1.6587,-0.64312,0.70779,-1.8165,-1.6851
-0.42349,0.17193,1.6135,1.6802,-0.65534,0.68908,-1.7901,-1.6923
-0.45467,0.21523,1.5549,1.7013,-0.66755,0.66991,-1.763,-1.6992
-0.48579,0.25835,1.4952,1.722,-0.67971,0.65027,-1.7351,-1.7057
-0.51678,0.30126,1.4346,1.7424,-0.69178,0.63015,-1.7065,-1.7118
-0.5476,0.34395,1.3731,1.7623,-0.70372,0.60956,-1.6773,-1.7175
-0.57817,0.38639,1.3108,1.7818,-0.7155,0.58849,-1.6475,-1.723
-0.60845,0.42856,1.2479,1.8008,-0.72707,0.56694,-1.6172,-1.7281
-0.63836,0.47045,1.1843,1.8193,-0.73841,0.5449,-1.5864,-1.7329
-0.66785,0.51204,1.1201,1.8373,-0.74946,0.52238,-1.5552,-1.7375
-0.69686,0.55332,1.0555,1.8548,-0.7602,0.49936,-1.5236,-1.7417
-0.72533,0.59426,0.99042,1.8718,-0.77057,0.47585,-1.4917,-1.7457
-0.7532,0.63486,0.92504,1.8883,-0.78055,0.45184,-1.4596,-1.7495
-0.78042,0.6751,0.85942,1.9041,-0.7901,0.42733,-1.4272,-1.7531
-0.80691,0.71497,0.79364,1.9194,-0.79917,0.40231,-1.3946,-1.7565
-0.83263,0.75446,0.72777,1.9341,-0.80774,0.3768,-1.362,-1.7597
-0.85751,0.79356,0.66189,1.9482,-0.81575,0.35077,-1.3293,-1.7627
-0.88151,0.83226,0.59609,1.9617,-0.82317,0.32424,-1.2966,-1.7656
-0.90455,0.87055,0.53044,1.9745,-0.82996,0.29719,-1.2639,-1.7684
-0.9266,0.90843,0.46502,1.9867,-0.83609,0.26963,-1.2314,-1.771
-0.94759,0.94589,0.39992,1.9983,-0.84152,0.24156,-1.1991,-1.7736
-0.96747,0.98292,0.33521,2.0092,-0.84621,0.21298,-1.167,-1.7762
-0.98618,1.0195,0.27096,2.0194,-0.85013,0.18387,-1.1352,-1.7787
-1.0037,1.0557,0.20727,2.029,-0.85324,0.15426,-1.1037,-1.7812
-1.0199,1.0914,0.1442,2.0378,-0.8555,0.12412,-1.0726,-1.7837
-1.0348,1.1267,0.081836,2.046,-0.85688,0.093468,-1.042,-1.7862
-1.0484,1.1616,0.020248,2.0535,-0.85735,0.062299,-1.0119,-1.7888
-1.0606,1.196,-0.040486,2.0603,-0.85687,0.030614,-0.98233,-1.7914
-1.0712,1.2299,-0.10029,2.0665,-0.85541,-0.0015853,-0.9534,-1.7942
-1.0804,1.2635,-0.1591,2.0719,-0.85294,-0.034298,-0.92513,-1.797
-1.0881,1.2966,-0.21684,2.0766,-0.84943,-0.067523,-0.89759,-1.8
-1.0942,1.3293,-0.27343,2.0807,-0.84485,-0.10126,-0.87082,-1.8031
