0.42673,-0.59907,1.4,-1.1161,0.74088,0.51263,-0.95685,0.44943
0.3601,-0.5451,1.3446,-1.0865,0.70592,0.50413,-0.92471,0.44061
0.29304,-0.4904,1.2891,-1.0554,0.67093,0.49475,-0.8925,0.43085
0.22559,-0.43504,1.2334,-1.023,0.63589,0.48452,-0.86022,0.42019
0.15775,-0.37907,1.1774,-0.98927,0.60081,0.47347,-0.82787,0.40865
0.089537,-0.32256,1.1213,-0.95423,0.56567,0.46162,-0.79544,0.39626
0.020973,-0.26559,1.065,-0.91792,0.53049,0.449,-0.76292,0.38306
-0.047924,-0.20821,1.0085,-0.8804,0.49525,0.43564,-0.7303,0.36908
-0.11713,-0.15051,0.95177,-0.84171,0.45995,0.42158,-0.69758,0.35435
-0.18664,-0.092552,0.8949,-0.80189,0.42458,0.40683,-0.66476,0.33891
-0.25641,-0.034404,0.83787,-0.76099,0.38915,0.39144,-0.63182,0.32279
-0.32643,0.023862,0.78066,-0.71906,0.35365,0.37543,-0.59876,0.30603
-0.39667,0.082172,0.72328,-0.67614,0.31807,0.35885,-0.56558,0.28867
-0.4671,0.14046,0.66575,-0.63229,0.28242,0.34172,-0.53226,0.27075
-0.5377,0.19864,0.60806,-0.58755,0.24669,0.32407,-0.49881,0.2523
-0.60844,0.25665,0.55022,-0.54198,0.21088,0.30595,-0.46522,0.23337
-0.67929,0.31441,0.49224,-0.49564,0.17499,0.28738,-0.43148,0.214
-0.75022,0.37186,0.43412,-0.44857,0.13902,0.26842,-0.39758,0.19422
-0.82118,0.42891,0.37587,-0.40084,0.10297,0.24908,-0.36353,0.17409
-0.89216,0.48551,0.3175,-0.35249,0.066835,0.22941,-0.32932,0.15365
-0.96311,0.54156,0.25901,-0.3036,0.030617,0.20945,-0.29495,0.13293
-1.034,0.59701,0.2004,-0.25421,-0.0056816,0.18923,-0.2604,0.11198
-1.1048,0.65177,0.1417,-0.20439,-0.04206,0.1688,-0.22569,0.090851
-1.1754,0.70579,0.082902,-0.1542,-0.078516,0.14818,-0.1908,0.06958
-1.2459,0.75898,0.024024,-0.1037,-0.11505,0.12743,-0.15574,0.048214
-1.3162,0.81128,-0.034927,-0.052946,-0.15165,0.10658,-0.12051,0.026797
-1.3862,0.86263,-0.09394,-0.0020077,-0.18832,0.085661,-0.085098,0.0053743
-1.4558,0.91294,-0.153,0.049055,-0.22505,0.064721,-0.049512,-0.01601
-1.5252,0.96216,-0.2121,0.10018,-0.26185,0.043798,-0.013753,-0.037311
-1.5941,1.0102,-0.27122,0.1513,-0.29869,0.02293,0.022178,-0.058484
-1.6626,1.057,-0.33035,0.20235,-0.33558,0.0021558,0.058279,-0.079484
-1.7306,1.1026,-0.38948,0.25327,-0.3725,-0.018486,0.094547,-0.10027
-1.7981,1.1468,-0.44859,0.304,-0.40946,-0.038955,0.13098,-0.12079
-1.865,1.1895,-0.50765,0.35446,-0.44644,-0.059216,0.16757,-0.14101
-1.9312,1.2308,-0.56666,0.4046,-0.48343,-0.079228,0.2043,-0.16089
-1.9967,1.2706,-0.6256,0.45435,-0.52041,-0.098954,0.24119,-0.18037
-2.0615,1.3088,-0.68444,0.50364,-0.55739,-0.11836,0.27821,-0.19943
-2.1255,1.3453,-0.74316,0.55242,-0.59435,-0.1374,0.31536,-0.21801
-2.1887,1.3802,-0.80175,0.60062,-0.63127,-0.15605,0.35264,-0.23608
-2.251,1.4133,-0.86018,0.64817,-0.66814,-0.17427,0.39002,-0.25359
-2.3123,1.4446,-0.91842,0.69501,-0.70494,-0.19201,0.4275,-0.27052
-2.3726,1.474,-0.97646,0.74108,-0.74167,-0.20926,0.46506,-0.28682
-2.4318,1.5016,-1.0343,0.78632,-0.77831,-0.22597,0.5027,-0.30245
-2.49,1.5273,-1.0918,0.83066,-0.81483,-0.24212,0.5404,-0.31738
-2.5469,1.551,-1.1491,0.87406,-0.85123,-0.25766,0.57815,-0.33158
-2.6027,1.5727,-1.206,0.91644,-0.88747,-0.27257,0.61592,-0.345
-2.6571,1.5923,-1.2626,0.95774,-0.92356,-0.28682,0.65371,-0.35762
-2.7102,1.6099,-1.3188,0.99792,-0.95945,-0.30037,0.69149,-0.36941
-2.762,1.6254,-1.3746,1.0369,-0.99514,-0.31321,0.72924,-0.38034
-2.8122,1.6387,-1.43,1.0747,-1.0306,-0.32529,0.76695,-0.39037
-2.861,1.6499,-1.4849,1.1111,-1.0658,-0.33661,0.80459,-0.39949
-2.9083,1.6589,-1.5393,1.1462,-1.1008,-0.34712,0.84215,-0.40766
-2.9539,1.6657,-1.5932,1.18,-1.1354,-0.35681,0.8796,-0.41487
-2.9979,1.6703,-1.6464,1.2122,-1.1698,-0.36565,0.91692,-0.42108
-3.0402,1.6727,-1.6991,1.243,-1.2037,-0.37363,0.95408,-0.42628
-3.0807,1.6729,-1.7511,1.2722,-1.2374,-0.38071,0.99106,-0.43046
-3.1195,1.6708,-1.8024,1.2999,-1.2706,-0.38689,1.0278,-0.43358
-3.1564,1.6664,-1.853,1.3259,-1.3034,-0.39214,1.0644,-0.43564
-3.1914,1.6598,-1.9028,1.3503,-1.3358,-0.39646,1.1007,-0.43662
-3.2244,1.651,-1.9519,1.3729,-1.3677,-0.39981,1.1366,-0.43652
-3.2554,1.6399,-2,1.3938,-1.3991,-0.4022,1.1723,-0.43531
-3.2845,1.6265,-2.0473,1.4129,-1.43,-0.4036,1.2076,-0.43299
-3.3114,1.6109,-2.0937,1.4302,-1.4603,-0.40401,1.2426,-0.42956
-3.3362,1.5931,-2.1391,1.4456,-1.4901,-0.40342,1.2772,-0.425
-3.3589,1.5731,-2.1834,1.4592,-1.5192,-0.40183,1.3113,-0.41932
-3.3794,1.551,-2.2268,1.4709,-1.5477,-0.39922,1.3449,-0.41252
-3.3977,1.5266,-2.269,1.4806,-1.5756,-0.39559,1.3781,-0.40459
-3.4137,1.5001,-2.3101,1.4884,-1.6027,-0.39093,1.4107,-0.39553
-3.4274,1.4715,-2.35,1.4943,-1.6292,-0.38526,1.4427,-0.38536
-3.4388,1.4409,-2.3887,1.4981,-1.6549,-0.37856,1.4742,-0.37407
-3.4478,1.4081,-2.4261,1.5,-1.6798,-0.37085,1.5051,-0.36168
-3.4545,1.3734,-2.4622,1.4998,-1.7039,-0.36212,1.5352,-0.3482
-3.4588,1.3367,-2.497,1.4976,-1.7271,-0.35237,1.5647,-0.33363
-3.4606,1.2981,-2.5304,1.4934,-1.7496,-0.34163,1.5935,-0.318
-3.46,1.2576,-2.5623,1.4871,-1.7711,-0.32989,1.6215,-0.30131
-3.457,1.2153,-2.5928,1.4789,-1.7917,-0.31716,1.6487,-0.28358
-3.4514,1.1712,-2.6218,1.4685,-1.8113,-0.30346,1.6751,-0.26484
-3.4434,1.1254,-2.6492,1.4562,-1.83,-0.28881,1.7006,-0.24511
-3.433,1.0779,-2.6751,1.4418,-1.8477,-0.2732,1.7253,-0.2244
-3.42,1.0287,-2.6993,1.4254,-1.8644,-0.25668,1.749,-0.20275
-3.4044,0.97808,-2.7219,1.407,-1.88,-0.23924,1.7718,-0.18017
-3.3864,0.92593,-2.7427,1.3866,-1.8946,-0.22091,1.7936,-0.1567
-3.3659,0.87237,-2.7619,1.3642,-1.9081,-0.20172,1.8144,-0.13236
-3.3429,0.81746,-2.7792,1.3399,-1.9204,-0.18168,1.8342,-0.1072
-3.3173,0.76128,-2.7948,1.3136,-1.9316,-0.16083,1.8529,-0.081233
-3.2893,0.70389,-2.8086,1.2854,-1.9416,-0.13918,1.8705,-0.054503
-3.2588,0.64537,-2.8205,1.2554,-1.9505,-0.11676,1.8869,-0.027045
-3.2258,0.58581,-2.8305,1.2235,-1.9581,-0.093611,1.9022,0.0011043
-3.1903,0.52527,-2.8386,1.1897,-1.9645,-0.069755,1.9163,0.029905
-3.1524,0.46385,-2.8447,1.1542,-1.9697,-0.045226,1.9292,0.059318
-3.1121,0.40162,-2.8489,1.117,-1.9736,-0.020057,1.9409,0.089301
-3.0693,0.33868,-2.8511,1.078,-1.9762,0.0057162,1.9513,0.11981
-3.0242,0.2751,-2.8513,1.0374,-1.9776,0.032058,1.9605,0.1508
-2.9767,0.21098,-2.8495,0.99513,-1.9776,0.058931,1.9683,0.18223
-2.9269,0.14641,-2.8456,0.95132,-1.9762,0.086296,1.9748,0.21405
-2.8748,0.081474,-2.8397,0.906,-1.9736,0.11411,1.98,0.24622
-2.8205,0.016266,-2.8316,0.85921,-1.9696,0.14234,1.9838,0.27867
-2.7639,-0.04912,-2.8215,0.81101,-1.9642,0.17094,1.9862,0.31138
-2.7051,-0.11459,-2.8093,0.76147,-1.9574,0.19986,1.9872,0.34427
-2.6441,-0.18005,-2.795,0.71064,-1.9493,0.22906,1.9867,0.37731
-2.5811,-0.2454,-2.7785,0.65858,-1.9397,0.2585,1.9849,0.41045
-2.5159,-0.31055,-2.7599,0.60536,-1.9288,0.28812,1.9816,0.44362
-2.4488,-0.37541,-2.7392,0.55105,-1.9164,0.31789,1.9768,0.47677
-2.3796,-0.43987,-2.7164,0.49571,-1.9027,0.34775,1.9706,0.50986
-2.3086,-0.50383,-2.6914,0.43941,-1.8875,0.37765,1.9628,0.54282
-2.2356,-0.56721,-2.6643,0.38224,-1.8709,0.40755,1.9536,0.57561
-2.1608,-0.62991,-2.6351,0.32426,-1.8529,0.43739,1.9429,0.60817
-2.0842,-0.69182,-2.6038,0.26555,-1.8334,0.46712,1.9306,0.64043
-2.0059,-0.75286,-2.5703,0.20618,-1.8125,0.49669,1.9168,0.67235
-1.9259,-0.81292,-2.5348,0.14624,-1.7902,0.52605,1.9016,0.70387
-1.8443,-0.87192,-2.4971,0.085815,-1.7665,0.55514,1.8847,0.73494
-1.7612,-0.92976,-2.4574,0.024976,-1.7414,0.58392,1.8664,0.7655
-1.6765,-0.98635,-2.4156,-0.036189,-1.7148,0.61232,1.8465,0.79548
-1.5904,-1.0416,-2.3718,-0.097595,-1.6869,0.6403,1.8251,0.82485
-1.503,-1.0954,-2.3259,-0.15916,-1.6575,0.6678,1.8022,0.85354
-1.4142,-1.1477,-2.2781,-0.22078,-1.6268,0.69477,1.7777,0.88149
-1.3241,-1.1983,-2.2282,-0.28239,-1.5947,0.72115,1.7518,0.90866
-1.2329,-1.2473,-2.1764,-0.3439,-1.5612,0.74689,1.7243,0.93499
-1.1405,-1.2945,-2.1227,-0.4052,-1.5263,0.77194,1.6952,0.96042
-1.0471,-1.3398,-2.067,-0.46622,-1.4901,0.79623,1.6647,0.9849
-0.95269,-1.3832,-2.0095,-0.52686,-1.4525,0.81973,1.6327,1.0084
-0.85733,-1.4246,-1.9502,-0.58704,-1.4136,0.84237,1.5992,1.0308
-0.76111,-1.4639,-1.889,-0.64666,-1.3734,0.86411,1.5642,1.0521
-0.66409,-1.501,-1.826,-0.70564,-1.3319,0.88489,1.5278,1.0723
-0.56634,-1.5358,-1.7613,-0.76388,-1.2891,0.90466,1.4899,1.0913
-0.46792,-1.5684,-1.6949,-0.82129,-1.245,0.92337,1.4505,1.109
-0.3689,-1.5985,-1.6268,-0.87779,-1.1997,0.94097,1.4097,1.1254
-0.26936,-1.6263,-1.5571,-0.93328,-1.1532,0.95741,1.3676,1.1405
-0.16934,-1.6515,-1.4858,-0.98768,-1.1055,0.97264,1.324,1.1542
-0.068937,-1.6742,-1.413,-1.0409,-1.0565,0.98662,1.2791,1.1665
0.031799,-1.6943,-1.3386,-1.0929,-1.0064,0.99929,1.2328,1.1773
0.1328,-1.7118,-1.2628,-1.1435,-0.95519,1.0106,1.1851,1.1866
0.23399,-1.7265,-1.1856,-1.1926,-0.90282,1.0206,1.1362,1.1944
0.33531,-1.7386,-1.107,-1.2403,-0.84936,1.0291,1.0859,1.2005
0.4367,-1.7478,-1.0271,-1.2863,-0.79481,1.0361,1.0344,1.2051
0.53808,-1.7542,-0.94594,-1.3307,-0.73921,1.0417,0.98166,1.2079
0.63939,-1.7578,-0.86353,-1.3733,-0.68259,1.0456,0.92768,1.2091
0.74057,-1.7585,-0.77996,-1.4141,-0.62497,1.048,0.8725,1.2086
0.84155,-1.7563,-0.69526,-1.453,-0.56638,1.0488,0.81615,1.2064
0.94227,-1.7512,-0.6095,-1.4899,-0.50684,1.048,0.75866,1.2023
1.0427,-1.7431,-0.52272,-1.5248,-0.44638,1.0454,0.70006,1.1965
1.1427,-1.7321,-0.43498,-1.5575,-0.38503,1.0411,0.64037,1.1889
1.2422,-1.7182,-0.34634,-1.5881,-0.32283,1.0351,0.57963,1.1794
1.3413,-1.7013,-0.25683,-1.6164,-0.2598,1.0274,0.51786,1.1681
1.4397,-1.6815,-0.16653,-1.6424,-0.19597,1.0178,0.4551,1.1549
1.5376,-1.6587,-0.07549,-1.6661,-0.13138,1.0065,0.39137,1.1398
1.6347,-1.6329,0.016239,-1.6874,-0.06605,0.99327,0.32672,1.1229
1.7311,-1.6042,0.1086,-1.7062,-2.1517e-05,0.97825,0.26117,1.104
1.8267,-1.5726,0.20153,-1.7224,0.066675,0.96137,0.19476,1.0832
1.9214,-1.5381,0.29498,-1.7362,0.13401,0.94263,0.12752,1.0605
2.0152,-1.5008,0.38888,-1.7473,0.20193,0.92201,0.05949,1.0359
2.108,-1.4606,0.48319,-1.7558,0.27043,0.89951,-0.0092932,1.0094
2.1998,-1.4175,0.57783,-1.7616,0.33945,0.87512,-0.078795,0.98095
2.2906,-1.3718,0.67277,-1.7647,0.40897,0.84885,-0.14898,0.95061
2.3801,-1.3232,0.76792,-1.7651,0.47894,0.82069,-0.2198,0.91837
2.4686,-1.272,0.86324,-1.7628,0.54934,0.79065,-0.29123,0.88424
2.5557,-1.2181,0.95867,-1.7576,0.62011,0.75873,-0.36322,0.84824
2.6416,-1.1617,1.0542,-1.7497,0.69123,0.72495,-0.43573,0.81038
2.7262,-1.1027,1.1496,-1.739,0.76266,0.6893,-0.50873,0.77067
2.8094,-1.0412,1.245,-1.7255,0.83435,0.65181,-0.58218,0.72915
2.8912,-0.97732,1.3403,-1.7091,0.90627,0.6125,-0.65602,0.68582
2.9715,-0.91107,1.4354,-1.6899,0.97838,0.57138,-0.73022,0.64071
3.0503,-0.84254,1.5302,-1.6679,1.0506,0.52847,-0.80474,0.59386
3.1275,-0.7718,1.6248,-1.6431,1.123,0.48379,-0.87954,0.54529
3.2032,-0.69891,1.719,-1.6155,1.1954,0.43738,-0.95456,0.49504
3.2773,-0.62396,1.8127,-1.5851,1.2679,0.38927,-1.0298,0.44313
3.3496,-0.54703,1.906,-1.552,1.3403,0.33948,-1.1051,0.3896
3.4203,-0.4682,1.9988,-1.5161,1.4127,0.28804,-1.1806,0.3345
3.4893,-0.38756,2.091,-1.4774,1.485,0.235,-1.2561,0.27786
3.5564,-0.30519,2.1825,-1.4361,1.5571,0.1804,-1.3316,0.21972
3.6218,-0.22119,2.2733,-1.3921,1.6291,0.12427,-1.4071,0.16014
3.6853,-0.13564,2.3634,-1.3454,1.7008,0.066659,-1.4825,0.099156
3.747,-0.048645,2.4526,-1.2962,1.7723,0.0076117,-1.5578,0.036819
3.8067,0.039699,2.541,-1.2445,1.8434,-0.052823,-1.6329,-0.026819
3.8646,0.1293,2.6285,-1.1902,1.9142,-0.11459,-1.7078,-0.091706
3.9205,0.22005,2.715,-1.1335,1.9846,-0.17765,-1.7824,-0.15779
3.9744,0.31185,2.8004,-1.0743,2.0546,-0.24194,-1.8567,-0.22501
4.0263,0.40459,2.8848,-1.0129,2.124,-0.3074,-1.9306,-0.29331
4.0762,0.49818,2.968,-0.94913,2.1929,-0.37398,-2.0042,-0.36262
4.124,0.59251,3.0501,-0.88316,2.2613,-0.44162,-2.0773,-0.4329
4.1698,0.68747,3.1309,-0.81504,2.329,-0.51025,-2.1499,-0.50408
4.2135,0.78296,3.2104,-0.74484,2.3961,-0.57981,-2.2219,-0.57608
4.2551,0.87886,3.2886,-0.67263,2.4625,-0.65024,-2.2934,-0.64886
4.2946,0.97507,3.3654,-0.59848,2.5281,-0.72146,-2.3642,-0.72234
4.332,1.0715,3.4407,-0.52246,2.593,-0.79343,-2.4344,-0.79645
4.3672,1.168,3.5146,-0.44467,2.657,-0.86605,-2.5038,-0.87112
4.4002,1.2645,3.5869,-0.36517,2.7202,-0.93927,-2.5725,-0.94629
4.4311,1.3608,3.6577,-0.28406,2.7824,-1.013,-2.6403,-1.0219
4.4598,1.4569,3.7268,-0.20142,2.8437,-1.0872,-2.7073,-1.0978
4.4863,1.5527,3.7943,-0.11734,2.904,-1.1618,-2.7733,-1.1741
4.5106,1.648,3.86,-0.031915,2.9632,-1.2366,-2.8384,-1.2505
4.5327,1.7428,3.9241,0.05477,3.0214,-1.3117,-2.9026,-1.3271
4.5526,1.8369,3.9863,0.14262,3.0784,-1.3869,-2.9656,-1.4038
4.5703,1.9302,4.0467,0.23153,3.1343,-1.4623,-3.0276,-1.4804
4.5858,2.0227,4.1052,0.32142,3.189,-1.5376,-3.0885,-1.557
4.5991,2.1142,4.1618,0.41217,3.2425,-1.6128,-3.1482,-1.6334
4.6101,2.2046,4.2165,0.5037,3.2947,-1.6879,-3.2067,-1.7096
4.619,2.2939,4.2691,0.5959,3.3456,-1.7627,-3.264,-1.7855
4.6256,2.3819,4.3198,0.68866,3.3951,-1.8373,-3.3199,-1.861
4.63,2.4685,4.3684,0.7819,3.4433,-1.9114,-3.3746,-1.9361
4.6323,2.5537,4.415,0.87549,3.4901,-1.9851,-3.4278,-2.0106
4.6323,2.6373,4.4594,0.96935,3.5354,-2.0583,-3.4797,-2.0846
4.6302,2.7193,4.5017,1.0634,3.5792,-2.1308,-3.5301,-2.1579
4.6259,2.7995,4.5418,1.1574,3.6216,-2.2027,-3.5791,-2.2305
4.6194,2.878,4.5797,1.2514,3.6624,-2.2738,-3.6265,-2.3023
4.6107,2.9546,4.6154,1.3453,3.7016,-2.344,-3.6724,-2.3732
4.5999,3.0292,4.6489,1.4389,3.7393,-2.4134,-3.7168,-2.4432
4.587,3.1017,4.6801,1.5321,3.7753,-2.4817,-3.7595,-2.5121
4.572,3.1722,4.7089,1.6249,3.8096,-2.549,-3.8006,-2.58
4.5548,3.2404,4.7355,1.7171,3.8423,-2.6152,-3.84,-2.6468
4.5356,3.3064,4.7598,1.8086,3.8733,-2.6802,-3.8777,-2.7123
4.5143,3.3701,4.7817,1.8994,3.9026,-2.744,-3.9136,-2.7766
4.4909,3.4315,4.8012,1.9892,3.9301,-2.8064,-3.9479,-2.8396
4.4655,3.4904,4.8184,2.0781,3.9559,-2.8674,-3.9803,-2.9012
4.4381,3.5468,4.8331,2.166,3.9799,-2.927,-4.0109,-2.9614
4.4087,3.6007,4.8455,2.2527,4.0021,-2.9851,-4.0397,-3.0201
4.3773,3.652,4.8554,2.3381,4.0224,-3.0416,-4.0667,-3.0772
4.344,3.7006,4.863,2.4221,4.041,-3.0965,-4.0918,-3.1327
4.3087,3.7466,4.8681,2.5048,4.0577,-3.1497,-4.115,-3.1866
4.2716,3.7899,4.8708,2.5859,4.0725,-3.2012,-4.1363,-3.2388
4.2325,3.8305,4.871,2.6653,4.0855,-3.251,-4.1556,-3.2892
4.1916,3.8683,4.8688,2.7431,4.0966,-3.2989,-4.1731,-3.3379
4.1489,3.9034,4.8642,2.8191,4.1058,-3.3449,-4.1885,-3.3847
4.1044,3.9356,4.8571,2.8932,4.1131,-3.389,-4.202,-3.4297
4.0581,3.965,4.8476,2.9654,4.1186,-3.4312,-4.2135,-3.4727
4.0101,3.9915,4.8356,3.0356,4.1221,-3.4713,-4.2231,-3.5138
3.9603,4.0152,4.8213,3.1037,4.1237,-3.5095,-4.2306,-3.5529
3.9089,4.0361,4.8045,3.1696,4.1235,-3.5455,-4.2361,-3.59
3.8558,4.0541,4.7853,3.2333,4.1213,-3.5795,-4.2397,-3.625
3.8011,4.0692,4.7637,3.2947,4.1172,-3.6114,-4.2412,-3.658
3.7448,4.0814,4.7397,3.3537,4.1113,-3.6411,-4.2407,-3.6889
3.687,4.0909,4.7133,3.4104,4.1034,-3.6687,-4.2382,-3.7176
3.6276,4.0974,4.6846,3.4645,4.0937,-3.694,-4.2336,-3.7442
3.5668,4.1011,4.6535,3.5162,4.0821,-3.7172,-4.2271,-3.7687
3.5044,4.1021,4.6202,3.5652,4.0686,-3.7381,-4.2185,-3.791
3.4407,4.1002,4.5845,3.6117,4.0533,-3.7568,-4.2079,-3.8111
3.3756,4.0955,4.5465,3.6555,4.0362,-3.7733,-4.1954,-3.829
3.3091,4.0881,4.5062,3.6967,4.0172,-3.7875,-4.1808,-3.8447
3.2413,4.078,4.4638,3.735,3.9964,-3.7994,-4.1642,-3.8581
3.1723,4.0652,4.4191,3.7707,3.9739,-3.8092,-4.1457,-3.8694
3.102,4.0498,4.3722,3.8035,3.9496,-3.8166,-4.1252,-3.8784
3.0305,4.0317,4.3232,3.8335,3.9235,-3.8218,-4.1028,-3.8852
2.9578,4.0111,4.272,3.8607,3.8957,-3.8248,-4.0785,-3.8898
2.884,3.9879,4.2187,3.8851,3.8661,-3.8255,-4.0522,-3.8922
2.8091,3.9622,4.1634,3.9065,3.8349,-3.824,-4.024,-3.8924
2.7332,3.9341,4.1061,3.9251,3.8021,-3.8203,-3.994,-3.8903
2.6562,3.9036,4.0467,3.9408,3.7676,-3.8144,-3.9621,-3.8861
2.5783,3.8708,3.9855,3.9536,3.7315,-3.8064,-3.9283,-3.8797
2.4994,3.8356,3.9222,3.9634,3.6939,-3.7962,-3.8928,-3.8712
2.4196,3.7983,3.8571,3.9704,3.6547,-3.7839,-3.8554,-3.8605
2.339,3.7587,3.7902,3.9745,3.6139,-3.7695,-3.8163,-3.8476
2.2575,3.7171,3.7215,3.9758,3.5717,-3.753,-3.7755,-3.8327
2.1752,3.6734,3.651,3.9741,3.5281,-3.7345,-3.7329,-3.8157
2.0923,3.6277,3.5788,3.9696,3.483,-3.7139,-3.6887,-3.7966
2.0085,3.58,3.505,3.9623,3.4366,-3.6914,-3.6428,-3.7755
1.9242,3.5305,3.4295,3.9521,3.3888,-3.667,-3.5953,-3.7524
1.8392,3.4792,3.3524,3.9392,3.3398,-3.6407,-3.5463,-3.7274
1.7536,3.4261,3.2739,3.9234,3.2894,-3.6125,-3.4956,-3.7004
1.6674,3.3713,3.1938,3.905,3.2378,-3.5825,-3.4435,-3.6715
1.5808,3.315,3.1124,3.8838,3.185,-3.5508,-3.3899,-3.6407
1.4936,3.2571,3.0295,3.86,3.1311,-3.5173,-3.3348,-3.6081
1.406,3.1977,2.9454,3.8336,3.0761,-3.4821,-3.2783,-3.5737
1.318,3.137,2.8599,3.8045,3.02,-3.4453,-3.2205,-3.5375
1.2297,3.0749,2.7733,3.773,2.9628,-3.407,-3.1613,-3.4996
1.141,3.0115,2.6855,3.7389,2.9047,-3.3671,-3.1008,-3.46
1.052,2.9469,2.5965,3.7024,2.8456,-3.3257,-3.0391,-3.4188
0.96275,2.8813,2.5066,3.6635,2.7856,-3.2829,-2.9762,-3.376
0.87328,2.8145,2.4156,3.6222,2.7247,-3.2388,-2.9121,-3.3317
0.78362,2.7468,2.3237,3.5786,2.6631,-3.1933,-2.8469,-3.2858
0.69381,2.6781,2.2309,3.5328,2.6006,-3.1465,-2.7806,-3.2385
0.60388,2.6086,2.1372,3.4849,2.5374,-3.0986,-2.7132,-3.1898
0.51386,2.5382,2.0428,3.4348,2.4735,-3.0494,-2.6449,-3.1397
0.42378,2.4672,1.9477,3.3827,2.409,-2.9992,-2.5756,-3.0883
0.33368,2.3955,1.852,3.3286,2.3438,-2.948,-2.5054,-3.0356
0.24359,2.3232,1.7556,3.2725,2.2781,-2.8957,-2.4344,-2.9818
0.15354,2.2503,1.6587,3.2146,2.2118,-2.8425,-2.3625,-2.9267
0.063562,2.177,1.5613,3.1549,2.1451,-2.7885,-2.2899,-2.8705
-0.026319,2.1032,1.4635,3.0935,2.0779,-2.7336,-2.2165,-2.8133
-0.11607,2.0291,1.3653,3.0305,2.0103,-2.678,-2.1424,-2.755
-0.20567,1.9547,1.2668,2.9658,1.9423,-2.6217,-2.0678,-2.6958
-0.29508,1.8801,1.1681,2.8997,1.874,-2.5647,-1.9925,-2.6357
-0.38428,1.8052,1.0692,2.8321,1.8055,-2.5071,-1.9167,-2.5747
-0.47325,1.7302,0.97012,2.7632,1.7367,-2.4489,-1.8404,-2.5129
-0.56196,1.6552,0.87098,2.6929,1.6676,-2.3903,-1.7636,-2.4503
-0.65038,1.58,0.77183,2.6215,1.5985,-2.3312,-1.6864,-2.387
-0.73849,1.5049,0.67271,2.5489,1.5291,-2.2718,-1.6089,-2.323
-0.82627,1.4299,0.57369,2.4752,1.4597,-2.212,-1.531,-2.2585
-0.9137,1.3549,0.47482,2.4006,1.3902,-2.1519,-1.4529,-2.1933
-1.0008,1.28,0.37615,2.325,1.3207,-2.0915,-1.3746,-2.1277
-1.0874,1.2054,0.27774,2.2486,1.2512,-2.031,-1.296,-2.0616
-1.1737,1.1309,0.17964,2.1714,1.1817,-1.9703,-1.2173,-1.995
-1.2595,1.0567,0.081908,2.0935,1.1123,-1.9095,-1.1386,-1.9281
-1.3448,0.98275,-0.015405,2.015,1.043,-1.8487,-1.0597,-1.8609
-1.4297,0.90911,-0.11225,1.9359,0.9738,-1.7878,-0.98087,-1.7933
-1.5142,0.8358,-0.20857,1.8563,0.90477,-1.7269,-0.90205,-1.7256
-1.5981,0.76285,-0.30431,1.7764,0.83592,-1.6661,-0.82329,-1.6576
-1.6815,0.69029,-0.39944,1.6961,0.76727,-1.6054,-0.74464,-1.5895
-1.7644,0.61812,-0.4939,1.6155,0.69886,-1.5448,-0.66615,-1.5213
-1.8468,0.54638,-0.58764,1.5347,0.6307,-1.4843,-0.58783,-1.4531
-1.9286,0.47508,-0.68062,1.4538,0.56281,-1.4241,-0.50974,-1.3848
-2.0098,0.40423,-0.77278,1.3728,0.49522,-1.364,-0.43191,-1.3165
-2.0905,0.33385,-0.8641,1.2918,0.42795,-1.3042,-0.35438,-1.2483
-2.1706,0.26394,-0.95452,1.2109,0.36101,-1.2447,-0.27718,-1.1801
-2.2502,0.19453,-1.044,1.1301,0.29442,-1.1855,-0.20035,-1.1121
-2.3291,0.1256,-1.1325,1.0495,0.2282,-1.1265,-0.12392,-1.0443
-2.4075,0.057173,-1.22,0.96909,0.16235,-1.0679,-0.047918,-0.97663
-2.4852,-0.010754,-1.3064,0.889,0.096904,-1.0097,0.027615,-0.90921
-2.5623,-0.078181,-1.3918,0.80927,0.031858,-0.95178,0.10265,-0.84204
-2.6389,-0.14511,-1.476,0.72994,-0.032772,-0.89427,0.17716,-0.77516
-2.7148,-0.21154,-1.559,0.65107,-0.09698,-0.83714,0.25112,-0.7086
-2.79,-0.27747,-1.6409,0.57272,-0.16076,-0.7804,0.32449,-0.64238
-2.8647,-0.34293,-1.7215,0.49493,-0.22409,-0.72407,0.39726,-0.57654
-2.9387,-0.4079,-1.8009,0.41774,-0.28699,-0.66815,0.46938,-0.51108
-3.0121,-0.4724,-1.879,0.34121,-0.34944,-0.61264,0.54085,-0.44605
-3.0849,-0.53644,-1.9558,0.26538,-0.41144,-0.55754,0.61164,-0.38145
-3.157,-0.60004,-2.0312,0.19028,-0.47299,-0.50286,0.68172,-0.31732
-3.2285,-0.6632,-2.1053,0.11596,-0.5341,-0.44859,0.75107,-0.25367
-3.2994,-0.72593,-2.178,0.04246,-0.59475,-0.39472,0.81967,-0.19052
-3.3696,-0.78827,-2.2492,-0.030192,-0.65495,-0.34125,0.8875,-0.12788
-3.4392,-0.85021,-2.3191,-0.10196,-0.71472,-0.28818,0.95454,-0.065776
-3.5082,-0.91177,-2.3875,-0.17281,-0.77404,-0.23549,1.0208,-0.0042186
-3.5765,-0.97299,-2.4545,-0.24272,-0.83293,-0.18317,1.0862,0.056778
-3.6442,-1.0339,-2.52,-0.31165,-0.89139,-0.13121,1.1508,0.1172
-3.7112,-1.0944,-2.5839,-0.37959,-0.94942,-0.079599,1.2145,0.17704
-3.7776,-1.1547,-2.6464,-0.4465,-1.0071,-0.028319,1.2774,0.23629
-3.8434,-1.2146,-2.7074,-0.51237,-1.0643,0.022645,1.3394,0.29493
-3.9085,-1.2743,-2.7669,-0.57718,-1.1211,0.073311,1.4005,0.35296
-3.973,-1.3338,-2.8248,-0.6409,-1.1775,0.1237,1.4607,0.41037
-4.0369,-1.393,-2.8812,-0.70353,-1.2336,0.17383,1.52,0.46715
-4.1001,-1.4521,-2.936,-0.76504,-1.2893,0.22372,1.5784,0.52331
-4.1626,-1.5109,-2.9893,-0.82543,-1.3447,0.27339,1.6358,0.57883
-4.2245,-1.5696,-3.041,-0.88469,-1.3997,0.32287,1.6924,0.63372
-4.2858,-1.6281,-3.0912,-0.9428,-1.4544,0.37217,1.748,0.68796
-4.3464,-1.6865,-3.1398,-0.99977,-1.5087,0.42133,1.8026,0.74156
-4.4063,-1.7447,-3.1869,-1.0556,-1.5628,0.47036,1.8563,0.79452
-4.4656,-1.8029,-3.2324,-1.1102,-1.6166,0.5193,1.909,0.84683
-4.5242,-1.861,-3.2764,-1.1637,-1.6701,0.56816,1.9608,0.8985
-4.5821,-1.919,-3.3189,-1.216,-1.7233,0.61697,2.0117,0.94952
-4.6393,-1.977,-3.3598,-1.2672,-1.7763,0.66575,2.0615,0.9999
-4.6958,-2.0349,-3.3991,-1.3172,-1.8291,0.71454,2.1104,1.0496
-4.7517,-2.0927,-3.437,-1.366,-1.8816,0.76334,2.1584,1.0987
-4.8068,-2.1506,-3.4733,-1.4137,-1.934,0.8122,2.2053,1.1472
-4.8612,-2.2084,-3.5081,-1.4602,-1.9861,0.86113,2.2513,1.195
-4.9149,-2.2662,-3.5415,-1.5056,-2.038,0.91016,2.2964,1.2422
-4.9678,-2.324,-3.5733,-1.5499,-2.0898,0.9593,2.3404,1.2887
-5.0199,-2.3818,-3.6037,-1.593,-2.1414,1.0086,2.3835,1.3347
-5.0713,-2.4396,-3.6326,-1.635,-2.1929,1.058,2.4257,1.38
-5.1219,-2.4974,-3.66,-1.6759,-2.2442,1.1077,2.4669,1.4246
-5.1717,-2.5552,-3.686,-1.7158,-2.2953,1.1575,2.5071,1.4687
-5.2207,-2.6131,-3.7106,-1.7545,-2.3464,1.2076,2.5463,1.5121
-5.2688,-2.6709,-3.7337,-1.7922,-2.3973,1.2579,2.5846,1.5549
-5.3161,-2.7286,-3.7555,-1.8288,-2.4481,1.3084,2.622,1.5971
-5.3625,-2.7864,-3.7759,-1.8643,-2.4988,1.3593,2.6584,1.6387
-5.408,-2.8442,-3.7949,-1.8988,-2.5493,1.4104,2.6938,1.6797
-5.4525,-2.9019,-3.8125,-1.9323,-2.5998,1.4618,2.7283,1.7201
-5.4962,-2.9595,-3.8288,-1.9648,-2.6502,1.5135,2.7618,1.7598
-5.5388,-3.0171,-3.8437,-1.9963,-2.7004,1.5656,2.7944,1.799
-5.5805,-3.0746,-3.8574,-2.0269,-2.7506,1.6179,2.826,1.8376
-5.6211,-3.132,-3.8697,-2.0564,-2.8006,1.6707,2.8567,1.8755
-5.6607,-3.1893,-3.8808,-2.0851,-2.8505,1.7237,2.8864,1.9129
-5.6993,-3.2465,-3.8906,-2.1128,-2.9004,1.7771,2.9152,1.9496
-5.7367,-3.3034,-3.8991,-2.1396,-2.9501,1.8308,2.9431,1.9858
-5.773,-3.3602,-3.9064,-2.1654,-2.9996,1.8849,2.97,2.0213
-5.8081,-3.4168,-3.9124,-2.1904,-3.049,1.9393,2.9959,2.0562
-5.8421,-3.4731,-3.9173,-2.2145,-3.0983,1.994,3.0209,2.0905
-5.8748,-3.5292,-3.9209,-2.2378,-3.1474,2.049,3.045,2.1242
-5.9063,-3.5849,-3.9233,-2.2602,-3.1964,2.1044,3.0681,2.1573
-5.9365,-3.6403,-3.9246,-2.2818,-3.2451,2.1601,3.0903,2.1897
-5.9653,-3.6953,-3.9247,-2.3026,-3.2937,2.216,3.1115,2.2216
-5.9929,-3.7499,-3.9236,-2.3225,-3.342,2.2723,3.1318,2.2528
-6.019,-3.8041,-3.9214,-2.3417,-3.3901,2.3288,3.1512,2.2833
-6.0437,-3.8577,-3.918,-2.3601,-3.4379,2.3855,3.1695,2.3132
-6.067,-3.9109,-3.9135,-2.3777,-3.4855,2.4425,3.187,2.3425
-6.0888,-3.9634,-3.9079,-2.3945,-3.5327,2.4997,3.2034,2.3711
-6.109,-4.0154,-3.9012,-2.4106,-3.5796,2.557,3.2189,2.3991
-6.1277,-4.0667,-3.8934,-2.426,-3.6262,2.6145,3.2334,2.4264
-6.1448,-4.1172,-3.8845,-2.4406,-3.6724,2.6721,3.247,2.453
-6.1603,-4.1671,-3.8745,-2.4545,-3.7181,2.7298,3.2596,2.4789
-6.1741,-4.2161,-3.8634,-2.4677,-3.7635,2.7876,3.2712,2.5041
-6.1862,-4.2643,-3.8512,-2.4802,-3.8083,2.8454,3.2818,2.5286
-6.1966,-4.3117,-3.838,-2.492,-3.8527,2.9032,3.2914,2.5524
-6.2052,-4.358,-3.8237,-2.5031,-3.8965,2.9609,3.3,2.5755
-6.212,-4.4034,-3.8084,-2.5135,-3.9397,3.0186,3.3077,2.5978
-6.2169,-4.4478,-3.7919,-2.5232,-3.9824,3.0761,3.3143,2.6194
-6.22,-4.491,-3.7745,-2.5322,-4.0244,3.1334,3.3199,2.6402
-6.2212,-4.5332,-3.7559,-2.5406,-4.0657,3.1906,3.3245,2.6603
-6.2205,-4.5741,-3.7364,-2.5483,-4.1063,3.2475,3.328,2.6796
-6.2177,-4.6138,-3.7157,-2.5553,-4.1462,3.304,3.3306,2.6981
-6.213,-4.6522,-3.694,-2.5616,-4.1853,3.3603,3.3321,2.7157
-6.2062,-4.6893,-3.6713,-2.5672,-4.2235,3.4161,3.3325,2.7326
-6.1974,-4.7249,-3.6475,-2.5722,-4.2609,3.4715,3.3319,2.7487
-6.1864,-4.7591,-3.6227,-2.5765,-4.2973,3.5264,3.3303,2.7639
-6.1734,-4.7918,-3.5968,-2.5802,-4.3328,3.5807,3.3276,2.7782
-6.1582,-4.823,-3.5699,-2.5831,-4.3673,3.6345,3.3238,2.7917
-6.1408,-4.8526,-3.5419,-2.5854,-4.4008,3.6876,3.3189,2.8043
-6.1212,-4.8805,-3.5128,-2.587,-4.4332,3.74,3.313,2.816
-6.0993,-4.9067,-3.4827,-2.588,-4.4645,3.7916,3.3059,2.8268
-6.0752,-4.9312,-3.4516,-2.5882,-4.4945,3.8424,3.2978,2.8367
-6.0489,-4.9539,-3.4193,-2.5878,-4.5234,3.8923,3.2886,2.8457
-6.0202,-4.9747,-3.3861,-2.5866,-4.5511,3.9414,3.2783,2.8538
-5.9892,-4.9937,-3.3517,-2.5848,-4.5774,3.9894,3.2668,2.8609
-5.9559,-5.0107,-3.3163,-2.5822,-4.6024,4.0364,3.2543,2.867
-5.9202,-5.0258,-3.2798,-2.5789,-4.626,4.0823,3.2406,2.8722
-5.8821,-5.0388,-3.2422,-2.5749,-4.6482,4.127,3.2258,2.8764
-5.8417,-5.0497,-3.2035,-2.5702,-4.6689,4.1705,3.2099,2.8795
-5.7988,-5.0586,-3.1638,-2.5648,-4.6881,4.2128,3.1928,2.8817
-5.7535,-5.0653,-3.123,-2.5586,-4.7058,4.2537,3.1746,2.8829
-5.7058,-5.0698,-3.0811,-2.5516,-4.7218,4.2933,3.1553,2.8831
-5.6557,-5.0721,-3.0381,-2.5439,-4.7363,4.3314,3.1348,2.8822
-5.6032,-5.0722,-2.994,-2.5355,-4.749,4.3681,3.1132,2.8803
-5.5482,-5.0699,-2.9488,-2.5262,-4.7601,4.4032,3.0905,2.8773
-5.4907,-5.0654,-2.9025,-2.5162,-4.7694,4.4367,3.0666,2.8733
-5.4308,-5.0584,-2.8552,-2.5054,-4.777,4.4686,3.0415,2.8683
-5.3685,-5.0491,-2.8067,-2.4938,-4.7827,4.4988,3.0154,2.8621
-5.3037,-5.0374,-2.7572,-2.4814,-4.7866,4.5272,2.988,2.8549
-5.2365,-5.0233,-2.7065,-2.4681,-4.7886,4.5539,2.9596,2.8466
-5.1668,-5.0067,-2.6548,-2.4541,-4.7886,4.5787,2.9299,2.8372
-5.0947,-4.9876,-2.602,-2.4392,-4.7867,4.6016,2.8992,2.8267
-5.0202,-4.966,-2.548,-2.4235,-4.7829,4.6225,2.8673,2.8151
-4.9434,-4.9419,-2.493,-2.4069,-4.777,4.6415,2.8343,2.8024
-4.8641,-4.9153,-2.4369,-2.3895,-4.7691,4.6585,2.8001,2.7886
-4.7824,-4.8862,-2.3798,-2.3712,-4.7591,4.6734,2.7648,2.7737
-4.6984,-4.8544,-2.3215,-2.352,-4.7471,4.6862,2.7284,2.7577
-4.6121,-4.8201,-2.2622,-2.332,-4.7329,4.6969,2.6909,2.7406
-4.5234,-4.7833,-2.2018,-2.3111,-4.7166,4.7053,2.6523,2.7223
-4.4325,-4.7439,-2.1404,-2.2893,-4.6981,4.7116,2.6126,2.703
-4.3393,-4.7019,-2.0779,-2.2665,-4.6775,4.7156,2.5718,2.6825
-4.2439,-4.6573,-2.0144,-2.2429,-4.6547,4.7173,2.5299,2.6609
-4.1463,-4.6101,-1.9498,-2.2184,-4.6297,4.7167,2.487,2.6383
-4.0465,-4.5604,-1.8843,-2.193,-4.6025,4.7138,2.443,2.6145
-3.9446,-4.5081,-1.8177,-2.1666,-4.573,4.7085,2.3979,2.5896
-3.8406,-4.4533,-1.7501,-2.1394,-4.5414,4.7009,2.3518,2.5636
-3.7346,-4.396,-1.6816,-2.1112,-4.5074,4.6908,2.3047,2.5365
-3.6265,-4.3361,-1.6121,-2.082,-4.4713,4.6783,2.2565,2.5083
-3.5165,-4.2737,-1.5416,-2.052,-4.4328,4.6634,2.2074,2.479
-3.4046,-4.2088,-1.4702,-2.021,-4.3922,4.646,2.1572,2.4487
-3.2907,-4.1415,-1.3979,-1.9891,-4.3492,4.6261,2.1061,2.4173
-3.1751,-4.0717,-1.3247,-1.9563,-4.304,4.6038,2.0541,2.3848
-3.0577,-3.9995,-1.2506,-1.9226,-4.2566,4.5789,2.0011,2.3513
-2.9385,-3.9249,-1.1757,-1.8879,-4.2069,4.5516,1.9472,2.3167
-2.8177,-3.848,-1.0999,-1.8523,-4.155,4.5218,1.8924,2.2811
-2.6953,-3.7688,-1.0233,-1.8158,-4.1009,4.4895,1.8367,2.2445
-2.5714,-3.6873,-0.94596,-1.7784,-4.0445,4.4547,1.7801,2.2069
-2.4459,-3.6035,-0.86784,-1.7401,-3.986,4.4174,1.7227,2.1683
-2.319,-3.5176,-0.78899,-1.7009,-3.9253,4.3776,1.6645,2.1287
-2.1908,-3.4295,-0.70944,-1.6608,-3.8624,4.3354,1.6054,2.0881
-2.0613,-3.3393,-0.62921,-1.6198,-3.7973,4.2907,1.5456,2.0466
-1.9305,-3.247,-0.54835,-1.578,-3.7302,4.2435,1.4851,2.0041
-1.7986,-3.1527,-0.46687,-1.5353,-3.6609,4.1939,1.4238,1.9607
-1.6656,-3.0565,-0.38482,-1.4917,-3.5896,4.1419,1.3618,1.9165
-1.5316,-2.9583,-0.30222,-1.4473,-3.5163,4.0875,1.2991,1.8713
-1.3967,-2.8583,-0.21911,-1.4021,-3.4409,4.0308,1.2358,1.8253
-1.2609,-2.7566,-0.13553,-1.3561,-3.3635,3.9716,1.1718,1.7784
-1.1243,-2.6531,-0.051521,-1.3093,-3.2842,3.9102,1.1072,1.7307
-0.98696,-2.5479,0.032888,-1.2617,-3.203,3.8465,1.0421,1.6822
-0.84903,-2.4411,0.11765,-1.2134,-3.12,3.7806,0.97642,1.6329
-0.71055,-2.3328,0.20273,-1.1643,-3.0351,3.7124,0.91023,1.5828
-0.57161,-2.223,0.28809,-1.1146,-2.9484,3.6421,0.84356,1.532
-0.43229,-2.1118,0.37367,-1.0641,-2.86,3.5696,0.77644,1.4805
-0.29266,-1.9993,0.45944,-1.013,-2.7698,3.495,0.70889,1.4283
-0.15282,-1.8855,0.54536,-0.96118,-2.678,3.4184,0.64096,1.3755
-0.012856,-1.7705,0.63136,-0.90878,-2.5847,3.3398,0.57268,1.322
0.12715,-1.6544,0.71742,-0.85578,-2.4897,3.2592,0.50407,1.2679
0.26712,-1.5373,0.80347,-0.80221,-2.3933,3.1767,0.43518,1.2132
0.40695,-1.4192,0.88948,-0.7481,-2.2954,3.0923,0.36604,1.158
0.54657,-1.3002,0.97539,-0.69348,-2.1962,3.0062,0.29668,1.1022
0.68588,-1.1804,1.0611,-0.63837,-2.0956,2.9183,0.22714,1.0459
0.82479,-1.0599,1.1467,-0.58282,-1.9937,2.8287,0.15745,0.9892
0.96321,-0.93872,1.232,-0.52685,-1.8907,2.7375,0.087662,0.93203
1.1011,-0.81698,1.317,-0.47049,-1.7865,2.6447,0.017804,0.87446
1.2383,-0.69476,1.4016,-0.41378,-1.6812,2.5504,-0.052084,0.81651
1.3747,-0.57213,1.4859,-0.35675,-1.5749,2.4547,-0.12196,0.75822
1.5103,-0.44918,1.5696,-0.29944,-1.4676,2.3576,-0.19179,0.69962
1.6449,-0.32598,1.6529,-0.24188,-1.3595,2.2592,-0.26154,0.64075
1.7786,-0.20261,1.7355,-0.18411,-1.2505,2.1595,-0.33115,0.58163
1.9111,-0.079172,1.8175,-0.12617,-1.1408,2.0587,-0.4006,0.5223
2.0425,0.044268,1.8989,-0.068101,-1.0304,1.9568,-0.46984,0.4628
2.1725,0.16763,1.9794,-0.0099332,-0.91937,1.8538,-0.53882,0.40316
2.3012,0.29082,2.0592,0.04829,-0.80784,1.7499,-0.60751,0.34342
2.4285,0.41377,2.1381,0.10653,-0.69585,1.6451,-0.67587,0.28361
2.5542,0.53639,2.216,0.16474,-0.58347,1.5395,-0.74384,0.22377
2.6783,0.6586,2.293,0.22289,-0.47077,1.4332,-0.8114,0.16393
2.8007,0.78033,2.369,0.28092,-0.35785,1.3262,-0.87849,0.10413
2.9213,0.90149,2.4438,0.33881,-0.24476,1.2187,-0.94508,0.044416
3.04,1.022,2.5175,0.39651,-0.13158,1.1106,-1.0111,-0.015187
3.1568,1.1418,2.5899,0.45397,-0.018401,1.0021,-1.0766,-0.074636
3.2716,1.2608,2.6611,0.51116,0.094711,0.89327,-1.1414,-0.1339
3.3843,1.379,2.731,0.56802,0.20768,0.78416,-1.2055,-0.19293
3.4949,1.4961,2.7994,0.62452,0.32042,0.67485,-1.2689,-0.25169
3.6032,1.6123,2.8664,0.68062,0.43286,0.56543,-1.3315,-0.31015
3.7092,1.7274,2.9319,0.73627,0.54492,0.45597,-1.3933,-0.36827
3.8128,1.8413,2.9959,0.79143,0.65652,0.34655,-1.4543,-0.426
3.914,1.954,3.0582,0.84605,0.76759,0.23725,-1.5144,-0.48332
4.0127,2.0654,3.1188,0.90009,0.87805,0.12815,-1.5735,-0.54018
4.1088,2.1754,3.1777,0.95352,0.98781,0.019309,-1.6316,-0.59654
4.2023,2.2841,3.2348,1.0063,1.0968,-0.08918,-1.6887,-0.65237
4.2931,2.3912,3.2901,1.0583,1.205,-0.19725,-1.7447,-0.70763
4.3812,2.4968,3.3435,1.1097,1.3122,-0.30481,-1.7997,-0.76228
4.4665,2.6007,3.3949,1.1602,1.4185,-0.41181,-1.8534,-0.81628
4.549,2.703,3.4444,1.2099,1.5237,-0.51816,-1.906,-0.8696
4.6286,2.8036,3.4918,1.2587,1.6277,-0.62379,-1.9573,-0.9222
4.7053,2.9024,3.5371,1.3067,1.7306,-0.72863,-2.0074,-0.97404
4.779,2.9994,3.5803,1.3537,1.8321,-0.83261,-2.0561,-1.0251
4.8497,3.0945,3.6213,1.3997,1.9323,-0.93566,-2.1034,-1.0753
4.9174,3.1877,3.6601,1.4446,2.0311,-1.0377,-2.1494,-1.1246
4.982,3.2789,3.6966,1.4886,2.1284,-1.1387,-2.194,-1.1731
5.0436,3.3682,3.7308,1.5314,2.2242,-1.2385,-2.237,-1.2206
5.102,3.4553,3.7626,1.5731,2.3183,-1.3372,-2.2786,-1.2671
5.1573,3.5404,3.7921,1.6136,2.4107,-1.4346,-2.3186,-1.3126
5.2094,3.6234,3.8191,1.653,2.5014,-1.5307,-2.357,-1.3571
5.2584,3.7042,3.8437,1.6911,2.5903,-1.6254,-2.3939,-1.4005
5.3041,3.7828,3.8658,1.7279,2.6773,-1.7186,-2.429,-1.4428
5.3467,3.8592,3.8853,1.7635,2.7624,-1.8104,-2.4626,-1.484
5.3861,3.9333,3.9023,1.7977,2.8455,-1.9006,-2.4944,-1.524
5.4222,4.0052,3.9167,1.8306,2.9266,-1.9892,-2.5244,-1.5628
5.4552,4.0748,3.9286,1.8621,3.0056,-2.0762,-2.5527,-1.6004
5.4849,4.142,3.9378,1.8922,3.0824,-2.1614,-2.5792,-1.6367
5.5115,4.2069,3.9443,1.9209,3.1571,-2.2449,-2.6039,-1.6717
5.5348,4.2695,3.9482,1.9481,3.2295,-2.3266,-2.6268,-1.7055
5.555,4.3297,3.9495,1.9739,3.2997,-2.4065,-2.6478,-1.7379
5.572,4.3875,3.948,1.9981,3.3676,-2.4845,-2.6669,-1.7689
5.5859,4.443,3.9438,2.0209,3.4331,-2.5605,-2.6841,-1.7985
5.5966,4.496,3.937,2.0421,3.4962,-2.6346,-2.6994,-1.8268
5.6043,4.5466,3.9274,2.0617,3.5569,-2.7067,-2.7128,-1.8536
5.6089,4.5949,3.9151,2.0798,3.6151,-2.7768,-2.7242,-1.8789
5.6104,4.6407,3.9,2.0963,3.6709,-2.8448,-2.7336,-1.9028
5.6089,4.6841,3.8823,2.1112,3.7242,-2.9107,-2.741,-1.9252
5.6045,4.7251,3.8618,2.1245,3.7749,-2.9745,-2.7465,-1.9461
5.5971,4.7637,3.8387,2.1362,3.823,-3.0362,-2.75,-1.9655
5.5868,4.7999,3.8128,2.1463,3.8686,-3.0957,-2.7514,-1.9833
5.5737,4.8337,3.7843,2.1547,3.9116,-3.153,-2.7508,-1.9995
5.5577,4.8651,3.7531,2.1615,3.952,-3.2081,-2.7483,-2.0142
5.539,4.8942,3.7192,2.1666,3.9897,-3.261,-2.7437,-2.0274
5.5176,4.9209,3.6827,2.1701,4.0249,-3.3117,-2.737,-2.0389
5.4935,4.9453,3.6436,2.1719,4.0574,-3.3601,-2.7284,-2.0488
5.4669,4.9673,3.6019,2.1721,4.0872,-3.4063,-2.7177,-2.0572
5.4376,4.9871,3.5576,2.1706,4.1144,-3.4502,-2.7051,-2.0639
5.4059,5.0045,3.5108,2.1675,4.139,-3.4918,-2.6904,-2.069
5.3718,5.0197,3.4615,2.1627,4.1609,-3.5312,-2.6737,-2.0725
5.3353,5.0326,3.4098,2.1563,4.1802,-3.5683,-2.6551,-2.0743
5.2965,5.0433,3.3556,2.1483,4.1968,-3.6031,-2.6345,-2.0745
5.2555,5.0519,3.299,2.1386,4.2109,-3.6357,-2.6119,-2.0731
5.2123,5.0582,3.2401,2.1273,4.2223,-3.666,-2.5874,-2.0701
5.167,5.0624,3.1789,2.1145,4.2312,-3.6941,-2.5609,-2.0655
5.1197,5.0645,3.1154,2.1,4.2375,-3.7199,-2.5325,-2.0592
5.0704,5.0645,3.0497,2.0839,4.2412,-3.7434,-2.5023,-2.0513
5.0192,5.0624,2.9819,2.0663,4.2424,-3.7648,-2.4702,-2.0418
4.9662,5.0583,2.912,2.0472,4.2411,-3.7839,-2.4362,-2.0308
4.9115,5.0522,2.84,2.0265,4.2374,-3.8009,-2.4004,-2.0181
4.8551,5.0442,2.766,2.0043,4.2312,-3.8156,-2.3628,-2.0038
4.7971,5.0342,2.6901,1.9806,4.2226,-3.8282,-2.3235,-1.988
4.7376,5.0223,2.6123,1.9554,4.2116,-3.8387,-2.2825,-1.9706
4.6767,5.0086,2.5327,1.9288,4.1983,-3.8471,-2.2397,-1.9517
4.6144,4.993,2.4514,1.9007,4.1826,-3.8533,-2.1953,-1.9313
4.5508,4.9756,2.3684,1.8713,4.1647,-3.8576,-2.1492,-1.9093
4.486,4.9565,2.2837,1.8405,4.1446,-3.8597,-2.1016,-1.8859
4.42,4.9356,2.1975,1.8083,4.1223,-3.8599,-2.0524,-1.861
4.353,4.9131,2.1099,1.7748,4.0979,-3.8581,-2.0017,-1.8346
4.285,4.8889,2.0208,1.74,4.0713,-3.8543,-1.9495,-1.8068
4.2161,4.8631,1.9304,1.704,4.0428,-3.8487,-1.8959,-1.7776
4.1463,4.8357,1.8388,1.6667,4.0122,-3.8411,-1.8409,-1.747
4.0758,4.8068,1.746,1.6282,3.9797,-3.8317,-1.7846,-1.7151
4.0046,4.7763,1.652,1.5886,3.9454,-3.8205,-1.7269,-1.6818
3.9328,4.7444,1.5571,1.5478,3.9092,-3.8075,-1.6681,-1.6472
3.8605,4.7111,1.4611,1.5058,3.8712,-3.7928,-1.608,-1.6113
3.7876,4.6764,1.3644,1.4629,3.8315,-3.7764,-1.5467,-1.5742
3.7144,4.6403,1.2668,1.4188,3.7901,-3.7583,-1.4844,-1.5358
3.6409,4.6029,1.1684,1.3738,3.7472,-3.7386,-1.4209,-1.4963
3.567,4.5642,1.0695,1.3278,3.7027,-3.7173,-1.3565,-1.4556
3.493,4.5242,0.97,1.2809,3.6567,-3.6944,-1.2912,-1.4137
3.4189,4.4831,0.87001,1.233,3.6093,-3.6701,-1.2249,-1.3708
3.3447,4.4407,0.76963,1.1843,3.5606,-3.6443,-1.1578,-1.3267
3.2705,4.3972,0.66893,1.1348,3.5105,-3.6171,-1.0899,-1.2817
3.1963,4.3526,0.568,1.0845,3.4593,-3.5885,-1.0213,-1.2356
3.1223,4.3069,0.4669,1.0334,3.4068,-3.5586,-0.95197,-1.1886
3.0484,4.2602,0.36573,0.98164,3.3533,-3.5274,-0.88203,-1.1407
2.9747,4.2124,0.26457,0.92918,3.2987,-3.4949,-0.81153,-1.0918
2.9014,4.1637,0.16348,0.87607,3.2431,-3.4613,-0.74051,-1.0421
2.8284,4.114,0.062553,0.82236,3.1867,-3.4265,-0.66903,-0.9916
2.7558,4.0633,-0.038136,0.76808,3.1294,-3.3905,-0.59715,-0.94029
2.6836,4.0118,-0.13851,0.71327,3.0713,-3.3535,-0.52493,-0.88823
2.6119,3.9595,-0.23849,0.65796,3.0125,-3.3155,-0.45242,-0.83546
2.5407,3.9063,-0.33801,0.6022,2.953,-3.2765,-0.37968,-0.78201
2.4701,3.8523,-0.43698,0.54601,2.893,-3.2365,-0.30676,-0.72792
2.4001,3.7975,-0.53534,0.48944,2.8324,-3.1956,-0.23371,-0.67324
2.3308,3.742,-0.633,0.43251,2.7714,-3.1539,-0.16061,-0.618
2.2622,3.6857,-0.72991,0.37527,2.71,-3.1113,-0.087491,-0.56223
2.1943,3.6288,-0.82599,0.31775,2.6482,-3.068,-0.014418,-0.50598
2.1272,3.5711,-0.92117,0.25999,2.5862,-3.0239,0.058556,-0.44928
2.0608,3.5129,-1.0154,0.20201,2.524,-2.9791,0.13138,-0.39218
1.9953,3.454,-1.1086,0.14386,2.4616,-2.9337,0.20399,-0.3347
1.9306,3.3945,-1.2007,0.085559,2.3991,-2.8876,0.27635,-0.27689
1.8668,3.3344,-1.2916,0.027147,2.3365,-2.841,0.3484,-0.21879
1.8039,3.2738,-1.3813,-0.031345,2.274,-2.7938,0.42009,-0.16043
1.7419,3.2127,-1.4697,-0.089886,2.2116,-2.7461,0.49137,-0.10185
1.6809,3.151,-1.5568,-0.14845,2.1493,-2.698,0.56219,-0.043079
1.6208,3.0889,-1.6425,-0.20699,2.0872,-2.6494,0.63251,0.015834
1.5616,3.0263,-1.7268,-0.2655,2.0253,-2.6004,0.70227,0.074859
1.5035,2.9632,-1.8095,-0.32394,1.9637,-2.5511,0.77143,0.13396
1.4463,2.8997,-1.8907,-0.38228,1.9024,-2.5014,0.83995,0.1931
1.3902,2.8358,-1.9704,-0.44049,1.8415,-2.4514,0.90777,0.25224
1.335,2.7715,-2.0483,-0.49855,1.7811,-2.4012,0.97487,0.31136
1.2809,2.7068,-2.1246,-0.55644,1.7211,-2.3507,1.0412,0.37041
1.2278,2.6418,-2.1992,-0.61412,1.6616,-2.3001,1.1067,0.42937
1.1757,2.5764,-2.272,-0.67157,1.6027,-2.2492,1.1714,0.4882
1.1246,2.5107,-2.343,-0.72877,1.5444,-2.1983,1.2351,0.54687
1.0745,2.4447,-2.4122,-0.78569,1.4868,-2.1472,1.298,0.60534
1.0255,2.3784,-2.4794,-0.84232,1.4298,-2.096,1.3599,0.66359
0.97743,2.3118,-2.5448,-0.89864,1.3735,-2.0447,1.4208,0.72159
0.93038,2.2449,-2.6083,-0.95461,1.318,-1.9934,1.4807,0.7793
0.88433,2.1778,-2.6698,-1.0102,1.2632,-1.9421,1.5395,0.8367
0.83925,2.1105,-2.7294,-1.0655,1.2093,-1.8908,1.5972,0.89376
0.79515,2.043,-2.7869,-1.1203,1.1561,-1.8396,1.6539,0.95046
0.752,1.9752,-2.8424,-1.1747,1.1039,-1.7884,1.7094,1.0068
0.70979,1.9073,-2.8959,-1.2287,1.0525,-1.7372,1.7637,1.0626
0.66851,1.8391,-2.9474,-1.2822,1.002,-1.6862,1.8168,1.1181
0.62814,1.7709,-2.9968,-1.3353,0.95248,-1.6352,1.8688,1.173
0.58866,1.7024,-3.0441,-1.3879,0.90388,-1.5844,1.9195,1.2275
0.55005,1.6339,-3.0893,-1.44,0.85623,-1.5338,1.969,1.2815
0.51229,1.5652,-3.1325,-1.4916,0.80956,-1.4832,2.0173,1.3349
0.47537,1.4964,-3.1736,-1.5427,0.76388,-1.4329,2.0643,1.3878
0.43925,1.4275,-3.2126,-1.5932,0.7192,-1.3828,2.11,1.4401
0.40391,1.3585,-3.2495,-1.6432,0.67553,-1.3328,2.1544,1.4918
0.36934,1.2894,-3.2843,-1.6926,0.63287,-1.2831,2.1975,1.5429
0.3355,1.2203,-3.3171,-1.7415,0.59124,-1.2336,2.2393,1.5933
0.30236,1.1512,-3.3478,-1.7898,0.55063,-1.1843,2.2797,1.6431
0.26991,1.082,-3.3764,-1.8375,0.51105,-1.1353,2.3189,1.6923
0.23811,1.0128,-3.403,-1.8846,0.4725,-1.0865,2.3567,1.7407
0.20694,0.94364,-3.4276,-1.931,0.43497,-1.038,2.3932,1.7885
0.17636,0.87446,-3.4501,-1.9769,0.39847,-0.98981,2.4284,1.8356
0.14636,0.8053,-3.4706,-2.0221,0.36299,-0.94185,2.4622,1.8819
0.11689,0.73619,-3.4892,-2.0667,0.32852,-0.89419,2.4947,1.9275
0.087928,0.66713,-3.5058,-2.1107,0.29505,-0.84681,2.5259,1.9724
0.059445,0.59813,-3.5204,-2.154,0.26258,-0.79973,2.5558,2.0165
0.031409,0.52922,-3.5332,-2.1966,0.23108,-0.75295,2.5844,2.0599
0.0037882,0.4604,-3.544,-2.2386,0.20056,-0.70647,2.6116,2.1025
-0.023448,0.3917,-3.553,-2.2799,0.171,-0.6603,2.6376,2.1443
-0.050331,0.32312,-3.5601,-2.3205,0.14238,-0.61443,2.6623,2.1854
-0.076893,0.25468,-3.5654,-2.3605,0.11467,-0.56888,2.6857,2.2256
-0.10317,0.1864,-3.569,-2.3997,0.087877,-0.52364,2.7079,2.2651
-0.12918,0.11828,-3.5708,-2.4383,0.061965,-0.47871,2.7288,2.3038
-0.15497,0.050361,-3.5708,-2.4761,0.036917,-0.43409,2.7484,2.3416
-0.18056,-0.01736,-3.5692,-2.5132,0.012711,-0.38979,2.7669,2.3787
-0.20599,-0.084863,-3.566,-2.5496,-0.010676,-0.3458,2.7841,2.4149
-0.23129,-0.15213,-3.5611,-2.5853,-0.033269,-0.30212,2.8002,2.4504
-0.25649,-0.21915,-3.5547,-2.6203,-0.055093,-0.25876,2.8151,2.485
-0.28162,-0.28589,-3.5467,-2.6545,-0.076175,-0.2157,2.8289,2.5188
-0.30672,-0.35236,-3.5373,-2.688,-0.096541,-0.17295,2.8415,2.5518
-0.3318,-0.41852,-3.5263,-2.7208,-0.11622,-0.1305,2.853,2.584
-0.35691,-0.48437,-3.514,-2.7528,-0.13524,-0.088354,2.8634,2.6154
-0.38207,-0.54988,-3.5003,-2.784,-0.15364,-0.046509,2.8728,2.6459
-0.40731,-0.61504,-3.4852,-2.8145,-0.17143,-0.0049598,2.8811,2.6757
-0.43267,-0.67982,-3.4688,-2.8442,-0.18866,0.036297,2.8885,2.7046
-0.45816,-0.74422,-3.4512,-2.8731,-0.20535,0.077263,2.8948,2.7327
-0.48382,-0.80822,-3.4324,-2.9012,-0.22154,0.11794,2.9001,2.7601
-0.50968,-0.87179,-3.4123,-2.9286,-0.23726,0.15834,2.9046,2.7866
-0.53576,-0.93493,-3.3912,-2.9552,-0.25254,0.19847,2.9081,2.8123
-0.56209,-0.99761,-3.3689,-2.9809,-0.26742,0.23831,2.9107,2.8373
-0.58869,-1.0598,-3.3456,-3.0059,-0.28193,0.27789,2.9124,2.8614
-0.61559,-1.1215,-3.3213,-3.03,-0.2961,0.31721,2.9133,2.8848
-0.64282,-1.1827,-3.296,-3.0533,-0.30997,0.35626,2.9134,2.9074
-0.67039,-1.2434,-3.2698,-3.0758,-0.32357,0.39505,2.9126,2.9292
-0.69834,-1.3035,-3.2427,-3.0975,-0.33694,0.4336,2.9112,2.9502
-0.72667,-1.3631,-3.2148,-3.1183,-0.3501,0.47189,2.909,2.9705
-0.75543,-1.422,-3.1861,-3.1382,-0.3631,0.50995,2.906,2.99
-0.78462,-1.4804,-3.1566,-3.1573,-0.37597,0.54776,2.9024,3.0087
-0.81426,-1.5382,-3.1263,-3.1756,-0.38874,0.58534,2.8982,3.0267
-0.84438,-1.5953,-3.0954,-3.1929,-0.40144,0.62269,2.8933,3.044
-0.875,-1.6518,-3.0639,-3.2094,-0.41412,0.65982,2.8878,3.0605
-0.90612,-1.7076,-3.0317,-3.225,-0.4268,0.69672,2.8817,3.0763
-0.93778,-1.7628,-2.999,-3.2397,-0.43951,0.73341,2.8751,3.0913
-0.96997,-1.8172,-2.9657,-3.2535,-0.45229,0.76988,2.868,3.1057
-1.0027,-1.8709,-2.932,-3.2664,-0.46516,0.80614,2.8603,3.1193
-1.0361,-1.9239,-2.8978,-3.2783,-0.47817,0.8422,2.8522,3.1321
-1.07,-1.9761,-2.8631,-3.2894,-0.49134,0.87805,2.8437,3.1443
-1.1045,-2.0276,-2.8281,-3.2995,-0.5047,0.91371,2.8347,3.1558
-1.1396,-2.0783,-2.7927,-3.3086,-0.51828,0.94917,2.8253,3.1666
-1.1753,-2.1282,-2.757,-3.3169,-0.53211,0.98443,2.8155,3.1767
-1.2117,-2.1773,-2.721,-3.3241,-0.54621,1.0195,2.8054,3.1861
-1.2487,-2.2256,-2.6848,-3.3304,-0.56063,1.0544,2.7949,3.1948
-1.2864,-2.2731,-2.6483,-3.3357,-0.57537,1.0891,2.7841,3.2028
-1.3247,-2.3197,-2.6117,-3.3401,-0.59047,1.1236,2.7731,3.2102
-1.3636,-2.3654,-2.5748,-3.3434,-0.60595,1.158,2.7617,3.2169
-1.4032,-2.4103,-2.5378,-3.3458,-0.62183,1.1921,2.7502,3.223
-1.4435,-2.4543,-2.5008,-3.3472,-0.63815,1.2261,2.7384,3.2284
-1.4844,-2.4974,-2.4636,-3.3476,-0.65492,1.26,2.7264,3.2331
-1.526,-2.5396,-2.4263,-3.3469,-0.67216,1.2936,2.7142,3.2372
-1.5683,-2.5809,-2.389,-3.3453,-0.68989,1.3271,2.7018,3.2406
-1.6113,-2.6212,-2.3517,-3.3426,-0.70813,1.3604,2.6893,3.2434
-1.6549,-2.6606,-2.3145,-3.3389,-0.7269,1.3935,2.6766,3.2456
-1.6991,-2.6991,-2.2772,-3.3342,-0.74622,1.4265,2.6639,3.2472
-1.744,-2.7367,-2.24,-3.3284,-0.7661,1.4592,2.651,3.2481
-1.7896,-2.7732,-2.2028,-3.3216,-0.78656,1.4919,2.6381,3.2484
-1.8358,-2.8089,-2.1658,-3.3138,-0.8076,1.5243,2.625,3.2481
-1.8827,-2.8435,-2.1288,-3.3049,-0.82925,1.5566,2.6119,3.2472
-1.9302,-2.8772,-2.092,-3.295,-0.85152,1.5887,2.5988,3.2456
-1.9783,-2.9098,-2.0553,-3.284,-0.87441,1.6207,2.5856,3.2435
-2.027,-2.9415,-2.0188,-3.272,-0.89794,1.6524,2.5725,3.2407
-2.0763,-2.9722,-1.9824,-3.2589,-0.9221,1.684,2.5593,3.2374
-2.1262,-3.0019,-1.9462,-3.2448,-0.94692,1.7154,2.5461,3.2335
-2.1767,-3.0306,-1.9102,-3.2296,-0.97239,1.7467,2.5329,3.229
-2.2277,-3.0583,-1.8745,-3.2133,-0.99852,1.7777,2.5197,3.2238
-2.2793,-3.085,-1.8389,-3.1961,-1.0253,1.8086,2.5065,3.2181
-2.3314,-3.1107,-1.8035,-3.1777,-1.0528,1.8393,2.4934,3.2119
-2.384,-3.1354,-1.7684,-3.1583,-1.0809,1.8699,2.4803,3.205
-2.4371,-3.1591,-1.7336,-3.1379,-1.1097,1.9002,2.4673,3.1976
-2.4907,-3.1818,-1.699,-3.1164,-1.1391,1.9303,2.4543,3.1896
-2.5447,-3.2034,-1.6646,-3.0939,-1.1692,1.9603,2.4414,3.181
-2.5991,-3.2241,-1.6306,-3.0704,-1.2,1.99,2.4286,3.1719
-2.654,-3.2437,-1.5968,-3.0458,-1.2314,2.0196,2.4158,3.1622
-2.7092,-3.2624,-1.5632,-3.0202,-1.2634,2.049,2.403,3.1519
-2.7648,-3.28,-1.53,-2.9936,-1.2961,2.0781,2.3904,3.1411
-2.8208,-3.2967,-1.497,-2.9659,-1.3295,2.107,2.3778,3.1297
-2.877,-3.3123,-1.4644,-2.9373,-1.3634,2.1358,2.3653,3.1178
-2.9335,-3.327,-1.432,-2.9077,-1.398,2.1643,2.3528,3.1053
-2.9903,-3.3407,-1.3999,-2.8771,-1.4331,2.1926,2.3404,3.0923
-3.0473,-3.3534,-1.3681,-2.8455,-1.4688,2.2206,2.3281,3.0788
-3.1045,-3.3651,-1.3367,-2.8129,-1.5051,2.2484,2.3159,3.0646
-3.1619,-3.3758,-1.3055,-2.7794,-1.542,2.276,2.3037,3.05
-3.2194,-3.3856,-1.2746,-2.745,-1.5794,2.3034,2.2916,3.0348
-3.277,-3.3944,-1.244,-2.7096,-1.6173,2.3305,2.2795,3.019
-3.3347,-3.4023,-1.2137,-2.6732,-1.6557,2.3573,2.2676,3.0028
-3.3924,-3.4092,-1.1837,-2.636,-1.6946,2.3839,2.2556,2.9859
-3.4502,-3.4152,-1.154,-2.5979,-1.734,2.4102,2.2437,2.9686
-3.5079,-3.4202,-1.1245,-2.5589,-1.7738,2.4363,2.2319,2.9507
-3.5655,-3.4243,-1.0954,-2.519,-1.814,2.4621,2.22,2.9323
-3.623,-3.4275,-1.0665,-2.4783,-1.8546,2.4876,2.2082,2.9133
-3.6805,-3.4298,-1.038,-2.4367,-1.8956,2.5128,2.1965,2.8939
-3.7377,-3.4312,-1.0097,-2.3943,-1.937,2.5377,2.1847,2.8739
-3.7947,-3.4317,-0.98165,-2.3511,-1.9786,2.5623,2.173,2.8533
-3.8515,-3.4314,-0.95389,-2.3072,-2.0206,2.5866,2.1612,2.8323
-3.908,-3.4301,-0.9264,-2.2624,-2.0628,2.6105,2.1495,2.8107
-3.9642,-3.428,-0.89917,-2.2169,-2.1053,2.6342,2.1377,2.7885
-4.0201,-3.4251,-0.87219,-2.1707,-2.148,2.6575,2.1258,2.7659
-4.0755,-3.4213,-0.84546,-2.1237,-2.1909,2.6804,2.114,2.7427
-4.1305,-3.4166,-0.81897,-2.076,-2.234,2.703,2.1021,2.719
-4.1851,-3.4112,-0.79272,-2.0277,-2.2771,2.7253,2.0901,2.6948
-4.2391,-3.4049,-0.7667,-1.9787,-2.3204,2.7472,2.0781,2.6701
-4.2926,-3.3979,-0.7409,-1.929,-2.3638,2.7687,2.0659,2.6448
-4.3454,-3.3901,-0.71532,-1.8787,-2.4071,2.7898,2.0537,2.619
-4.3977,-3.3814,-0.68995,-1.8279,-2.4505,2.8105,2.0414,2.5926
-4.4493,-3.3721,-0.66478,-1.7764,-2.4939,2.8308,2.0289,2.5658
-4.5001,-3.362,-0.63981,-1.7244,-2.5371,2.8507,2.0163,2.5384
-4.5502,-3.3511,-0.61503,-1.6718,-2.5803,2.8702,2.0036,2.5105
-4.5996,-3.3395,-0.59042,-1.6187,-2.6234,2.8892,1.9907,2.4821
-4.648,-3.3272,-0.566,-1.5652,-2.6663,2.9078,1.9776,2.4531
-4.6957,-3.3142,-0.54174,-1.5111,-2.709,2.9259,1.9643,2.4236
-4.7424,-3.3005,-0.51764,-1.4566,-2.7514,2.9436,1.9509,2.3935
-4.7881,-3.2861,-0.49368,-1.4016,-2.7936,2.9608,1.9372,2.363
-4.8329,-3.2711,-0.46988,-1.3463,-2.8355,2.9775,1.9233,2.3319
-4.8767,-3.2555,-0.4462,-1.2905,-2.8771,2.9937,1.9091,2.3003
-4.9193,-3.2391,-0.42265,-1.2344,-2.9183,3.0093,1.8947,2.2681
-4.9609,-3.2222,-0.39922,-1.1779,-2.9591,3.0245,1.8799,2.2354
-5.0014,-3.2047,-0.3759,-1.1211,-2.9994,3.0391,1.8649,2.2022
-5.0406,-3.1866,-0.35268,-1.064,-3.0393,3.0532,1.8496,2.1684
-5.0787,-3.1679,-0.32955,-1.0066,-3.0786,3.0668,1.834,2.1341
-5.1155,-3.1486,-0.3065,-0.94893,-3.1175,3.0798,1.818,2.0993
-5.151,-3.1288,-0.28353,-0.89103,-3.1557,3.0922,1.8017,2.0639
-5.1852,-3.1085,-0.26063,-0.83291,-3.1933,3.104,1.785,2.028
-5.218,-3.0876,-0.23778,-0.7746,-3.2303,3.1152,1.7679,1.9915
-5.2495,-3.0663,-0.21497,-0.7161,-3.2666,3.1258,1.7504,1.9546
-5.2795,-3.0444,-0.19221,-0.65745,-3.3021,3.1358,1.7325,1.917
-5.3081,-3.0221,-0.16947,-0.59867,-3.3369,3.1452,1.7141,1.879
-5.3351,-2.9994,-0.14676,-0.53978,-3.371,3.1539,1.6953,1.8404
-5.3607,-2.9762,-0.12405,-0.48079,-3.4042,3.162,1.6761,1.8013
-5.3847,-2.9526,-0.10135,-0.42174,-3.4366,3.1694,1.6563,1.7616
-5.4072,-2.9286,-0.078636,-0.36263,-3.4681,3.1762,1.6361,1.7214
-5.428,-2.9042,-0.055905,-0.3035,-3.4987,3.1823,1.6154,1.6807
-5.4472,-2.8794,-0.033146,-0.24436,-3.5283,3.1877,1.5941,1.6395
-5.4648,-2.8543,-0.01035,-0.18523,-3.557,3.1924,1.5723,1.5977
-5.4806,-2.8288,0.012493,-0.12614,-3.5847,3.1964,1.5499,1.5555
-5.4948,-2.8031,0.035393,-0.067105,-3.6114,3.1998,1.527,1.5127
-5.5072,-2.777,0.058358,-0.0081445,-3.637,3.2023,1.5035,1.4693
-5.5179,-2.7507,0.0814,0.05072,-3.6615,3.2042,1.4794,1.4255
-5.5268,-2.7241,0.10453,0.10947,-3.685,3.2053,1.4547,1.3812
-5.5339,-2.6972,0.12775,0.16808,-3.7073,3.2057,1.4293,1.3364
-5.5393,-2.6702,0.15108,0.22654,-3.7284,3.2054,1.4034,1.291
-5.5427,-2.6429,0.17452,0.28481,-3.7484,3.2043,1.3768,1.2452
-5.5444,-2.6154,0.19808,0.34289,-3.7671,3.2025,1.3495,1.1989
-5.5441,-2.5878,0.22178,0.40076,-3.7846,3.1999,1.3216,1.1521
-5.542,-2.56,0.24563,0.45839,-3.8009,3.1965,1.2929,1.1049
-5.538,-2.532,0.26962,0.51576,-3.816,3.1924,1.2636,1.0572
-5.5321,-2.5039,0.29378,0.57285,-3.8297,3.1875,1.2337,1.0091
-5.5243,-2.4758,0.31812,0.62965,-3.8421,3.1818,1.203,0.96046
-5.5146,-2.4475,0.34263,0.68613,-3.8533,3.1754,1.1716,0.91143
-5.5029,-2.4192,0.36733,0.74228,-3.8631,3.1682,1.1394,0.86198
-5.4893,-2.3908,0.39224,0.79808,-3.8715,3.1602,1.1066,0.81212
-5.4738,-2.3624,0.41735,0.8535,-3.8786,3.1514,1.073,0.76186
-5.4564,-2.334,0.44269,0.90853,-3.8843,3.1419,1.0387,0.71121
-5.4369,-2.3056,0.46825,0.96315,-3.8886,3.1316,1.0036,0.66019
-5.4156,-2.2772,0.49404,1.0173,-3.8916,3.1206,0.96781,0.60881
-5.3923,-2.2488,0.52008,1.0711,-3.8931,3.1088,0.93125,0.55707
-5.367,-2.2205,0.54638,1.1244,-3.8932,3.0962,0.89395,0.505
-5.3398,-2.1922,0.57293,1.1771,-3.8919,3.0829,0.85589,0.45262
-5.3107,-2.164,0.59976,1.2294,-3.8892,3.0688,0.81708,0.39993
-5.2796,-2.1359,0.62686,1.2812,-3.8851,3.0539,0.77752,0.34695
-5.2467,-2.1079,0.65425,1.3324,-3.8795,3.0384,0.7372,0.2937
-5.2117,-2.0801,0.68193,1.383,-3.8725,3.0221,0.69614,0.24019
-5.1749,-2.0523,0.70992,1.4331,-3.8641,3.0051,0.65433,0.18645
-5.1362,-2.0247,0.7382,1.4826,-3.8542,2.9873,0.61178,0.1325
-5.0956,-1.9972,0.76681,1.5315,-3.8429,2.9689,0.56848,0.078341
-5.0531,-1.97,0.79573,1.5797,-3.8302,2.9498,0.52446,0.024004
-5.0088,-1.9428,0.82498,1.6273,-3.8161,2.93,0.4797,-0.030494
-4.9626,-1.9159,0.85456,1.6742,-3.8006,2.9095,0.43423,-0.085131
-4.9146,-1.8891,0.88448,1.7205,-3.7836,2.8883,0.38804,-0.13989
-4.8648,-1.8626,0.91474,1.766,-3.7653,2.8665,0.34114,-0.19474
-4.8132,-1.8363,0.94535,1.8108,-3.7455,2.8441,0.29355,-0.24968
-4.7598,-1.8102,0.97631,1.8549,-3.7244,2.821,0.24528,-0.30466
-4.7047,-1.7843,1.0076,1.8982,-3.7019,2.7973,0.19633,-0.35969
-4.6479,-1.7586,1.0393,1.9408,-3.678,2.7731,0.14673,-0.41472
-4.5893,-1.7331,1.0713,1.9826,-3.6528,2.7482,0.09647,-0.46974
-4.5291,-1.7079,1.1038,2.0236,-3.6263,2.7228,0.045579,-0.52472
-4.4672,-1.683,1.1365,2.0638,-3.5985,2.6968,-0.0059316,-0.57965
-4.4037,-1.6582,1.1697,2.1032,-3.5693,2.6703,-0.058046,-0.63449
-4.3386,-1.6337,1.2032,2.1417,-3.5389,2.6433,-0.11075,-0.68923
-4.272,-1.6095,1.2371,2.1794,-3.5072,2.6157,-0.16402,-0.74384
-4.2038,-1.5855,1.2713,2.2162,-3.4743,2.5877,-0.21785,-0.79829
-4.1341,-1.5617,1.306,2.2521,-3.4402,2.5592,-0.27221,-0.85257
-4.063,-1.5381,1.3409,2.2871,-3.4048,2.5303,-0.32709,-0.90665
-3.9904,-1.5148,1.3763,2.3212,-3.3683,2.501,-0.38246,-0.9605
-3.9164,-1.4917,1.412,2.3545,-3.3306,2.4712,-0.43831,-1.0141
-3.8411,-1.4689,1.4481,2.3867,-3.2918,2.441,-0.49461,-1.0674
-3.7644,-1.4462,1.4846,2.4181,-3.2518,2.4104,-0.55134,-1.1204
-3.6865,-1.4238,1.5214,2.4485,-3.2108,2.3795,-0.60848,-1.1731
-3.6073,-1.4016,1.5586,2.4779,-3.1687,2.3483,-0.66601,-1.2255
-3.5269,-1.3795,1.5961,2.5064,-3.1256,2.3167,-0.72389,-1.2775
-3.4453,-1.3577,1.6339,2.5339,-3.0815,2.2848,-0.78211,-1.3291
-3.3626,-1.336,1.6721,2.5604,-3.0364,2.2526,-0.84064,-1.3803
-3.2788,-1.3144,1.7106,2.5859,-2.9904,2.2202,-0.89946,-1.431
-3.1939,-1.2931,1.7495,2.6105,-2.9434,2.1875,-0.95854,-1.4813
-3.1081,-1.2718,1.7886,2.634,-2.8955,2.1546,-1.0178,-1.531
-3.0213,-1.2507,1.8281,2.6565,-2.8468,2.1214,-1.0774,-1.5803
-2.9335,-1.2297,1.8678,2.678,-2.7972,2.0881,-1.137,-1.6291
-2.845,-1.2087,1.9078,2.6986,-2.7468,2.0546,-1.1969,-1.6773
-2.7556,-1.1879,1.9481,2.718,-2.6956,2.0209,-1.2568,-1.7249
-2.6654,-1.1671,1.9886,2.7365,-2.6437,1.987,-1.3169,-1.772
-2.5745,-1.1464,2.0293,2.7539,-2.5911,1.9531,-1.377,-1.8184
-2.4829,-1.1256,2.0703,2.7704,-2.5378,1.919,-1.4372,-1.8642
-2.3907,-1.1049,2.1115,2.7858,-2.4838,1.8848,-1.4973,-1.9093
-2.2979,-1.0842,2.1529,2.8002,-2.4292,1.8505,-1.5574,-1.9538
-2.2045,-1.0634,2.1945,2.8136,-2.374,1.8161,-1.6175,-1.9976
-2.1107,-1.0426,2.2362,2.8259,-2.3183,1.7817,-1.6775,-2.0408
-2.0165,-1.0217,2.278,2.8373,-2.262,1.7472,-1.7374,-2.0832
-1.9219,-1.0008,2.32,2.8476,-2.2052,1.7127,-1.7971,-2.1248
-1.8269,-0.97967,2.3621,2.857,-2.1479,1.6782,-1.8567,-2.1658
-1.7317,-0.95845,2.4042,2.8653,-2.0903,1.6437,-1.916,-2.2059
-1.6362,-0.93707,2.4464,2.8727,-2.0322,1.6091,-1.9751,-2.2453
-1.5406,-0.91551,2.4886,2.8791,-1.9737,1.5746,-2.0339,-2.284
-1.4448,-0.89375,2.5309,2.8845,-1.9149,1.5401,-2.0925,-2.3218
-1.349,-0.87177,2.5731,2.889,-1.8558,1.5056,-2.1507,-2.3589
-1.2532,-0.84954,2.6153,2.8925,-1.7964,1.4711,-2.2085,-2.3951
-1.1574,-0.82706,2.6574,2.8951,-1.7367,1.4367,-2.266,-2.4305
-1.0616,-0.80428,2.6994,2.8968,-1.6768,1.4023,-2.323,-2.4651
-0.96606,-0.7812,2.7413,2.8976,-1.6167,1.368,-2.3796,-2.4989
-0.87067,-0.75779,2.7831,2.8974,-1.5565,1.3338,-2.4357,-2.5318
-0.77552,-0.73402,2.8246,2.8964,-1.4961,1.2996,-2.4913,-2.5639
-0.68068,-0.70989,2.866,2.8945,-1.4356,1.2655,-2.5463,-2.5951
-0.58619,-0.68536,2.9071,2.8918,-1.3751,1.2314,-2.6008,-2.6255
-0.4921,-0.66043,2.9479,2.8883,-1.3145,1.1974,-2.6547,-2.6551
-0.39847,-0.63506,2.9885,2.8839,-1.2538,1.1635,-2.7079,-2.6838
-0.30534,-0.60924,3.0287,2.8787,-1.1932,1.1297,-2.7605,-2.7117
-0.21278,-0.58295,3.0685,2.8728,-1.1326,1.096,-2.8125,-2.7387
-0.12083,-0.55618,3.1079,2.8661,-1.0721,1.0623,-2.8637,-2.7648
-0.029539,-0.52891,3.1469,2.8587,-1.0116,1.0288,-2.9141,-2.7902
0.061033,-0.50111,3.1854,2.8505,-0.95129,0.99527,-2.9638,-2.8147
0.15084,-0.47279,3.2234,2.8417,-0.89109,0.96186,-3.0128,-2.8383
0.23983,-0.44391,3.2609,2.8322,-0.83104,0.92852,-3.0609,-2.8611
0.32796,-0.41447,3.2978,2.822,-0.77118,0.89525,-3.1081,-2.8831
0.41516,-0.38445,3.334,2.8113,-0.71152,0.86205,-3.1545,-2.9043
0.50141,-0.35385,3.3696,2.7999,-0.6521,0.82892,-3.2,-2.9246
0.58664,-0.32264,3.4045,2.7879,-0.59293,0.79585,-3.2446,-2.9442
0.67082,-0.29083,3.4387,2.7754,-0.53403,0.76285,-3.2882,-2.963
0.75388,-0.25841,3.4721,2.7624,-0.47544,0.72989,-3.3309,-2.9809
0.83579,-0.22535,3.5048,2.7488,-0.41716,0.69698,-3.3726,-2.9981
0.91651,-0.19167,3.5365,2.7348,-0.35923,0.66412,-3.4132,-3.0146
0.99598,-0.15735,3.5674,2.7203,-0.30166,0.63129,-3.4529,-3.0302
1.0742,-0.12239,3.5974,2.7053,-0.24446,0.59849,-3.4915,-3.0451
1.151,-0.08678,3.6264,2.69,-0.18767,0.56572,-3.529,-3.0593
1.2265,-0.050529,3.6544,2.6743,-0.1313,0.53296,-3.5654,-3.0728
1.3005,-0.013633,3.6814,2.6582,-0.075372,0.50021,-3.6007,-3.0855
1.3731,0.023908,3.7074,2.6418,-0.019897,0.46747,-3.6349,-3.0975
1.4443,0.062091,3.7322,2.6251,0.035102,0.43473,-3.668,-3.1089
1.5138,0.10091,3.7558,2.608,0.089609,0.40198,-3.6998,-3.1196
1.5818,0.14037,3.7783,2.5908,0.14361,0.3692,-3.7305,-3.1296
1.6482,0.18045,3.7996,2.5733,0.19708,0.33641,-3.76,-3.1389
1.713,0.22116,3.8196,2.5555,0.25001,0.30358,-3.7882,-3.1476
1.7761,0.26248,3.8384,2.5376,0.30238,0.27071,-3.8153,-3.1557
1.8375,0.30439,3.8558,2.5195,0.35418,0.2378,-3.841,-3.1631
1.8971,0.3469,3.8718,2.5012,0.4054,0.20484,-3.8655,-3.17
1.9549,0.38999,3.8865,2.4829,0.45601,0.17181,-3.8888,-3.1762
2.011,0.43364,3.8997,2.4644,0.506,0.13872,-3.9107,-3.1819
2.0652,0.47784,3.9114,2.4458,0.55537,0.10556,-3.9313,-3.187
2.1176,0.52257,3.9217,2.4272,0.6041,0.072312,-3.9507,-3.1916
2.1681,0.56781,3.9305,2.4085,0.65217,0.038984,-3.9686,-3.1956
2.2167,0.61355,3.9376,2.3898,0.69957,0.0055649,-3.9853,-3.1991
2.2634,0.65977,3.9432,2.371,0.74629,-0.02795,-4.0006,-3.202
2.3081,0.70644,3.9472,2.3523,0.79232,-0.061565,-4.0145,-3.2045
2.3509,0.75354,3.9496,2.3336,0.83766,-0.095286,-4.0271,-3.2064
2.3917,0.80105,3.9503,2.3149,0.88227,-0.12912,-4.0383,-3.2078
2.4305,0.84894,3.9492,2.2963,0.92617,-0.16306,-4.0481,-3.2088
2.4673,0.89719,3.9465,2.2778,0.96933,-0.19712,-4.0565,-3.2092
2.5021,0.94577,3.942,2.2593,1.0118,-0.2313,-4.0635,-3.2092
2.5348,0.99466,3.9358,2.2409,1.0534,-0.2656,-4.0691,-3.2088
2.5655,1.0438,3.9278,2.2227,1.0943,-0.30003,-4.0733,-3.2079
2.5941,1.0932,3.9179,2.2045,1.1345,-0.33459,-4.076,-3.2065
2.6207,1.1429,3.9063,2.1864,1.1738,-0.36927,-4.0774,-3.2047
2.6452,1.1927,3.8928,2.1685,1.2124,-0.40407,-4.0773,-3.2025
2.6677,1.2427,3.8774,2.1507,1.2502,-0.43901,-4.0758,-3.1998
2.6881,1.2928,3.8602,2.1331,1.2872,-0.47407,-4.0728,-3.1967
2.7065,1.3429,3.8411,2.1156,1.3234,-0.50926,-4.0685,-3.1932
2.7227,1.3932,3.8201,2.0983,1.3587,-0.54457,-4.0627,-3.1892
2.737,1.4435,3.7972,2.0811,1.3933,-0.58,-4.0554,-3.1849
2.7492,1.4937,3.7723,2.0641,1.427,-0.61556,-4.0467,-3.1801
2.7593,1.544,3.7456,2.0472,1.4599,-0.65123,-4.0366,-3.1749
2.7674,1.5941,3.7169,2.0305,1.492,-0.68701,-4.0251,-3.1693
2.7736,1.6442,3.6863,2.014,1.5232,-0.7229,-4.0121,-3.1632
2.7777,1.6941,3.6538,1.9976,1.5536,-0.7589,-3.9977,-3.1568
2.7798,1.7438,3.6193,1.9814,1.5832,-0.79499,-3.9819,-3.15
2.7799,1.7933,3.5829,1.9653,1.6119,-0.83118,-3.9646,-3.1427
2.7781,1.8426,3.5446,1.9494,1.6398,-0.86745,-3.946,-3.135
2.7744,1.8916,3.5044,1.9337,1.6668,-0.90381,-3.9259,-3.1269
2.7687,1.9403,3.4622,1.918,1.693,-0.94023,-3.9044,-3.1184
2.7612,1.9886,3.4181,1.9025,1.7183,-0.97673,-3.8816,-3.1094
2.7518,2.0366,3.3722,1.8872,1.7428,-1.0133,-3.8573,-3.1001
2.7406,2.0841,3.3243,1.8719,1.7664,-1.0499,-3.8317,-3.0903
2.7276,2.1312,3.2746,1.8568,1.7892,-1.0865,-3.8047,-3.08
2.7128,2.1778,3.2231,1.8418,1.8111,-1.1232,-3.7764,-3.0693
2.6963,2.2239,3.1697,1.8268,1.8322,-1.1599,-3.7467,-3.0582
2.678,2.2695,3.1144,1.812,1.8524,-1.1966,-3.7157,-3.0467
2.6581,2.3145,3.0574,1.7972,1.8718,-1.2333,-3.6834,-3.0346
2.6366,2.3589,2.9986,1.7825,1.8904,-1.27,-3.6498,-3.0222
2.6134,2.4026,2.9381,1.7678,1.9082,-1.3067,-3.6149,-3.0092
2.5887,2.4458,2.8759,1.7532,1.9251,-1.3433,-3.5787,-2.9958
2.5625,2.4882,2.8119,1.7386,1.9412,-1.3799,-3.5413,-2.9819
2.5348,2.5299,2.7463,1.7239,1.9565,-1.4165,-3.5026,-2.9676
2.5057,2.5709,2.679,1.7093,1.971,-1.4529,-3.4627,-2.9527
2.4752,2.6111,2.6102,1.6947,1.9846,-1.4894,-3.4216,-2.9374
2.4434,2.6505,2.5398,1.68,1.9975,-1.5257,-3.3794,-2.9216
2.4103,2.6891,2.4679,1.6653,2.0096,-1.5619,-3.336,-2.9053
2.376,2.7269,2.3944,1.6505,2.021,-1.598,-3.2915,-2.8885
2.3404,2.7639,2.3196,1.6356,2.0315,-1.634,-3.2458,-2.8712
2.3037,2.7999,2.2433,1.6207,2.0414,-1.6699,-3.1991,-2.8533
2.266,2.8351,2.1656,1.6056,2.0504,-1.7056,-3.1514,-2.835
2.2272,2.8694,2.0867,1.5904,2.0588,-1.7411,-3.1026,-2.8162
2.1874,2.9028,2.0064,1.5751,2.0664,-1.7765,-3.0527,-2.7968
2.1467,2.9352,1.925,1.5596,2.0734,-1.8117,-3.002,-2.7769
2.1051,2.9667,1.8423,1.544,2.0796,-1.8467,-2.9503,-2.7565
2.0627,2.9972,1.7586,1.5281,2.0852,-1.8815,-2.8976,-2.7356
2.0195,3.0267,1.6738,1.5121,2.0901,-1.916,-2.8441,-2.7141
1.9757,3.0553,1.5879,1.4958,2.0943,-1.9504,-2.7897,-2.6922
1.9312,3.0828,1.5011,1.4794,2.0979,-1.9845,-2.7346,-2.6697
1.8861,3.1094,1.4133,1.4627,2.101,-2.0183,-2.6786,-2.6466
1.8405,3.1349,1.3248,1.4457,2.1034,-2.0519,-2.6219,-2.6231
1.7944,3.1594,1.2354,1.4285,2.1052,-2.0852,-2.5644,-2.599
1.748,3.1829,1.1453,1.4109,2.1065,-2.1182,-2.5063,-2.5744
1.7012,3.2054,1.0545,1.3931,2.1073,-2.151,-2.4476,-2.5494
1.654,3.2269,0.96306,1.375,2.1075,-2.1834,-2.3882,-2.5237
1.6067,3.2473,0.87109,1.3566,2.1072,-2.2155,-2.3283,-2.4976
1.5592,3.2667,0.77863,1.3379,2.1065,-2.2473,-2.2679,-2.471
1.5116,3.285,0.68575,1.3188,2.1053,-2.2787,-2.207,-2.4439
1.464,3.3024,0.5925,1.2994,2.1037,-2.3098,-2.1456,-2.4163
1.4164,3.3187,0.49895,1.2796,2.1016,-2.3406,-2.0839,-2.3882
1.3688,3.334,0.40517,1.2595,2.0992,-2.371,-2.0218,-2.3597
1.3214,3.3483,0.31122,1.239,2.0964,-2.401,-1.9593,-2.3307
1.2742,3.3616,0.21716,1.2181,2.0932,-2.4307,-1.8966,-2.3012
1.2272,3.3738,0.12308,1.1968,2.0898,-2.4599,-1.8337,-2.2714
1.1806,3.3851,0.029021,1.1752,2.086,-2.4888,-1.7706,-2.241
1.1343,3.3954,-0.064936,1.1532,2.082,-2.5173,-1.7073,-2.2103
1.0884,3.4047,-0.15873,1.1307,2.0777,-2.5453,-1.644,-2.1791
1.043,3.4131,-0.25228,1.1079,2.0732,-2.573,-1.5806,-2.1476
0.99822,3.4205,-0.34553,1.0847,2.0685,-2.6003,-1.5172,-2.1157
0.95398,3.4269,-0.43842,1.061,2.0636,-2.6271,-1.4539,-2.0834
0.9104,3.4325,-0.53086,1.037,2.0586,-2.6535,-1.3906,-2.0508
0.86751,3.4371,-0.6228,1.0126,2.0535,-2.6795,-1.3275,-2.0179
0.82539,3.4407,-0.71417,0.98774,2.0483,-2.705,-1.2645,-1.9847
0.78408,3.4435,-0.80489,0.96251,2.043,-2.7301,-1.2018,-1.9511
0.74362,3.4455,-0.89491,0.93688,2.0377,-2.7547,-1.1394,-1.9173
