0.8131,-0.75782,1.3177,-0.95466,0.59046,0.43736,-0.66198,0.56032
0.78935,-0.73172,1.2984,-0.94884,0.57998,0.43529,-0.65216,0.55925
0.76506,-0.70491,1.2788,-0.94238,0.56946,0.43279,-0.64241,0.55748
0.74021,-0.6774,1.2589,-0.93528,0.55889,0.42987,-0.63271,0.55501
0.7148,-0.64921,1.2386,-0.92755,0.54825,0.42652,-0.62304,0.55185
0.68883,-0.62036,1.2179,-0.91918,0.53755,0.42275,-0.61342,0.548
0.66226,-0.59085,1.1969,-0.91016,0.52676,0.41856,-0.60381,0.54347
0.63511,-0.56071,1.1754,-0.9005,0.51588,0.41397,-0.59421,0.53826
0.60736,-0.52994,1.1536,-0.89019,0.50489,0.40896,-0.58461,0.53238
0.579,-0.49857,1.1314,-0.87923,0.49378,0.40355,-0.575,0.52584
0.55003,-0.46661,1.1087,-0.86761,0.48255,0.39774,-0.56536,0.51864
0.52043,-0.43408,1.0856,-0.85535,0.47119,0.39154,-0.55569,0.51079
0.49021,-0.401,1.0621,-0.84243,0.45968,0.38495,-0.54596,0.50231
0.45937,-0.36739,1.0381,-0.82885,0.448,0.37797,-0.53618,0.4932
0.42789,-0.33328,1.0137,-0.81462,0.43617,0.37062,-0.52632,0.48347
0.39578,-0.29867,0.98883,-0.79974,0.42415,0.3629,-0.51638,0.47314
0.36304,-0.26361,0.96349,-0.78421,0.41195,0.35481,-0.50634,0.46222
0.32966,-0.22809,0.93769,-0.76802,0.39955,0.34637,-0.49619,0.45071
0.29565,-0.19217,0.91141,-0.75119,0.38694,0.33757,-0.48592,0.43864
0.26101,-0.15584,0.88464,-0.73372,0.37412,0.32843,-0.47551,0.42602
0.22575,-0.11915,0.85739,-0.7156,0.36107,0.31896,-0.46496,0.41286
0.18986,-0.082117,0.82965,-0.69684,0.34779,0.30916,-0.45425,0.39917
0.15336,-0.044767,0.8014,-0.67745,0.33427,0.29905,-0.44336,0.38498
0.11624,-0.0071286,0.77265,-0.65743,0.3205,0.28862,-0.4323,0.3703
0.078529,0.030771,0.7434,-0.63679,0.30647,0.27789,-0.42104,0.35515
0.040223,0.068902,0.71364,-0.61554,0.29218,0.26688,-0.40957,0.33954
0.0013353,0.10724,0.68337,-0.59367,0.27762,0.25558,-0.39788,0.32349
-0.038122,0.14574,0.65258,-0.5712,0.26278,0.24401,-0.38597,0.30703
-0.078135,0.18439,0.62128,-0.54814,0.24765,0.23218,-0.37381,0.29017
-0.11869,0.22315,0.58947,-0.52449,0.23224,0.2201,-0.36141,0.27292
-0.15977,0.26199,0.55714,-0.50026,0.21654,0.20778,-0.34874,0.25532
-0.20137,0.30088,0.5243,-0.47547,0.20053,0.19523,-0.3358,0.23738
-0.24345,0.33978,0.49094,-0.45013,0.18422,0.18247,-0.32258,0.21913
-0.28601,0.37866,0.45708,-0.42424,0.16761,0.1695,-0.30907,0.20057
-0.32902,0.4175,0.42271,-0.39783,0.15068,0.15635,-0.29527,0.18175
-0.37246,0.45624,0.38784,-0.37089,0.13345,0.14301,-0.28115,0.16267
-0.4163,0.49487,0.35247,-0.34346,0.1159,0.1295,-0.26672,0.14337
-0.46053,0.53334,0.3166,-0.31553,0.098032,0.11584,-0.25197,0.12386
-0.50512,0.57163,0.28025,-0.28713,0.07985,0.10204,-0.23689,0.10416
-0.55004,0.60969,0.24343,-0.25828,0.061351,0.088108,-0.22147,0.08431
-0.59527,0.64749,0.20613,-0.22898,0.042536,0.074064,-0.2057,0.064324
-0.64077,0.68499,0.16837,-0.19926,0.023406,0.059919,-0.1896,0.044228
-0.68651,0.72217,0.13015,-0.16913,0.003963,0.045688,-0.17313,0.024045
-0.73247,0.75898,0.091497,-0.13862,-0.015792,0.031384,-0.15632,0.0038007
-0.77861,0.79538,0.052411,-0.10774,-0.035854,0.017022,-0.13914,-0.01648
-0.82489,0.83135,0.012909,-0.076517,-0.056221,0.0026169,-0.1216,-0.036773
-0.87129,0.86684,-0.026999,-0.044968,-0.076889,-0.011817,-0.10369,-0.057053
-0.91778,0.90182,-0.067296,-0.013115,-0.097851,-0.026266,-0.08542,-0.077295
-0.9643,0.93626,-0.10797,0.019019,-0.1191,-0.040714,-0.066781,-0.097474
-1.0108,0.97011,-0.149,0.051411,-0.14064,-0.055146,-0.047774,-0.11756
-1.0573,1.0033,-0.19037,0.084037,-0.16245,-0.069547,-0.028401,-0.13754
-1.1037,1.0359,-0.23207,0.11687,-0.18453,-0.083902,-0.008662,-0.15738
-1.1501,1.0678,-0.27407,0.14989,-0.20687,-0.098195,0.01144,-0.17706
-1.1962,1.099,-0.31635,0.18307,-0.22946,-0.11241,0.031901,-0.19654
-1.2422,1.1294,-0.3589,0.21638,-0.25229,-0.12654,0.052719,-0.21582
-1.2879,1.159,-0.40169,0.2498,-0.27536,-0.14055,0.073889,-0.23485
-1.3334,1.1878,-0.44471,0.28329,-0.29864,-0.15445,0.095406,-0.25362
-1.3786,1.2157,-0.48791,0.31684,-0.32213,-0.16821,0.11726,-0.27211
-1.4233,1.2428,-0.5313,0.35041,-0.34582,-0.18181,0.13945,-0.29028
-1.4677,1.2689,-0.57482,0.38397,-0.36969,-0.19524,0.16197,-0.30812
-1.5117,1.294,-0.61847,0.41749,-0.39373,-0.20849,0.1848,-0.3256
-1.5551,1.3182,-0.66222,0.45095,-0.41792,-0.22154,0.20794,-0.3427
-1.598,1.3413,-0.70603,0.4843,-0.44225,-0.23438,0.23138,-0.3594
-1.6403,1.3634,-0.74987,0.51754,-0.46671,-0.24698,0.25511,-0.37567
-1.682,1.3844,-0.79373,0.55061,-0.49127,-0.25935,0.27911,-0.39148
-1.7231,1.4043,-0.83757,0.58349,-0.51593,-0.27145,0.30337,-0.40683
-1.7634,1.4231,-0.88135,0.61615,-0.54066,-0.28328,0.32789,-0.42169
-1.803,1.4406,-0.92505,0.64855,-0.56544,-0.29482,0.35263,-0.43603
-1.8417,1.457,-0.96864,0.68067,-0.59027,-0.30606,0.3776,-0.44984
-1.8797,1.4722,-1.0121,0.71246,-0.61511,-0.31698,0.40278,-0.46309
-1.9167,1.4861,-1.0553,0.74391,-0.63996,-0.32757,0.42814,-0.47577
-1.9528,1.4988,-1.0984,0.77497,-0.66478,-0.33782,0.45367,-0.48786
-1.988,1.5102,-1.1412,0.80561,-0.68957,-0.3477,0.47936,-0.49935
-2.0221,1.5202,-1.1837,0.8358,-0.7143,-0.35722,0.50518,-0.5102
-2.0552,1.5289,-1.2259,0.8655,-0.73895,-0.36635,0.53113,-0.52042
-2.0871,1.5363,-1.2677,0.89469,-0.76349,-0.37508,0.55716,-0.52997
-2.118,1.5423,-1.3091,0.92333,-0.78792,-0.38341,0.58328,-0.53885
-2.1477,1.5469,-1.3502,0.95138,-0.8122,-0.39131,0.60945,-0.54704
-2.1761,1.5501,-1.3907,0.97881,-0.83632,-0.39877,0.63566,-0.55452
-2.2033,1.5519,-1.4308,1.0056,-0.86025,-0.40579,0.66188,-0.56129
-2.2293,1.5522,-1.4703,1.0317,-0.88397,-0.41236,0.6881,-0.56733
-2.2539,1.5511,-1.5092,1.0571,-0.90746,-0.41845,0.71428,-0.57263
-2.2772,1.5486,-1.5476,1.0817,-0.9307,-0.42406,0.74041,-0.57717
-2.2991,1.5445,-1.5853,1.1056,-0.95367,-0.42918,0.76647,-0.58096
-2.3196,1.539,-1.6223,1.1286,-0.97633,-0.4338,0.79242,-0.58397
-2.3386,1.532,-1.6585,1.1508,-0.99868,-0.43791,0.81825,-0.5862
-2.3562,1.5235,-1.6941,1.1721,-1.0207,-0.4415,0.84393,-0.58764
-2.3723,1.5135,-1.7288,1.1926,-1.0423,-0.44456,0.86944,-0.58829
-2.3869,1.5021,-1.7627,1.212,-1.0636,-0.44709,0.89476,-0.58814
-2.3999,1.4891,-1.7957,1.2306,-1.0844,-0.44906,0.91985,-0.58717
-2.4114,1.4746,-1.8279,1.2481,-1.1049,-0.45048,0.94469,-0.5854
-2.4213,1.4586,-1.8591,1.2646,-1.1248,-0.45134,0.96927,-0.58282
-2.4296,1.4411,-1.8893,1.2801,-1.1443,-0.45163,0.99355,-0.57941
-2.4363,1.4221,-1.9185,1.2944,-1.1634,-0.45135,1.0175,-0.57519
-2.4413,1.4017,-1.9467,1.3077,-1.1819,-0.45048,1.0411,-0.57015
-2.4447,1.3797,-1.9738,1.3199,-1.1998,-0.44902,1.0644,-0.56428
-2.4464,1.3563,-1.9998,1.3309,-1.2173,-0.44697,1.0872,-0.5576
-2.4465,1.3314,-2.0247,1.3407,-1.2341,-0.44432,1.1097,-0.5501
-2.4449,1.3051,-2.0484,1.3493,-1.2504,-0.44107,1.1317,-0.54179
-2.4416,1.2773,-2.071,1.3567,-1.266,-0.43721,1.1532,-0.53266
-2.4367,1.2482,-2.0923,1.3629,-1.2811,-0.43274,1.1743,-0.52273
-2.43,1.2176,-2.1123,1.3678,-1.2955,-0.42766,1.1948,-0.512
-2.4217,1.1857,-2.1311,1.3714,-1.3092,-0.42195,1.2148,-0.50047
-2.4117,1.1523,-2.1486,1.3737,-1.3223,-0.41564,1.2343,-0.48815
-2.4,1.1177,-2.1648,1.3747,-1.3347,-0.4087,1.2532,-0.47505
-2.3867,1.0817,-2.1797,1.3744,-1.3464,-0.40114,1.2715,-0.46118
-2.3717,1.0445,-2.1932,1.3727,-1.3574,-0.39296,1.2891,-0.44655
-2.355,1.006,-2.2053,1.3697,-1.3677,-0.38416,1.3062,-0.43116
-2.3367,0.96624,-2.216,1.3653,-1.3772,-0.37474,1.3226,-0.41504
-2.3168,0.9253,-2.2253,1.3596,-1.386,-0.36471,1.3383,-0.39818
-2.2952,0.88319,-2.2331,1.3524,-1.3941,-0.35405,1.3533,-0.38062
-2.2721,0.83994,-2.2395,1.3438,-1.4013,-0.34279,1.3677,-0.36235
-2.2474,0.7956,-2.2445,1.3339,-1.4078,-0.33091,1.3813,-0.34339
-2.2211,0.75019,-2.2479,1.3225,-1.4135,-0.31843,1.3941,-0.32377
-2.1933,0.70376,-2.2499,1.3098,-1.4185,-0.30534,1.4062,-0.30349
-2.1639,0.65635,-2.2505,1.2956,-1.4226,-0.29166,1.4176,-0.28257
-2.1331,0.60799,-2.2495,1.28,-1.4259,-0.27739,1.4282,-0.26103
-2.1008,0.55874,-2.247,1.263,-1.4285,-0.26254,1.4379,-0.23889
-2.0671,0.50863,-2.243,1.2446,-1.4302,-0.24711,1.4469,-0.21617
-2.032,0.45771,-2.2376,1.2248,-1.4311,-0.23111,1.4551,-0.19289
-1.9955,0.40603,-2.2306,1.2036,-1.4313,-0.21455,1.4624,-0.16907
-1.9577,0.35364,-2.2221,1.181,-1.4306,-0.19744,1.4689,-0.14473
-1.9185,0.30059,-2.2122,1.1571,-1.4291,-0.1798,1.4746,-0.11989
-1.8781,0.24692,-2.2007,1.1317,-1.4268,-0.16162,1.4794,-0.094586
-1.8364,0.1927,-2.1878,1.1051,-1.4237,-0.14293,1.4834,-0.068827
-1.7936,0.13798,-2.1734,1.077,-1.4198,-0.12373,1.4865,-0.042644
-1.7495,0.082809,-2.1575,1.0477,-1.415,-0.10404,1.4887,-0.016061
-1.7044,0.027245,-2.1402,1.0171,-1.4095,-0.083869,1.4901,0.010896
-1.6581,-0.028654,-2.1214,0.98516,-1.4032,-0.063239,1.4906,0.0382
-1.6108,-0.084829,-2.1013,0.95198,-1.3962,-0.042161,1.4902,0.065826
-1.5625,-0.14122,-2.0797,0.91757,-1.3883,-0.020653,1.489,0.093745
-1.5132,-0.19777,-2.0567,0.88195,-1.3797,0.0012685,1.4869,0.12193
-1.463,-0.25442,-2.0324,0.84515,-1.3703,0.023586,1.4839,0.15035
-1.4119,-0.3111,-2.0067,0.80719,-1.3601,0.04628,1.48,0.17898
-1.36,-0.36775,-1.9797,0.76811,-1.3492,0.069332,1.4753,0.20778
-1.3072,-0.42431,-1.9514,0.72794,-1.3376,0.092721,1.4697,0.23673
-1.2537,-0.48072,-1.9218,0.68671,-1.3253,0.11643,1.4632,0.2658
-1.1995,-0.53691,-1.8909,0.64446,-1.3122,0.14043,1.4559,0.29496
-1.1446,-0.59282,-1.8589,0.60123,-1.2984,0.1647,1.4478,0.32417
-1.0891,-0.64838,-1.8256,0.55705,-1.2839,0.18921,1.4387,0.3534
-1.033,-0.70352,-1.7912,0.51197,-1.2688,0.21396,1.4289,0.38263
-0.97638,-0.75819,-1.7557,0.46603,-1.253,0.2389,1.4182,0.41181
-0.91923,-0.81232,-1.719,0.41927,-1.2365,0.26401,1.4066,0.44091
-0.86162,-0.86584,-1.6813,0.37174,-1.2194,0.28927,1.3943,0.46991
-0.8036,-0.91868,-1.6426,0.32349,-1.2016,0.31465,1.3811,0.49877
-0.74521,-0.97079,-1.6028,0.27455,-1.1833,0.34012,1.3671,0.52745
-0.68648,-1.0221,-1.5621,0.22499,-1.1643,0.36566,1.3524,0.55592
-0.62746,-1.0725,-1.5205,0.17486,-1.1447,0.39123,1.3368,0.58415
-0.56819,-1.122,-1.4779,0.12419,-1.1246,0.4168,1.3205,0.6121
-0.50871,-1.1705,-1.4345,0.073062,-1.1039,0.44235,1.3034,0.63974
-0.44905,-1.218,-1.3903,0.021514,-1.0826,0.46784,1.2855,0.66704
-0.38927,-1.2643,-1.3453,-0.030394,-1.0608,0.49324,1.267,0.69395
-0.32939,-1.3095,-1.2996,-0.082606,-1.0385,0.51852,1.2476,0.72045
-0.26946,-1.3534,-1.2532,-0.13506,-1.0156,0.54364,1.2276,0.7465
-0.2095,-1.396,-1.2061,-0.18771,-0.9923,0.56858,1.2068,0.77207
-0.14956,-1.4372,-1.1583,-0.24048,-0.96848,0.5933,1.1854,0.79712
-0.089676,-1.477,-1.11,-0.29332,-0.94419,0.61776,1.1633,0.82161
-0.029875,-1.5154,-1.0611,-0.34616,-0.91944,0.64194,1.1405,0.84552
0.029807,-1.5522,-1.0117,-0.39896,-0.89424,0.66579,1.117,0.86882
0.089337,-1.5874,-0.96187,-0.45163,-0.86861,0.68928,1.0929,0.89146
0.14868,-1.621,-0.91157,-0.50412,-0.84256,0.71238,1.0681,0.91341
0.20782,-1.6529,-0.86087,-0.55637,-0.81609,0.73505,1.0428,0.93464
0.26671,-1.6831,-0.80981,-0.60831,-0.78923,0.75725,1.0168,0.95512
0.32533,-1.7115,-0.75843,-0.65988,-0.76198,0.77896,0.99022,0.97482
0.38365,-1.738,-0.70676,-0.71102,-0.73435,0.80012,0.96306,0.9937
0.44165,-1.7627,-0.65484,-0.76166,-0.70635,0.82072,0.93533,1.0117
0.49929,-1.7855,-0.60271,-0.81174,-0.678,0.84071,0.90704,1.0289
0.55656,-1.8063,-0.5504,-0.86119,-0.64931,0.86005,0.87821,1.0451
0.61343,-1.8251,-0.49794,-0.90996,-0.62027,0.87872,0.84884,1.0604
0.66989,-1.8419,-0.44537,-0.95797,-0.59091,0.89667,0.81895,1.0748
0.72589,-1.8567,-0.39273,-1.0052,-0.56124,0.91387,0.78855,1.0881
0.78144,-1.8693,-0.34004,-1.0515,-0.53125,0.93028,0.75765,1.1004
0.83651,-1.8798,-0.28734,-1.0969,-0.50096,0.94588,0.72627,1.1117
0.89108,-1.8882,-0.23465,-1.1413,-0.47037,0.96062,0.69441,1.1219
0.94513,-1.8944,-0.18202,-1.1846,-0.4395,0.97448,0.66208,1.131
0.99865,-1.8984,-0.12946,-1.2268,-0.40834,0.98742,0.62931,1.1389
1.0516,-1.9001,-0.077004,-1.2678,-0.37692,0.9994,0.59609,1.1457
1.104,-1.8997,-0.024685,-1.3076,-0.34522,1.0104,0.56245,1.1513
1.1559,-1.897,0.027476,-1.3461,-0.31326,1.0204,0.52839,1.1558
1.2071,-1.892,0.079452,-1.3832,-0.28105,1.0293,0.49391,1.159
1.2578,-1.8848,0.13122,-1.419,-0.24859,1.0372,0.45904,1.1609
1.3078,-1.8753,0.18275,-1.4532,-0.21588,1.0439,0.42379,1.1617
1.3572,-1.8635,0.23403,-1.486,-0.18292,1.0496,0.38815,1.1611
1.406,-1.8494,0.28504,-1.5172,-0.14974,1.054,0.35215,1.1592
1.4542,-1.833,0.33574,-1.5469,-0.11631,1.0573,0.31579,1.1561
1.5017,-1.8144,0.38614,-1.5748,-0.08266,1.0594,0.27909,1.1516
1.5486,-1.7935,0.4362,-1.6011,-0.048781,1.0602,0.24204,1.1457
1.5949,-1.7703,0.48591,-1.6256,-0.01468,1.0598,0.20467,1.1386
1.6404,-1.7449,0.53525,-1.6483,0.019641,1.0581,0.16697,1.13
1.6853,-1.7172,0.58421,-1.6693,0.054178,1.0551,0.12897,1.1201
1.7296,-1.6873,0.63278,-1.6883,0.08893,1.0508,0.090665,1.1088
1.7732,-1.6552,0.68094,-1.7055,0.12389,1.0451,0.052068,1.0962
1.8161,-1.621,0.72867,-1.7207,0.15906,1.0381,0.013187,1.0821
1.8583,-1.5845,0.77598,-1.734,0.19444,1.0297,-0.025968,1.0666
1.8999,-1.5459,0.82285,-1.7452,0.23002,1.0199,-0.065388,1.0498
1.9407,-1.5053,0.86927,-1.7545,0.2658,1.0088,-0.10507,1.0316
1.981,-1.4625,0.91523,-1.7617,0.30178,0.99622,-0.14499,1.0119
2.0205,-1.4177,0.96072,-1.7669,0.33795,0.98225,-0.18515,0.99088
2.0594,-1.3709,1.0057,-1.7699,0.37432,0.96685,-0.22555,0.96846
2.0976,-1.3222,1.0503,-1.7709,0.41088,0.95003,-0.26616,0.94464
2.1351,-1.2715,1.0944,-1.7697,0.44762,0.93178,-0.30699,0.91945
2.1719,-1.2189,1.1379,-1.7664,0.48455,0.91209,-0.34802,0.89288
2.2081,-1.1645,1.181,-1.761,0.52166,0.89097,-0.38924,0.86495
2.2436,-1.1083,1.2237,-1.7534,0.55895,0.86841,-0.43065,0.83567
2.2785,-1.0504,1.2658,-1.7437,0.59641,0.84442,-0.47224,0.80505
2.3127,-0.99074,1.3074,-1.7317,0.63404,0.819,-0.51398,0.7731
2.3462,-0.92947,1.3485,-1.7177,0.67184,0.79215,-0.55589,0.73984
2.3791,-0.86663,1.3891,-1.7014,0.7098,0.76389,-0.59794,0.70528
2.4113,-0.80225,1.4293,-1.683,0.74792,0.73422,-0.64013,0.66945
2.4428,-0.73642,1.4689,-1.6625,0.78619,0.70315,-0.68244,0.63236
2.4737,-0.66917,1.5081,-1.6398,0.8246,0.67069,-0.72487,0.59403
2.504,-0.60058,1.5468,-1.615,0.86316,0.63687,-0.7674,0.55449
2.5336,-0.5307,1.585,-1.5881,0.90185,0.60168,-0.81003,0.51376
2.5626,-0.45961,1.6227,-1.559,0.94066,0.56516,-0.85274,0.47187
2.5909,-0.38737,1.6599,-1.5279,0.9796,0.52731,-0.89552,0.42884
2.6186,-0.31404,1.6967,-1.4947,1.0187,0.48816,-0.93836,0.3847
2.6457,-0.2397,1.7329,-1.4595,1.0578,0.44774,-0.98125,0.33947
2.6721,-0.16441,1.7688,-1.4223,1.0971,0.40605,-1.0242,0.2932
2.6979,-0.088247,1.8041,-1.3831,1.1364,0.36314,-1.0671,0.24592
2.723,-0.011281,1.839,-1.3419,1.1758,0.31902,-1.1101,0.19764
2.7476,0.066415,1.8734,-1.2988,1.2153,0.27373,-1.153,0.14842
2.7715,0.14477,1.9074,-1.2538,1.2549,0.22729,-1.196,0.098281
2.7948,0.2237,1.9409,-1.2069,1.2944,0.17973,-1.2389,0.047264
2.8174,0.30315,1.974,-1.1583,1.3341,0.13109,-1.2817,-0.0045924
2.8394,0.38302,2.0067,-1.1078,1.3737,0.081402,-1.3245,-0.057251
2.8608,0.46325,2.0389,-1.0556,1.4134,0.0307,-1.3672,-0.11067
2.8816,0.54376,2.0706,-1.0018,1.453,-0.020979,-1.4099,-0.16481
2.9018,0.62448,2.102,-0.94627,1.4927,-0.073596,-1.4524,-0.21963
2.9213,0.70532,2.1329,-0.88917,1.5323,-0.12711,-1.4948,-0.27509
2.9402,0.78621,2.1634,-0.83052,1.5719,-0.18149,-1.5371,-0.33114
2.9584,0.86707,2.1935,-0.77038,1.6114,-0.23668,-1.5792,-0.38774
2.9761,0.94782,2.2231,-0.7088,1.6508,-0.29265,-1.6211,-0.44485
2.9931,1.0284,2.2523,-0.64583,1.6901,-0.34935,-1.6629,-0.50241
3.0095,1.1087,2.2812,-0.58154,1.7293,-0.40673,-1.7044,-0.56039
3.0252,1.1887,2.3096,-0.51597,1.7684,-0.46476,-1.7457,-0.61873
3.0403,1.2683,2.3376,-0.44919,1.8074,-0.52337,-1.7868,-0.67739
3.0548,1.3473,2.3651,-0.38127,1.8462,-0.58253,-1.8276,-0.73632
3.0686,1.4259,2.3923,-0.31225,1.8848,-0.64218,-1.8682,-0.79547
3.0818,1.5037,2.4191,-0.24221,1.9232,-0.70228,-1.9084,-0.8548
3.0944,1.5809,2.4454,-0.1712,1.9613,-0.76278,-1.9483,-0.91425
3.1062,1.6573,2.4714,-0.099306,1.9993,-0.82361,-1.9879,-0.97377
3.1175,1.7328,2.4969,-0.026578,2.0369,-0.88474,-2.0271,-1.0333
3.128,1.8075,2.522,0.046911,2.0743,-0.94611,-2.066,-1.0928
3.1379,1.8811,2.5467,0.12109,2.1114,-1.0077,-2.1044,-1.1523
3.1471,1.9536,2.5709,0.1959,2.1482,-1.0694,-2.1425,-1.2116
3.1557,2.0251,2.5948,0.27126,2.1846,-1.1311,-2.1801,-1.2708
3.1635,2.0953,2.6182,0.34711,2.2206,-1.1929,-2.2172,-1.3297
3.1707,2.1643,2.6411,0.42336,2.2563,-1.2547,-2.2539,-1.3884
3.1771,2.2319,2.6637,0.49996,2.2915,-1.3164,-2.29,-1.4467
3.1829,2.2981,2.6858,0.57683,2.3263,-1.3779,-2.3257,-1.5047
3.1879,2.363,2.7074,0.65389,2.3606,-1.4393,-2.3608,-1.5622
3.1923,2.4263,2.7286,0.73108,2.3944,-1.5004,-2.3953,-1.6193
3.1959,2.488,2.7493,0.80832,2.4277,-1.5611,-2.4292,-1.6758
3.1987,2.5481,2.7695,0.88554,2.4605,-1.6216,-2.4626,-1.7318
3.2009,2.6066,2.7893,0.96267,2.4928,-1.6816,-2.4953,-1.7872
3.2022,2.6633,2.8086,1.0396,2.5244,-1.7412,-2.5273,-1.8419
3.2029,2.7183,2.8274,1.1163,2.5555,-1.8002,-2.5587,-1.8959
3.2027,2.7714,2.8457,1.1928,2.5859,-1.8586,-2.5894,-1.9491
3.2018,2.8227,2.8634,1.2688,2.6156,-1.9164,-2.6194,-2.0016
3.2,2.872,2.8807,1.3443,2.6447,-1.9736,-2.6487,-2.0532
3.1975,2.9194,2.8974,1.4194,2.6731,-2.03,-2.6772,-2.104
3.1942,2.9649,2.9135,1.4938,2.7007,-2.0856,-2.7049,-2.1538
3.1901,3.0083,2.9291,1.5676,2.7276,-2.1403,-2.7318,-2.2026
3.1852,3.0496,2.9442,1.6407,2.7538,-2.1942,-2.758,-2.2504
3.1794,3.0888,2.9586,1.7129,2.7791,-2.2472,-2.7832,-2.2972
3.1728,3.126,2.9725,1.7843,2.8036,-2.2991,-2.8077,-2.3429
3.1653,3.1609,2.9857,1.8547,2.8272,-2.35,-2.8312,-2.3875
3.157,3.1937,2.9984,1.9241,2.85,-2.3998,-2.8539,-2.431
3.1478,3.2243,3.0104,1.9924,2.8719,-2.4485,-2.8756,-2.4732
3.1377,3.2527,3.0217,2.0597,2.8929,-2.496,-2.8965,-2.5142
3.1268,3.2788,3.0324,2.1257,2.9129,-2.5422,-2.9164,-2.5539
3.1149,3.3027,3.0424,2.1904,2.932,-2.5873,-2.9353,-2.5924
3.1022,3.3243,3.0518,2.2539,2.9501,-2.6309,-2.9532,-2.6295
3.0885,3.3436,3.0604,2.316,2.9672,-2.6733,-2.9701,-2.6653
3.074,3.3607,3.0683,2.3766,2.9833,-2.7142,-2.9861,-2.6997
3.0585,3.3754,3.0755,2.4358,2.9984,-2.7538,-3.001,-2.7327
3.042,3.3878,3.0819,2.4934,3.0123,-2.7918,-3.0148,-2.7643
3.0247,3.398,3.0876,2.5494,3.0252,-2.8284,-3.0276,-2.7944
3.0064,3.4058,3.0925,2.6038,3.037,-2.8634,-3.0393,-2.823
2.9871,3.4113,3.0966,2.6565,3.0477,-2.8968,-3.0499,-2.8502
2.9669,3.4146,3.0999,2.7074,3.0573,-2.9287,-3.0594,-2.8758
2.9457,3.4155,3.1024,2.7566,3.0657,-2.9589,-3.0678,-2.8999
2.9236,3.4142,3.1041,2.8039,3.073,-2.9874,-3.0751,-2.9224
2.9004,3.4106,3.1049,2.8494,3.079,-3.0143,-3.0813,-2.9434
2.8763,3.4048,3.1048,2.893,3.0839,-3.0394,-3.0863,-2.9629
2.8513,3.3967,3.1038,2.9346,3.0876,-3.0629,-3.0901,-2.9807
2.8252,3.3864,3.102,2.9743,3.09,-3.0845,-3.0928,-2.9969
2.7982,3.3739,3.0993,3.0119,3.0912,-3.1044,-3.0943,-3.0116
2.7701,3.3593,3.0956,3.0475,3.0912,-3.1225,-3.0946,-3.0246
2.7411,3.3425,3.091,3.0811,3.0899,-3.1388,-3.0938,-3.036
2.7111,3.3235,3.0854,3.1125,3.0874,-3.1533,-3.0917,-3.0458
2.6801,3.3025,3.0789,3.1419,3.0835,-3.1659,-3.0885,-3.0539
2.6481,3.2795,3.0715,3.1691,3.0784,-3.1767,-3.084,-3.0605
2.6151,3.2543,3.063,3.1941,3.072,-3.1856,-3.0784,-3.0654
2.5812,3.2273,3.0535,3.217,3.0644,-3.1926,-3.0715,-3.0687
2.5462,3.1982,3.0431,3.2377,3.0554,-3.1978,-3.0635,-3.0703
2.5103,3.1672,3.0316,3.2562,3.0451,-3.2011,-3.0542,-3.0704
2.4734,3.1344,3.0191,3.2725,3.0335,-3.2025,-3.0437,-3.0689
2.4356,3.0997,3.0056,3.2865,3.0207,-3.2021,-3.032,-3.0657
2.3967,3.0632,2.991,3.2983,3.0065,-3.1998,-3.0191,-3.061
2.357,3.0249,2.9753,3.308,2.991,-3.1956,-3.005,-3.0547
2.3162,2.985,2.9586,3.3153,2.9742,-3.1895,-2.9897,-3.0468
2.2745,2.9433,2.9408,3.3205,2.9561,-3.1816,-2.9731,-3.0374
2.2319,2.9001,2.922,3.3234,2.9367,-3.1719,-2.9555,-3.0265
2.1884,2.8553,2.9021,3.3242,2.916,-3.1603,-2.9366,-3.014
2.144,2.809,2.8811,3.3227,2.894,-3.1468,-2.9165,-3.0001
2.0986,2.7613,2.8589,3.319,2.8707,-3.1316,-2.8953,-2.9846
2.0524,2.7121,2.8357,3.3132,2.8462,-3.1146,-2.8729,-2.9677
2.0053,2.6616,2.8115,3.3051,2.8204,-3.0958,-2.8494,-2.9494
1.9574,2.6098,2.7861,3.295,2.7933,-3.0752,-2.8247,-2.9296
1.9086,2.5567,2.7596,3.2827,2.765,-3.0529,-2.7989,-2.9085
1.8589,2.5025,2.732,3.2683,2.7354,-3.0289,-2.772,-2.886
1.8085,2.4471,2.7033,3.2518,2.7047,-3.0032,-2.744,-2.8621
1.7572,2.3907,2.6735,3.2332,2.6727,-2.9759,-2.7149,-2.837
1.7052,2.3332,2.6426,3.2126,2.6395,-2.9469,-2.6847,-2.8105
1.6524,2.2748,2.6106,3.1901,2.6052,-2.9163,-2.6535,-2.7828
1.5989,2.2155,2.5776,3.1655,2.5697,-2.8842,-2.6212,-2.7539
1.5447,2.1554,2.5434,3.139,2.533,-2.8505,-2.588,-2.7238
1.4897,2.0945,2.5082,3.1106,2.4953,-2.8153,-2.5537,-2.6925
1.4341,2.0329,2.4719,3.0804,2.4564,-2.7786,-2.5185,-2.6601
1.3779,1.9706,2.4346,3.0483,2.4165,-2.7405,-2.4822,-2.6267
1.321,1.9078,2.3962,3.0144,2.3755,-2.701,-2.4451,-2.5921
1.2635,1.8444,2.3567,2.9788,2.3334,-2.6601,-2.407,-2.5565
1.2054,1.7806,2.3162,2.9415,2.2904,-2.6179,-2.3681,-2.52
1.1468,1.7163,2.2747,2.9026,2.2463,-2.5745,-2.3282,-2.4825
1.0876,1.6518,2.2322,2.862,2.2013,-2.5298,-2.2876,-2.4441
1.028,1.5869,2.1887,2.8199,2.1554,-2.4839,-2.2461,-2.4048
0.96787,1.5218,2.1442,2.7762,2.1085,-2.4369,-2.2038,-2.3647
0.90731,1.4566,2.0988,2.7311,2.0608,-2.3887,-2.1607,-2.3238
0.84634,1.3912,2.0524,2.6846,2.0123,-2.3395,-2.1169,-2.2821
0.78498,1.3258,2.0051,2.6368,1.9629,-2.2894,-2.0724,-2.2397
0.72327,1.2604,1.9569,2.5876,1.9127,-2.2382,-2.0272,-2.1967
0.66124,1.1952,1.9078,2.5372,1.8618,-2.1861,-1.9813,-2.153
0.59891,1.13,1.8578,2.4856,1.8101,-2.1332,-1.9348,-2.1087
0.53633,1.065,1.8069,2.4329,1.7578,-2.0795,-1.8878,-2.0639
0.47351,1.0003,1.7553,2.3791,1.7048,-2.025,-1.8401,-2.0185
0.4105,0.93588,1.7028,2.3242,1.6511,-1.9698,-1.7919,-1.9727
0.34733,0.87182,1.6496,2.2684,1.5969,-1.914,-1.7432,-1.9265
0.28403,0.80817,1.5956,2.2117,1.5422,-1.8575,-1.694,-1.8798
0.22063,0.74499,1.5409,2.1542,1.4869,-1.8005,-1.6444,-1.8329
0.15716,0.68233,1.4855,2.0959,1.4311,-1.743,-1.5943,-1.7856
0.093666,0.62023,1.4294,2.0368,1.3749,-1.685,-1.5439,-1.7381
0.030175,0.55876,1.3727,1.9771,1.3183,-1.6267,-1.4931,-1.6903
-0.03328,0.49795,1.3154,1.9168,1.2613,-1.568,-1.4421,-1.6424
-0.096663,0.43785,1.2575,1.856,1.204,-1.509,-1.3907,-1.5944
-0.15994,0.37852,1.199,1.7946,1.1464,-1.4498,-1.3391,-1.5462
-0.22308,0.31998,1.14,1.7329,1.0885,-1.3904,-1.2872,-1.498
-0.28605,0.2623,1.0805,1.6708,1.0304,-1.3309,-1.2352,-1.4498
-0.34881,0.20551,1.0206,1.6084,0.97217,-1.2713,-1.183,-1.4016
-0.41133,0.14964,0.96028,1.5457,0.91378,-1.2117,-1.1308,-1.3535
-0.47357,0.094745,0.89955,1.4829,0.85529,-1.1521,-1.0784,-1.3055
-0.53551,0.040854,0.83848,1.42,0.79673,-1.0926,-1.026,-1.2576
-0.59711,-0.011997,0.77708,1.357,0.73816,-1.0332,-0.97354,-1.2099
-0.65834,-0.063774,0.71541,1.294,0.67961,-0.97404,-0.92112,-1.1625
-0.71916,-0.11445,0.65349,1.2311,0.62111,-0.91508,-0.86876,-1.1153
-0.77954,-0.16398,0.59137,1.1683,0.56271,-0.85639,-0.81648,-1.0683
-0.83946,-0.21235,0.52907,1.1056,0.50444,-0.79804,-0.76431,-1.0218
-0.89888,-0.25953,0.46665,1.0432,0.44634,-0.74007,-0.71229,-0.97554
-0.95777,-0.3055,0.40413,0.98112,0.38846,-0.68252,-0.66045,-0.92972
-1.0161,-0.35023,0.34155,0.91934,0.33083,-0.62544,-0.60882,-0.88433
-1.0738,-0.39369,0.27896,0.85796,0.27348,-0.56888,-0.55743,-0.8394
-1.131,-0.43589,0.21638,0.79703,0.21645,-0.51288,-0.50632,-0.79497
-1.1874,-0.47678,0.15387,0.73659,0.15979,-0.45749,-0.45552,-0.75105
-1.2432,-0.51637,0.091447,0.6767,0.10352,-0.40274,-0.40505,-0.7077
-1.2984,-0.55464,0.029164,0.61742,0.047677,-0.34868,-0.35494,-0.66492
-1.3527,-0.59158,-0.032946,0.55878,-0.0076961,-0.29535,-0.30523,-0.62276
-1.4064,-0.62717,-0.094842,0.50083,-0.062569,-0.24278,-0.25594,-0.58123
-1.4592,-0.66142,-0.15649,0.44362,-0.11691,-0.19102,-0.2071,-0.54036
-1.5113,-0.69432,-0.21784,0.3872,-0.17068,-0.1401,-0.15874,-0.50017
-1.5626,-0.72586,-0.27887,0.3316,-0.22386,-0.090048,-0.11088,-0.46069
-1.613,-0.75605,-0.33953,0.27687,-0.2764,-0.040908,-0.063556,-0.42194
-1.6625,-0.78489,-0.39979,0.22305,-0.32828,0.0072933,-0.016786,-0.38394
-1.7112,-0.81238,-0.45961,0.17017,-0.37948,0.054525,0.029404,-0.3467
-1.759,-0.83853,-0.51896,0.11828,-0.42996,0.10076,0.074989,-0.31026
-1.8059,-0.86334,-0.57779,0.0674,-0.47969,0.14597,0.11995,-0.27461
-1.8519,-0.88683,-0.63607,0.017574,-0.52865,0.19013,0.16425,-0.23978
-1.8969,-0.909,-0.69376,-0.031169,-0.57681,0.23322,0.20789,-0.20578
-1.9409,-0.92988,-0.75084,-0.078799,-0.62415,0.27521,0.25084,-0.17262
-1.984,-0.94947,-0.80726,-0.12529,-0.67065,0.31608,0.29307,-0.14032
-2.0262,-0.9678,-0.86299,-0.17061,-0.71628,0.35583,0.33458,-0.10888
-2.0673,-0.98488,-0.918,-0.21474,-0.76102,0.39442,0.37534,-0.078306
-2.1075,-1.0007,-0.97227,-0.25765,-0.80486,0.43184,0.41534,-0.048615
-2.1466,-1.0154,-1.0257,-0.29933,-0.84777,0.46809,0.45455,-0.019807
-2.1847,-1.0289,-1.0784,-0.33975,-0.88974,0.50315,0.49298,0.0081126
-2.2219,-1.0412,-1.1302,-0.37891,-0.93074,0.53701,0.53059,0.035143
-2.258,-1.0524,-1.1812,-0.41677,-0.97078,0.56967,0.56739,0.061282
-2.2931,-1.0625,-1.2312,-0.45333,-1.0098,0.60111,0.60336,0.086531
-2.3271,-1.0716,-1.2804,-0.48858,-1.0479,0.63134,0.63848,0.11089
-2.3602,-1.0796,-1.3285,-0.52251,-1.0849,0.66035,0.67275,0.13436
-2.3922,-1.0866,-1.3757,-0.55511,-1.1209,0.68815,0.70617,0.15696
-2.4232,-1.0927,-1.4219,-0.58637,-1.1559,0.71473,0.73872,0.17867
-2.4532,-1.0979,-1.4671,-0.6163,-1.1899,0.7401,0.7704,0.19952
-2.4822,-1.1021,-1.5112,-0.64488,-1.2228,0.76427,0.8012,0.21951
-2.5102,-1.1055,-1.5543,-0.67212,-1.2547,0.78724,0.83112,0.23865
-2.5372,-1.1081,-1.5963,-0.69803,-1.2856,0.80902,0.86016,0.25695
-2.5632,-1.11,-1.6372,-0.7226,-1.3154,0.82963,0.88831,0.27443
-2.5882,-1.1111,-1.677,-0.74584,-1.3442,0.84907,0.91558,0.29109
-2.6122,-1.1115,-1.7157,-0.76776,-1.3719,0.86736,0.94197,0.30696
-2.6353,-1.1113,-1.7532,-0.78837,-1.3986,0.88451,0.96747,0.32204
-2.6574,-1.1105,-1.7896,-0.80768,-1.4242,0.90056,0.9921,0.33636
-2.6786,-1.1092,-1.8248,-0.8257,-1.4489,0.9155,1.0158,0.34993
-2.6988,-1.1073,-1.8588,-0.84244,-1.4725,0.92937,1.0387,0.36278
-2.7181,-1.105,-1.8917,-0.85793,-1.4951,0.94219,1.0608,0.37492
-2.7366,-1.1023,-1.9233,-0.87219,-1.5167,0.95398,1.0819,0.38638
-2.7541,-1.0992,-1.9538,-0.88522,-1.5373,0.96476,1.1022,0.39717
-2.7708,-1.0957,-1.9831,-0.89706,-1.5569,0.97457,1.1217,0.40733
-2.7866,-1.092,-2.0112,-0.90772,-1.5756,0.98343,1.1404,0.41687
-2.8015,-1.088,-2.0381,-0.91724,-1.5933,0.99137,1.1582,0.42582
-2.8157,-1.0839,-2.0638,-0.92563,-1.6101,0.99843,1.1752,0.43421
-2.829,-1.0796,-2.0883,-0.93293,-1.626,1.0046,1.1915,0.44205
-2.8416,-1.0752,-2.1117,-0.93916,-1.641,1.01,1.2069,0.44939
-2.8534,-1.0707,-2.1338,-0.94435,-1.6551,1.0146,1.2216,0.45624
-2.8644,-1.0663,-2.1548,-0.94853,-1.6683,1.0184,1.2356,0.46264
-2.8748,-1.0618,-2.1746,-0.95174,-1.6808,1.0215,1.2488,0.46861
-2.8844,-1.0574,-2.1932,-0.95402,-1.6924,1.0239,1.2613,0.47418
-2.8933,-1.0532,-2.2107,-0.95539,-1.7032,1.0257,1.2732,0.47938
-2.9015,-1.049,-2.2271,-0.95588,-1.7132,1.0269,1.2843,0.48424
-2.9091,-1.0451,-2.2423,-0.95555,-1.7225,1.0275,1.2948,0.48879
-2.9161,-1.0414,-2.2564,-0.95442,-1.7311,1.0275,1.3047,0.49306
-2.9224,-1.038,-2.2694,-0.95253,-1.739,1.0271,1.3139,0.49709
-2.9282,-1.0349,-2.2813,-0.94993,-1.7462,1.0262,1.3226,0.50089
-2.9334,-1.0321,-2.2922,-0.94665,-1.7528,1.0249,1.3306,0.5045
-2.938,-1.0297,-2.302,-0.94273,-1.7587,1.0233,1.3382,0.50796
-2.9421,-1.0277,-2.3108,-0.93821,-1.7641,1.0213,1.3452,0.51128
-2.9457,-1.0261,-2.3186,-0.93314,-1.7689,1.019,1.3517,0.51451
-2.9488,-1.025,-2.3253,-0.92755,-1.7732,1.0164,1.3577,0.51766
-2.9515,-1.0244,-2.3312,-0.92149,-1.777,1.0136,1.3632,0.52077
-2.9537,-1.0243,-2.336,-0.915,-1.7803,1.0107,1.3684,0.52388
-2.9554,-1.0248,-2.34,-0.90812,-1.7831,1.0076,1.3731,0.527
-2.9567,-1.0259,-2.343,-0.9009,-1.7856,1.0045,1.3774,0.53016
-2.9576,-1.0276,-2.3452,-0.89338,-1.7876,1.0013,1.3814,0.5334
-2.9582,-1.0299,-2.3466,-0.88559,-1.7893,0.99802,1.385,0.53673
-2.9584,-1.0328,-2.3471,-0.87759,-1.7907,0.99481,1.3883,0.5402
-2.9582,-1.0364,-2.3468,-0.86941,-1.7918,0.99165,1.3913,0.54381
-2.9577,-1.0407,-2.3457,-0.86109,-1.7926,0.98859,1.3941,0.5476
-2.9569,-1.0456,-2.3439,-0.85269,-1.7931,0.98567,1.3966,0.5516
-2.9558,-1.0513,-2.3414,-0.84423,-1.7934,0.9829,1.3989,0.55582
-2.9543,-1.0577,-2.3382,-0.83576,-1.7936,0.98034,1.401,0.56029
-2.9527,-1.0649,-2.3344,-0.82732,-1.7935,0.97802,1.403,0.56503
-2.9507,-1.0727,-2.3299,-0.81895,-1.7934,0.97596,1.4047,0.57006
-2.9485,-1.0814,-2.3248,-0.81069,-1.7931,0.9742,1.4064,0.5754
-2.9461,-1.0907,-2.3192,-0.80258,-1.7927,0.97277,1.408,0.58108
-2.9435,-1.1009,-2.313,-0.79465,-1.7923,0.9717,1.4095,0.58711
-2.9406,-1.1118,-2.3063,-0.78693,-1.7918,0.97102,1.4109,0.5935
-2.9376,-1.1235,-2.2991,-0.77948,-1.7914,0.97075,1.4123,0.60028
-2.9343,-1.1359,-2.2914,-0.77232,-1.7909,0.97093,1.4136,0.60746
-2.9309,-1.1491,-2.2834,-0.76548,-1.7905,0.97156,1.415,0.61505
-2.9273,-1.163,-2.2749,-0.759,-1.7901,0.97269,1.4164,0.62307
-2.9236,-1.1778,-2.266,-0.75292,-1.7898,0.97433,1.4179,0.63153
-2.9197,-1.1932,-2.2568,-0.74725,-1.7896,0.9765,1.4194,0.64044
-2.9156,-1.2094,-2.2473,-0.74204,-1.7896,0.97922,1.4209,0.64982
-2.9114,-1.2263,-2.2375,-0.73731,-1.7896,0.98252,1.4226,0.65966
-2.907,-1.244,-2.2275,-0.73308,-1.7898,0.9864,1.4244,0.66999
-2.9026,-1.2623,-2.2172,-0.7294,-1.7902,0.99088,1.4263,0.68079
-2.898,-1.2813,-2.2067,-0.72627,-1.7908,0.99597,1.4284,0.6921
-2.8932,-1.3011,-2.196,-0.72372,-1.7915,1.0017,1.4306,0.70389
-2.8884,-1.3214,-2.1852,-0.72179,-1.7925,1.0081,1.433,0.71619
-2.8834,-1.3425,-2.1742,-0.72048,-1.7937,1.0151,1.4356,0.729
-2.8783,-1.3641,-2.1631,-0.71982,-1.7952,1.0227,1.4383,0.7423
-2.8731,-1.3864,-2.152,-0.71983,-1.7968,1.0311,1.4413,0.75612
-2.8677,-1.4092,-2.1408,-0.72053,-1.7988,1.0401,1.4445,0.77043
-2.8623,-1.4326,-2.1295,-0.72193,-1.801,1.0498,1.4479,0.78526
-2.8567,-1.4566,-2.1182,-0.72404,-1.8035,1.0601,1.4516,0.80058
-2.851,-1.4811,-2.107,-0.72688,-1.8063,1.0711,1.4555,0.8164
-2.8452,-1.506,-2.0957,-0.73047,-1.8094,1.0829,1.4596,0.83272
-2.8392,-1.5315,-2.0846,-0.7348,-1.8128,1.0952,1.464,0.84952
-2.8332,-1.5574,-2.0734,-0.7399,-1.8164,1.1083,1.4687,0.86681
-2.827,-1.5837,-2.0624,-0.74577,-1.8204,1.122,1.4736,0.88458
-2.8206,-1.6103,-2.0515,-0.75242,-1.8247,1.1364,1.4789,0.90281
-2.8141,-1.6374,-2.0407,-0.75984,-1.8292,1.1514,1.4843,0.9215
-2.8075,-1.6647,-2.03,-0.76805,-1.8341,1.1671,1.4901,0.94064
-2.8008,-1.6924,-2.0195,-0.77705,-1.8393,1.1834,1.4962,0.96023
-2.7938,-1.7203,-2.0092,-0.78684,-1.8448,1.2003,1.5025,0.98024
-2.7867,-1.7485,-1.999,-0.79742,-1.8506,1.2179,1.5091,1.0007
-2.7795,-1.7768,-1.989,-0.80878,-1.8567,1.236,1.516,1.0215
-2.7721,-1.8054,-1.9792,-0.82092,-1.8631,1.2547,1.5232,1.0427
-2.7644,-1.834,-1.9697,-0.83385,-1.8697,1.274,1.5307,1.0643
-2.7566,-1.8628,-1.9604,-0.84754,-1.8766,1.2938,1.5384,1.0863
-2.7486,-1.8917,-1.9513,-0.86201,-1.8839,1.3142,1.5464,1.1086
-2.7404,-1.9206,-1.9425,-0.87723,-1.8913,1.3351,1.5547,1.1313
-2.732,-1.9494,-1.9339,-0.8932,-1.899,1.3565,1.5632,1.1542
-2.7233,-1.9783,-1.9256,-0.9099,-1.907,1.3783,1.572,1.1775
-2.7145,-2.0071,-1.9175,-0.92733,-1.9152,1.4006,1.5811,1.2011
-2.7053,-2.0357,-1.9098,-0.94548,-1.9236,1.4233,1.5904,1.2249
-2.6959,-2.0643,-1.9023,-0.96432,-1.9322,1.4464,1.6,1.249
-2.6863,-2.0926,-1.8951,-0.98385,-1.941,1.4699,1.6098,1.2733
-2.6764,-2.1208,-1.8882,-1.004,-1.95,1.4937,1.6198,1.2978
-2.6661,-2.1487,-1.8816,-1.0249,-1.9591,1.5179,1.63,1.3225
-2.6556,-2.1763,-1.8753,-1.0463,-1.9684,1.5424,1.6405,1.3474
-2.6448,-2.2037,-1.8692,-1.0684,-1.9779,1.5671,1.6511,1.3724
-2.6336,-2.2306,-1.8635,-1.0911,-1.9874,1.5921,1.6619,1.3976
-2.6222,-2.2572,-1.858,-1.1143,-1.997,1.6172,1.6729,1.4229
-2.6103,-2.2833,-1.8529,-1.1381,-2.0068,1.6426,1.6841,1.4483
-2.5981,-2.309,-1.848,-1.1624,-2.0165,1.6681,1.6955,1.4737
-2.5856,-2.3343,-1.8434,-1.1872,-2.0264,1.6938,1.7069,1.4992
-2.5727,-2.3589,-1.8391,-1.2124,-2.0362,1.7195,1.7185,1.5248
-2.5593,-2.3831,-1.8351,-1.2381,-2.0461,1.7453,1.7303,1.5503
-2.5456,-2.4066,-1.8314,-1.2642,-2.0559,1.7711,1.7421,1.5759
-2.5315,-2.4295,-1.8279,-1.2907,-2.0657,1.7969,1.754,1.6014
-2.5169,-2.4517,-1.8246,-1.3176,-2.0754,1.8227,1.766,1.6269
-2.5018,-2.4733,-1.8217,-1.3447,-2.0851,1.8484,1.7781,1.6522
-2.4864,-2.4941,-1.8189,-1.3722,-2.0946,1.874,1.7902,1.6775
-2.4704,-2.5141,-1.8164,-1.4,-2.1041,1.8994,1.8023,1.7027
-2.454,-2.5334,-1.8142,-1.428,-2.1134,1.9247,1.8145,1.7277
-2.437,-2.5519,-1.8121,-1.4561,-2.1225,1.9498,1.8267,1.7526
-2.4196,-2.5695,-1.8102,-1.4845,-2.1314,1.9747,1.8388,1.7773
-2.4016,-2.5862,-1.8086,-1.513,-2.1401,1.9993,1.8509,1.8018
-2.3831,-2.602,-1.8071,-1.5416,-2.1486,2.0236,1.863,1.8261
-2.3641,-2.6169,-1.8057,-1.5703,-2.1568,2.0475,1.875,1.8501
-2.3445,-2.6308,-1.8046,-1.599,-2.1648,2.0711,1.887,1.8738
-2.3243,-2.6437,-1.8035,-1.6277,-2.1724,2.0943,1.8988,1.8973
-2.3036,-2.6556,-1.8026,-1.6564,-2.1797,2.1171,1.9106,1.9205
-2.2822,-2.6664,-1.8018,-1.685,-2.1867,2.1394,1.9222,1.9433
-2.2603,-2.6762,-1.8011,-1.7135,-2.1932,2.1612,1.9336,1.9657
-2.2377,-2.6849,-1.8005,-1.7419,-2.1994,2.1824,1.9449,1.9878
-2.2145,-2.6924,-1.7999,-1.7701,-2.2052,2.2031,1.956,2.0096
-2.1906,-2.6988,-1.7994,-1.7981,-2.2105,2.2232,1.9669,2.0308
-2.1661,-2.7041,-1.7988,-1.8259,-2.2154,2.2427,1.9776,2.0517
-2.1409,-2.7081,-1.7983,-1.8533,-2.2197,2.2616,1.9881,2.0721
-2.1151,-2.7109,-1.7978,-1.8805,-2.2236,2.2797,1.9983,2.092
-2.0885,-2.7126,-1.7973,-1.9073,-2.2269,2.2972,2.0082,2.1115
-2.0613,-2.7129,-1.7967,-1.9337,-2.2297,2.3139,2.0179,2.1304
-2.0333,-2.712,-1.796,-1.9597,-2.2319,2.3298,2.0272,2.1488
-2.0047,-2.7099,-1.7952,-1.9852,-2.2335,2.345,2.0362,2.1667
-1.9753,-2.7064,-1.7944,-2.0103,-2.2345,2.3593,2.0449,2.184
-1.9451,-2.7016,-1.7934,-2.0348,-2.2348,2.3728,2.0532,2.2007
-1.9143,-2.6955,-1.7922,-2.0587,-2.2345,2.3854,2.0611,2.2168
-1.8826,-2.6881,-1.7909,-2.0821,-2.2336,2.3971,2.0686,2.2323
-1.8502,-2.6793,-1.7893,-2.1048,-2.2319,2.4078,2.0757,2.2471
-1.817,-2.6692,-1.7876,-2.1269,-2.2295,2.4177,2.0824,2.2613
-1.7831,-2.6577,-1.7856,-2.1483,-2.2263,2.4265,2.0886,2.2748
-1.7484,-2.6448,-1.7833,-2.1689,-2.2225,2.4344,2.0944,2.2877
-1.7129,-2.6305,-1.7808,-2.1888,-2.2178,2.4412,2.0996,2.2998
-1.6765,-2.6149,-1.778,-2.2079,-2.2124,2.4471,2.1044,2.3113
-1.6394,-2.5978,-1.7748,-2.2261,-2.2061,2.4518,2.1086,2.322
-1.6015,-2.5794,-1.7713,-2.2436,-2.1991,2.4555,2.1123,2.3319
-1.5628,-2.5595,-1.7674,-2.2601,-2.1912,2.4581,2.1154,2.3411
-1.5233,-2.5383,-1.7631,-2.2757,-2.1824,2.4596,2.118,2.3496
-1.4829,-2.5157,-1.7584,-2.2904,-2.1728,2.46,2.1199,2.3572
-1.4418,-2.4917,-1.7533,-2.3041,-2.1623,2.4592,2.1213,2.3641
-1.3998,-2.4662,-1.7476,-2.3169,-2.151,2.4573,2.122,2.3702
-1.357,-2.4394,-1.7416,-2.3286,-2.1387,2.4542,2.1221,2.3754
-1.3134,-2.4113,-1.735,-2.3393,-2.1255,2.45,2.1215,2.3798
-1.269,-2.3817,-1.7278,-2.3489,-2.1114,2.4445,2.1203,2.3834
-1.2238,-2.3508,-1.7201,-2.3575,-2.0963,2.4379,2.1184,2.3862
-1.1778,-2.3185,-1.7119,-2.3649,-2.0803,2.4301,2.1157,2.3881
-1.131,-2.2849,-1.703,-2.3712,-2.0634,2.421,2.1124,2.3891
-1.0834,-2.25,-1.6936,-2.3764,-2.0454,2.4107,2.1083,2.3892
-1.035,-2.2137,-1.6835,-2.3804,-2.0265,2.3992,2.1035,2.3885
-0.98577,-2.1761,-1.6728,-2.3832,-2.0067,2.3865,2.0979,2.3869
-0.93581,-2.1373,-1.6613,-2.3849,-1.9858,2.3726,2.0916,2.3844
-0.88509,-2.0972,-1.6492,-2.3853,-1.964,2.3574,2.0845,2.3811
-0.83361,-2.0558,-1.6364,-2.3845,-1.9412,2.341,2.0765,2.3768
-0.78139,-2.0132,-1.6228,-2.3824,-1.9174,2.3233,2.0678,2.3716
-0.72844,-1.9695,-1.6085,-2.3791,-1.8925,2.3044,2.0583,2.3655
-0.67478,-1.9245,-1.5935,-2.3746,-1.8667,2.2843,2.0479,2.3585
-0.62041,-1.8784,-1.5776,-2.3688,-1.8399,2.2629,2.0367,2.3506
-0.56535,-1.8311,-1.561,-2.3617,-1.8121,2.2403,2.0247,2.3418
-0.50962,-1.7828,-1.5435,-2.3533,-1.7832,2.2165,2.0118,2.3321
-0.45324,-1.7333,-1.5252,-2.3437,-1.7534,2.1915,1.998,2.3215
-0.39623,-1.6829,-1.5061,-2.3327,-1.7226,2.1653,1.9834,2.3099
-0.3386,-1.6314,-1.4861,-2.3205,-1.6908,2.1379,1.9679,2.2975
-0.28038,-1.5789,-1.4653,-2.307,-1.658,2.1093,1.9515,2.2841
-0.22159,-1.5255,-1.4435,-2.2922,-1.6242,2.0795,1.9342,2.2699
-0.16226,-1.4712,-1.4209,-2.2761,-1.5894,2.0486,1.916,2.2547
-0.1024,-1.416,-1.3974,-2.2588,-1.5537,2.0165,1.8969,2.2386
-0.042049,-1.3599,-1.373,-2.2401,-1.517,1.9833,1.877,2.2217
0.018772,-1.3031,-1.3476,-2.2202,-1.4794,1.949,1.8561,2.2039
0.080033,-1.2455,-1.3213,-2.199,-1.4408,1.9136,1.8344,2.1851
0.1417,-1.1871,-1.2941,-2.1766,-1.4013,1.8771,1.8117,2.1655
0.20376,-1.1281,-1.266,-2.1529,-1.3608,1.8395,1.7881,2.1451
0.26615,-1.0685,-1.2369,-2.128,-1.3195,1.8009,1.7636,2.1238
0.32887,-1.0082,-1.2069,-2.1019,-1.2773,1.7613,1.7383,2.1016
0.39186,-0.94738,-1.176,-2.0746,-1.2341,1.7207,1.712,2.0786
0.45511,-0.88605,-1.1441,-2.0461,-1.1902,1.6791,1.6848,2.0548
0.51856,-0.82424,-1.1112,-2.0165,-1.1454,1.6366,1.6568,2.0301
0.58218,-0.76201,-1.0774,-1.9856,-1.0997,1.5932,1.6279,2.0047
0.64594,-0.6994,-1.0427,-1.9537,-1.0533,1.5488,1.5981,1.9784
0.7098,-0.63646,-1.007,-1.9207,-1.006,1.5036,1.5674,1.9514
0.77371,-0.57323,-0.97044,-1.8865,-0.95802,1.4576,1.5359,1.9236
0.83763,-0.50976,-0.93293,-1.8514,-0.90927,1.4107,1.5035,1.8951
0.90153,-0.44609,-0.89451,-1.8151,-0.8598,1.3631,1.4703,1.8658
0.96536,-0.38228,-0.85518,-1.7779,-0.80964,1.3147,1.4363,1.8358
1.0291,-0.31837,-0.81496,-1.7397,-0.7588,1.2657,1.4014,1.8051
1.0926,-0.25441,-0.77386,-1.7006,-0.70732,1.2159,1.3658,1.7738
1.156,-0.19045,-0.7319,-1.6605,-0.65523,1.1655,1.3294,1.7417
1.2191,-0.12653,-0.68908,-1.6195,-0.60254,1.1145,1.2922,1.709
1.2819,-0.062709,-0.64543,-1.5777,-0.54929,1.0629,1.2543,1.6757
1.3443,0.00097418,-0.60096,-1.5351,-0.49551,1.0107,1.2156,1.6418
1.4064,0.064469,-0.55569,-1.4916,-0.44123,0.95808,1.1762,1.6072
1.4681,0.12773,-0.50965,-1.4475,-0.38649,0.90497,1.1361,1.5721
1.5292,0.1907,-0.46285,-1.4026,-0.33131,0.85144,1.0954,1.5365
1.5898,0.25334,-0.41532,-1.357,-0.27573,0.79752,1.054,1.5003
1.6498,0.31561,-0.36708,-1.3108,-0.21978,0.74325,1.012,1.4636
1.7092,0.37745,-0.31816,-1.2639,-0.1635,0.68866,0.96938,1.4265
1.768,0.43882,-0.26858,-1.2165,-0.10692,0.63381,0.9262,1.3889
1.826,0.49968,-0.21839,-1.1686,-0.050088,0.57873,0.88246,1.3508
1.8832,0.55997,-0.1676,-1.1202,0.0069669,0.52346,0.8382,1.3123
1.9395,0.61966,-0.11624,-1.0714,0.064204,0.46804,0.79345,1.2735
1.995,0.67871,-0.06436,-1.0221,0.12158,0.41251,0.74824,1.2343
2.0496,0.73706,-0.011982,-0.9725,0.17907,0.35692,0.70259,1.1947
2.1032,0.79468,0.040857,-0.92258,0.23661,0.30131,0.65654,1.1549
2.1558,0.85153,0.094119,-0.87237,0.29418,0.24571,0.61012,1.1147
2.2073,0.90757,0.14777,-0.82194,0.35173,0.19017,0.56336,1.0743
2.2577,0.96276,0.20176,-0.77131,0.40922,0.13474,0.5163,1.0337
2.3069,1.0171,0.25606,-0.72055,0.4666,0.079455,0.46896,0.99287
2.355,1.0704,0.31062,-0.66968,0.52383,0.024354,0.42139,0.95186
2.4017,1.1228,0.36541,-0.61875,0.58088,-0.030518,0.37362,0.9107
2.4472,1.1742,0.42038,-0.56781,0.63768,-0.08512,0.32569,0.86942
2.4913,1.2246,0.47548,-0.5169,0.69421,-0.13941,0.27763,0.82805
2.5341,1.2739,0.53067,-0.46607,0.75042,-0.19334,0.22948,0.78662
2.5754,1.3221,0.58591,-0.41535,0.80626,-0.24689,0.18127,0.74514
2.6153,1.3692,0.64114,-0.3648,0.86169,-0.29999,0.13306,0.70366
2.6536,1.4151,0.69632,-0.31445,0.91666,-0.35262,0.084866,0.6622
2.6904,1.4599,0.75141,-0.26435,0.97113,-0.40473,0.036741,0.62078
2.7257,1.5034,0.80634,-0.21454,1.0251,-0.45629,-0.01128,0.57945
2.7593,1.5458,0.86108,-0.16506,1.0784,-0.50726,-0.059155,0.53821
2.7913,1.5868,0.91557,-0.11596,1.1311,-0.55759,-0.10685,0.49712
2.8216,1.6266,0.96977,-0.067272,1.1831,-0.60724,-0.15431,0.45618
2.8502,1.6651,1.0236,-0.019042,1.2344,-0.65619,-0.20151,0.41544
2.877,1.7022,1.0771,0.02869,1.2849,-0.7044,-0.2484,0.37491
2.9021,1.7381,1.1301,0.075886,1.3347,-0.75182,-0.29494,0.33463
2.9254,1.7725,1.1825,0.12251,1.3835,-0.79843,-0.34109,0.29463
2.9469,1.8057,1.2345,0.16851,1.4315,-0.84419,-0.38681,0.25493
2.9666,1.8374,1.2858,0.21387,1.4785,-0.88906,-0.43206,0.21556
2.9844,1.8678,1.3365,0.25854,1.5246,-0.93302,-0.4768,0.17655
3.0003,1.8967,1.3865,0.30249,1.5696,-0.97602,-0.52099,0.13793
3.0144,1.9242,1.4357,0.34567,1.6136,-1.018,-0.56458,0.09972
3.0265,1.9504,1.4841,0.38807,1.6564,-1.0591,-0.60755,0.061949
3.0368,1.9751,1.5316,0.42964,1.6982,-1.099,-0.64984,0.024644
3.0451,1.9984,1.5782,0.47036,1.7387,-1.138,-0.69141,-0.01217
3.0515,2.0202,1.6239,0.51019,1.7781,-1.1758,-0.73224,-0.048466
3.0559,2.0407,1.6685,0.54911,1.8162,-1.2125,-0.77228,-0.08422
3.0584,2.0597,1.7121,0.58708,1.853,-1.248,-0.81149,-0.11941
3.0589,2.0773,1.7546,0.62408,1.8885,-1.2824,-0.84985,-0.154
3.0575,2.0934,1.7959,0.66008,1.9227,-1.3157,-0.8873,-0.18799
3.0542,2.1082,1.8361,0.69506,1.9555,-1.3477,-0.92381,-0.22133
3.0489,2.1215,1.875,0.729,1.9868,-1.3784,-0.95936,-0.25401
3.0417,2.1335,1.9126,0.76187,2.0168,-1.408,-0.9939,-0.28602
3.0326,2.144,1.9488,0.79364,2.0452,-1.4362,-1.0274,-0.31731
3.0216,2.1532,1.9837,0.82432,2.0722,-1.4632,-1.0598,-0.34789
3.0086,2.161,2.0172,0.85386,2.0977,-1.4889,-1.0912,-0.37772
2.9938,2.1675,2.0492,0.88226,2.1216,-1.5133,-1.1214,-0.40678
2.9771,2.1726,2.0797,0.90951,2.1439,-1.5363,-1.1504,-0.43507
2.9586,2.1763,2.1087,0.93558,2.1647,-1.5581,-1.1783,-0.46255
2.9382,2.1788,2.1361,0.96046,2.1839,-1.5785,-1.2049,-0.48921
2.9161,2.18,2.1619,0.98415,2.2015,-1.5975,-1.2304,-0.51505
2.8921,2.1799,2.1861,1.0066,2.2174,-1.6152,-1.2545,-0.54003
2.8665,2.1786,2.2086,1.0279,2.2317,-1.6316,-1.2773,-0.56415
2.839,2.176,2.2294,1.048,2.2443,-1.6465,-1.2989,-0.58739
2.81,2.1722,2.2485,1.0668,2.2552,-1.6602,-1.3191,-0.60975
2.7792,2.1673,2.2659,1.0844,2.2645,-1.6724,-1.338,-0.6312
2.7468,2.1611,2.2815,1.1007,2.2721,-1.6833,-1.3555,-0.65173
2.7129,2.1539,2.2953,1.1159,2.278,-1.6929,-1.3716,-0.67134
2.6773,2.1455,2.3072,1.1298,2.2822,-1.701,-1.3863,-0.69002
2.6403,2.1361,2.3174,1.1424,2.2847,-1.7079,-1.3996,-0.70776
2.6018,2.1256,2.3257,1.1539,2.2855,-1.7134,-1.4115,-0.72455
2.5619,2.1141,2.3321,1.1641,2.2846,-1.7175,-1.422,-0.74038
2.5206,2.1016,2.3367,1.1731,2.282,-1.7203,-1.431,-0.75525
2.478,2.0881,2.3394,1.1809,2.2777,-1.7218,-1.4386,-0.76916
2.434,2.0737,2.3401,1.1875,2.2718,-1.722,-1.4447,-0.7821
2.3889,2.0584,2.339,1.1929,2.2641,-1.7209,-1.4494,-0.79406
2.3425,2.0422,2.336,1.1971,2.2548,-1.7185,-1.4525,-0.80505
2.295,2.0252,2.3311,1.2002,2.2439,-1.7148,-1.4543,-0.81507
2.2464,2.0073,2.3242,1.2021,2.2313,-1.7099,-1.4546,-0.82412
2.1968,1.9887,2.3155,1.2029,2.2171,-1.7038,-1.4534,-0.83219
2.1462,1.9694,2.3049,1.2026,2.2012,-1.6964,-1.4507,-0.83929
2.0946,1.9493,2.2923,1.2011,2.1838,-1.6879,-1.4467,-0.84543
2.0422,1.9286,2.2779,1.1986,2.1649,-1.6781,-1.4411,-0.8506
1.989,1.9073,2.2616,1.1951,2.1443,-1.6673,-1.4342,-0.85482
1.935,1.8853,2.2435,1.1905,2.1223,-1.6553,-1.4258,-0.85808
1.8803,1.8627,2.2234,1.1849,2.0987,-1.6421,-1.416,-0.86041
1.8249,1.8396,2.2016,1.1783,2.0737,-1.6279,-1.4048,-0.86179
1.769,1.8161,2.1779,1.1707,2.0472,-1.6127,-1.3922,-0.86225
1.7125,1.792,2.1525,1.1622,2.0193,-1.5964,-1.3783,-0.86179
1.6556,1.7675,2.1253,1.1528,1.9901,-1.5791,-1.363,-0.86043
1.5982,1.7426,2.0963,1.1425,1.9594,-1.5608,-1.3463,-0.85817
1.5405,1.7173,2.0656,1.1314,1.9275,-1.5416,-1.3284,-0.85503
1.4825,1.6917,2.0332,1.1194,1.8943,-1.5215,-1.3092,-0.85101
1.4243,1.6658,1.9991,1.1066,1.8598,-1.5005,-1.2887,-0.84615
1.3658,1.6396,1.9635,1.0931,1.8241,-1.4786,-1.2669,-0.84044
1.3073,1.6132,1.9262,1.0789,1.7872,-1.456,-1.244,-0.8339
1.2487,1.5866,1.8873,1.0639,1.7492,-1.4325,-1.2198,-0.82656
1.1901,1.5598,1.8469,1.0483,1.7102,-1.4083,-1.1945,-0.81842
1.1316,1.5328,1.8051,1.032,1.67,-1.3833,-1.1681,-0.8095
1.0732,1.5058,1.7618,1.0151,1.6289,-1.3576,-1.1406,-0.79983
1.015,1.4786,1.7171,0.99769,1.5868,-1.3313,-1.112,-0.78942
0.95694,1.4514,1.671,0.97973,1.5437,-1.3044,-1.0824,-0.77829
0.89922,1.4242,1.6236,0.96126,1.4998,-1.2769,-1.0517,-0.76646
0.84183,1.3969,1.5749,0.94233,1.4551,-1.2488,-1.0202,-0.75395
0.78484,1.3697,1.5251,0.92297,1.4095,-1.2202,-0.98764,-0.74079
0.7283,1.3426,1.474,0.90322,1.3633,-1.1911,-0.95423,-0.72698
0.67225,1.3155,1.4218,0.88311,1.3163,-1.1616,-0.91996,-0.71256
0.61676,1.2885,1.3686,0.86268,1.2687,-1.1316,-0.88488,-0.69755
0.56187,1.2617,1.3143,0.84195,1.2205,-1.1013,-0.84903,-0.68196
0.50763,1.2349,1.2591,0.82098,1.1718,-1.0706,-0.81243,-0.66582
0.45409,1.2084,1.2029,0.79978,1.1226,-1.0396,-0.77515,-0.64916
0.4013,1.1821,1.146,0.7784,1.0729,-1.0083,-0.7372,-0.632
0.34929,1.1559,1.0882,0.75687,1.0228,-0.97681,-0.69865,-0.61436
0.29813,1.13,1.0296,0.73522,0.97239,-0.94508,-0.65953,-0.59626
0.24784,1.1043,0.97043,0.71349,0.92167,-0.91319,-0.61988,-0.57774
0.19847,1.0789,0.9106,0.69171,0.87071,-0.88115,-0.57975,-0.5588
0.15006,1.0538,0.85021,0.66991,0.81954,-0.849,-0.53918,-0.53948
0.10266,1.029,0.78932,0.64813,0.76823,-0.81677,-0.49821,-0.51981
0.056284,1.0045,0.72798,0.6264,0.71682,-0.78451,-0.45689,-0.4998
0.010983,0.98031,0.66627,0.60474,0.66535,-0.75223,-0.41527,-0.47948
-0.033213,0.95645,0.60424,0.58319,0.61389,-0.71997,-0.37339,-0.45887
-0.076272,0.93294,0.54196,0.56177,0.56247,-0.68776,-0.33129,-0.43801
-0.11816,0.90979,0.47948,0.54052,0.51115,-0.65563,-0.28901,-0.41691
-0.15886,0.88699,0.41687,0.51947,0.45997,-0.62361,-0.24661,-0.39559
-0.19833,0.86457,0.35419,0.49864,0.40898,-0.59173,-0.20413,-0.37409
-0.23656,0.84252,0.29151,0.47805,0.35823,-0.56001,-0.16161,-0.35242
-0.27351,0.82086,0.22888,0.45774,0.30776,-0.52848,-0.1191,-0.33061
-0.30916,0.79958,0.16636,0.43772,0.25761,-0.49718,-0.076636,-0.30868
-0.34351,0.7787,0.10403,0.41803,0.20784,-0.46611,-0.03427,-0.28666
-0.37652,0.7582,0.04194,0.39867,0.15847,-0.43532,0.0079586,-0.26457
-0.40818,0.7381,-0.01985,0.37968,0.10957,-0.40482,0.050005,-0.24243
-0.43849,0.7184,-0.081276,0.36108,0.061163,-0.37464,0.091826,-0.22027
-0.46741,0.69909,-0.14228,0.34288,0.013295,-0.34479,0.13338,-0.1981
-0.49495,0.68017,-0.2028,0.3251,-0.033994,-0.3153,0.17463,-0.17595
-0.5211,0.66163,-0.26277,0.30776,-0.080666,-0.28619,0.21552,-0.15384
-0.54584,0.64349,-0.32215,0.29087,-0.12668,-0.25748,0.25603,-0.1318
-0.56918,0.62572,-0.38087,0.27446,-0.17201,-0.22918,0.2961,-0.10983
-0.5911,0.60833,-0.43887,0.25853,-0.21661,-0.20132,0.3357,-0.08797
-0.61162,0.59131,-0.49611,0.24309,-0.26045,-0.1739,0.3748,-0.06623
-0.63072,0.57465,-0.55252,0.22815,-0.30349,-0.14695,0.41335,-0.044631
-0.64841,0.55834,-0.60805,0.21374,-0.34571,-0.12048,0.45131,-0.023194
-0.66469,0.54238,-0.66264,0.19984,-0.38707,-0.094499,0.48866,-0.0019365
-0.67957,0.52675,-0.71626,0.18648,-0.42755,-0.069021,0.52536,0.019124
-0.69306,0.51145,-0.76884,0.17366,-0.46712,-0.044056,0.56136,0.039968
-0.70516,0.49647,-0.82034,0.16138,-0.50575,-0.019616,0.59665,0.060581
-0.71588,0.48178,-0.87071,0.14965,-0.54342,0.0042921,0.63118,0.080945
-0.72524,0.46739,-0.9199,0.13846,-0.58009,0.027659,0.66493,0.10104
-0.73325,0.45328,-0.96788,0.12783,-0.61576,0.050478,0.69786,0.12086
-0.73992,0.43943,-1.0146,0.11774,-0.6504,0.072744,0.72995,0.14039
-0.74528,0.42583,-1.06,0.10821,-0.68399,0.094451,0.76117,0.1596
-0.74933,0.41246,-1.104,0.099221,-0.71652,0.1156,0.7915,0.17849
-0.75211,0.39932,-1.1467,0.090776,-0.74796,0.13618,0.8209,0.19704
-0.75362,0.38638,-1.188,0.08287,-0.7783,0.15619,0.84935,0.21525
-0.7539,0.37364,-1.2278,0.075497,-0.80753,0.17563,0.87684,0.23309
-0.75296,0.36107,-1.2661,0.06865,-0.83564,0.19451,0.90334,0.25056
-0.75082,0.34865,-1.3028,0.062321,-0.86262,0.21281,0.92882,0.26765
-0.74753,0.33639,-1.3381,0.056501,-0.88845,0.23056,0.95328,0.28434
-0.7431,0.32424,-1.3717,0.051181,-0.91313,0.24773,0.97669,0.30063
-0.73756,0.31221,-1.4038,0.046349,-0.93666,0.26435,0.99904,0.31651
-0.73093,0.30027,-1.4342,0.041993,-0.95903,0.28042,1.0203,0.33196
-0.72326,0.2884,-1.463,0.038102,-0.98023,0.29593,1.0405,0.34699
-0.71457,0.2766,-1.4901,0.03466,-1.0003,0.31089,1.0595,0.36158
-0.70489,0.26484,-1.5155,0.031654,-1.0191,0.32532,1.0775,0.37573
-0.69426,0.2531,-1.5392,0.029068,-1.0368,0.33921,1.0943,0.38942
-0.68271,0.24138,-1.5611,0.026886,-1.0534,0.35259,1.11,0.40266
-0.67027,0.22964,-1.5814,0.025091,-1.0688,0.36544,1.1246,0.41544
-0.65698,0.21789,-1.5999,0.023665,-1.083,0.37779,1.138,0.42776
-0.64287,0.2061,-1.6166,0.022591,-1.0961,0.38964,1.1503,0.43961
-0.62798,0.19425,-1.6316,0.02185,-1.108,0.40101,1.1614,0.45099
-0.61235,0.18233,-1.6448,0.021421,-1.1189,0.4119,1.1713,0.46189
-0.59601,0.17033,-1.6563,0.021287,-1.1286,0.42233,1.1801,0.47232
-0.579,0.15824,-1.666,0.021425,-1.1371,0.4323,1.1877,0.48226
-0.56136,0.14603,-1.6739,0.021815,-1.1446,0.44183,1.1942,0.49173
-0.54313,0.13369,-1.6801,0.022437,-1.151,0.45093,1.1996,0.50072
-0.52433,0.12122,-1.6845,0.023268,-1.1564,0.45962,1.2038,0.50923
-0.50502,0.10859,-1.6871,0.024287,-1.1607,0.4679,1.2068,0.51726
-0.48523,0.095801,-1.6881,0.025473,-1.1639,0.4758,1.2088,0.52481
-0.465,0.082838,-1.6872,0.026801,-1.1662,0.48332,1.2096,0.53189
-0.44436,0.069691,-1.6847,0.028252,-1.1674,0.49048,1.2093,0.53849
-0.42336,0.056349,-1.6805,0.029801,-1.1676,0.49729,1.2078,0.54461
-0.40203,0.042803,-1.6746,0.031427,-1.1669,0.50376,1.2053,0.55027
-0.38041,0.029045,-1.667,0.033106,-1.1653,0.50992,1.2018,0.55546
-0.35854,0.015067,-1.6578,0.034818,-1.1627,0.51577,1.1971,0.56019
-0.33646,0.00086127,-1.6469,0.036538,-1.1593,0.52134,1.1914,0.56446
-0.31419,-0.013578,-1.6344,0.038246,-1.1549,0.52662,1.1847,0.56827
-0.29179,-0.028255,-1.6204,0.039919,-1.1498,0.53165,1.177,0.57164
-0.26928,-0.043176,-1.6048,0.041535,-1.1438,0.53643,1.1682,0.57456
-0.24671,-0.058344,-1.5877,0.043073,-1.137,0.54098,1.1585,0.57704
-0.2241,-0.073762,-1.5691,0.044511,-1.1294,0.54531,1.1478,0.57909
-0.20149,-0.089432,-1.549,0.045829,-1.1211,0.54943,1.1362,0.58072
-0.17892,-0.10536,-1.5275,0.047007,-1.1121,0.55337,1.1237,0.58192
-0.15642,-0.12153,-1.5046,0.048023,-1.1024,0.55713,1.1102,0.58272
-0.13403,-0.13796,-1.4803,0.04886,-1.092,0.56073,1.0959,0.58311
-0.11177,-0.15465,-1.4547,0.049497,-1.081,0.56418,1.0807,0.5831
-0.089676,-0.17158,-1.4278,0.049917,-1.0693,0.56749,1.0648,0.5827
-0.067784,-0.18875,-1.3997,0.050101,-1.0571,0.57069,1.048,0.58192
-0.046122,-0.20617,-1.3703,0.050033,-1.0444,0.57377,1.0304,0.58077
-0.024719,-0.22383,-1.3398,0.049696,-1.0311,0.57676,1.012,0.57926
-0.0036048,-0.24172,-1.3081,0.049074,-1.0173,0.57966,0.99299,0.57738
0.017193,-0.25983,-1.2753,0.048151,-1.0031,0.58249,0.97324,0.57517
0.037648,-0.27816,-1.2415,0.046915,-0.98843,0.58526,0.95281,0.57261
0.057733,-0.2967,-1.2066,0.045351,-0.97335,0.58798,0.93173,0.56973
0.077422,-0.31544,-1.1708,0.043446,-0.9579,0.59066,0.91003,0.56652
0.096692,-0.33437,-1.1341,0.041189,-0.94209,0.5933,0.88775,0.56301
0.11552,-0.35347,-1.0965,0.038569,-0.92597,0.59593,0.8649,0.5592
0.13388,-0.37275,-1.0581,0.035576,-0.90956,0.59856,0.84152,0.5551
0.15175,-0.39218,-1.0189,0.032201,-0.89288,0.60118,0.81763,0.55072
0.16911,-0.41175,-0.97895,0.028435,-0.87598,0.6038,0.79327,0.54607
0.18595,-0.43145,-0.93831,0.024272,-0.85886,0.60645,0.76846,0.54116
0.20224,-0.45126,-0.89703,0.019705,-0.84157,0.60912,0.74323,0.536
0.21796,-0.47117,-0.85515,0.014728,-0.82412,0.61182,0.71761,0.5306
0.2331,-0.49116,-0.81272,0.009339,-0.80655,0.61456,0.69164,0.52498
0.24764,-0.51122,-0.76978,0.0035332,-0.78889,0.61734,0.66533,0.51913
0.26157,-0.53133,-0.72639,-0.0026912,-0.77115,0.62017,0.63872,0.51308
0.27487,-0.55148,-0.6826,-0.0093354,-0.75338,0.62306,0.61184,0.50683
0.28753,-0.57164,-0.63844,-0.016399,-0.73558,0.62601,0.58472,0.50039
0.29954,-0.59179,-0.59396,-0.023882,-0.71779,0.62903,0.55739,0.49378
0.31088,-0.61192,-0.54922,-0.031782,-0.70003,0.63212,0.52987,0.48699
0.32156,-0.63201,-0.50425,-0.040096,-0.68233,0.63528,0.5022,0.48005
0.33155,-0.65204,-0.45911,-0.04882,-0.6647,0.63852,0.47439,0.47297
0.34085,-0.67199,-0.41384,-0.057948,-0.64718,0.64183,0.44649,0.46574
0.34945,-0.69184,-0.36849,-0.067475,-0.62979,0.64523,0.41852,0.45839
0.35736,-0.71157,-0.32309,-0.077394,-0.61254,0.64871,0.39051,0.45092
0.36455,-0.73115,-0.2777,-0.087697,-0.59546,0.65228,0.36248,0.44334
0.37103,-0.75058,-0.23235,-0.098374,-0.57857,0.65593,0.33446,0.43567
0.3768,-0.76982,-0.1871,-0.10942,-0.56188,0.65967,0.30648,0.4279
0.38185,-0.78886,-0.14198,-0.12081,-0.54543,0.66349,0.27857,0.42006
0.38618,-0.80767,-0.097039,-0.13255,-0.52922,0.6674,0.25074,0.41214
0.38979,-0.82625,-0.052311,-0.14461,-0.51328,0.6714,0.22304,0.40417
0.39268,-0.84455,-0.0078397,-0.157,-0.49762,0.67548,0.19547,0.39614
0.39486,-0.86257,0.036336,-0.16968,-0.48226,0.67964,0.16807,0.38806
0.39631,-0.88029,0.080178,-0.18265,-0.46721,0.68388,0.14086,0.37995
0.39706,-0.89767,0.12365,-0.19588,-0.4525,0.6882,0.11387,0.37182
0.39709,-0.91472,0.16671,-0.20937,-0.43813,0.69259,0.087115,0.36366
0.39642,-0.93139,0.20933,-0.2231,-0.42411,0.69706,0.06062,0.35549
0.39505,-0.94768,0.25147,-0.23704,-0.41047,0.70159,0.034407,0.34732
0.39299,-0.96357,0.29309,-0.25118,-0.39721,0.70619,0.0084984,0.33915
0.39024,-0.97903,0.33417,-0.2655,-0.38435,0.71085,-0.017085,0.331
0.38681,-0.99406,0.37468,-0.27997,-0.37189,0.71556,-0.042322,0.32286
0.38271,-1.0086,0.41457,-0.29459,-0.35985,0.72033,-0.067195,0.31475
0.37795,-1.0227,0.45383,-0.30932,-0.34823,0.72515,-0.091682,0.30667
0.37253,-1.0363,0.49243,-0.32414,-0.33705,0.73,-0.11577,0.29863
0.36647,-1.0494,0.53033,-0.33904,-0.3263,0.7349,-0.13943,0.29063
0.35978,-1.062,0.56751,-0.35398,-0.316,0.73982,-0.16266,0.28268
0.35246,-1.074,0.60395,-0.36895,-0.30616,0.74477,-0.18543,0.2748
0.34454,-1.0855,0.63963,-0.38393,-0.29678,0.74974,-0.20772,0.26697
0.33601,-1.0964,0.67451,-0.39889,-0.28785,0.75472,-0.22954,0.25921
0.3269,-1.1067,0.70859,-0.4138,-0.2794,0.7597,-0.25085,0.25153
0.31722,-1.1164,0.74183,-0.42864,-0.27142,0.76469,-0.27165,0.24393
0.30698,-1.1255,0.77422,-0.4434,-0.26391,0.76966,-0.29192,0.23641
0.2962,-1.1341,0.80575,-0.45803,-0.25688,0.77463,-0.31165,0.22898
0.28488,-1.1419,0.83639,-0.47253,-0.25032,0.77957,-0.33083,0.22164
0.27306,-1.1492,0.86613,-0.48687,-0.24424,0.78448,-0.34944,0.2144
0.26073,-1.1558,0.89496,-0.50101,-0.23863,0.78936,-0.36748,0.20727
0.24791,-1.1618,0.92286,-0.51495,-0.23351,0.7942,-0.38494,0.20024
0.23463,-1.1671,0.94982,-0.52864,-0.22885,0.79898,-0.40181,0.19332
0.2209,-1.1718,0.97583,-0.54208,-0.22467,0.80371,-0.41808,0.18651
0.20673,-1.1758,1.0009,-0.55524,-0.22096,0.80837,-0.43373,0.17982
0.19214,-1.1791,1.025,-0.56809,-0.21772,0.81297,-0.44878,0.17326
0.17715,-1.1817,1.0481,-0.58061,-0.21494,0.81748,-0.4632,0.16682
0.16177,-1.1837,1.0702,-0.59277,-0.21262,0.82191,-0.477,0.1605
0.14603,-1.185,1.0914,-0.60457,-0.21075,0.82625,-0.49016,0.15432
0.12993,-1.1857,1.1115,-0.61596,-0.20933,0.83048,-0.50269,0.14827
0.11351,-1.1856,1.1307,-0.62694,-0.20835,0.83461,-0.51459,0.14236
0.09677,-1.1849,1.1489,-0.63748,-0.20781,0.83862,-0.52584,0.13659
0.079735,-1.1836,1.1661,-0.64757,-0.2077,0.84252,-0.53644,0.13096
0.062422,-1.1815,1.1822,-0.65717,-0.20802,0.84628,-0.5464,0.12548
0.044849,-1.1788,1.1974,-0.66628,-0.20874,0.84992,-0.55572,0.12015
0.027034,-1.1755,1.2116,-0.67487,-0.20988,0.85341,-0.56439,0.11496
0.0089967,-1.1715,1.2249,-0.68293,-0.21141,0.85676,-0.57242,0.10993
-0.0092455,-1.1669,1.2371,-0.69044,-0.21333,0.85996,-0.57979,0.10505
-0.027674,-1.1616,1.2483,-0.69738,-0.21563,0.863,-0.58653,0.10033
-0.046271,-1.1557,1.2586,-0.70374,-0.21831,0.86588,-0.59263,0.095774
-0.065017,-1.1492,1.2679,-0.7095,-0.22134,0.86859,-0.59809,0.091375
-0.083894,-1.1421,1.2763,-0.71465,-0.22473,0.87113,-0.60291,0.08714
-0.10288,-1.1344,1.2837,-0.71918,-0.22845,0.8735,-0.60711,0.08307
-0.12197,-1.1261,1.2902,-0.72308,-0.23251,0.87568,-0.61068,0.079167
-0.14113,-1.1173,1.2957,-0.72632,-0.23689,0.87768,-0.61362,0.075432
-0.16035,-1.1079,1.3003,-0.72891,-0.24157,0.87949,-0.61596,0.071869
-0.17962,-1.0979,1.304,-0.73083,-0.24656,0.8811,-0.61768,0.068477
-0.1989,-1.0874,1.3068,-0.73208,-0.25183,0.88252,-0.6188,0.06526
-0.21819,-1.0765,1.3087,-0.73265,-0.25737,0.88375,-0.61933,0.062217
-0.23748,-1.065,1.3098,-0.73253,-0.26318,0.88477,-0.61926,0.059351
-0.25673,-1.053,1.3099,-0.73171,-0.26924,0.88559,-0.61862,0.056663
-0.27593,-1.0406,1.3093,-0.7302,-0.27554,0.8862,-0.61741,0.054154
-0.29508,-1.0277,1.3078,-0.72799,-0.28206,0.88661,-0.61563,0.051825
-0.31415,-1.0144,1.3055,-0.72508,-0.28881,0.8868,-0.61331,0.049676
-0.33312,-1.0007,1.3024,-0.72146,-0.29575,0.88679,-0.61043,0.04771
-0.35198,-0.98664,1.2985,-0.71713,-0.30289,0.88657,-0.60703,0.045925
-0.37072,-0.97217,1.2938,-0.71211,-0.31021,0.88614,-0.6031,0.044324
-0.38931,-0.95735,1.2884,-0.70638,-0.31769,0.88549,-0.59866,0.042907
-0.40775,-0.9422,1.2822,-0.69995,-0.32533,0.88464,-0.59372,0.041673
-0.42602,-0.92672,1.2754,-0.69283,-0.33312,0.88357,-0.5883,0.040622
-0.4441,-0.91096,1.2678,-0.68502,-0.34103,0.8823,-0.58239,0.039756
-0.46198,-0.89491,1.2596,-0.67653,-0.34906,0.88082,-0.57602,0.039073
-0.47965,-0.87861,1.2506,-0.66736,-0.3572,0.87912,-0.5692,0.038573
-0.49709,-0.86208,1.2411,-0.65753,-0.36544,0.87723,-0.56193,0.038256
-0.51429,-0.84532,1.2309,-0.64703,-0.37376,0.87512,-0.55424,0.03812
-0.53124,-0.82837,1.2201,-0.63588,-0.38215,0.87282,-0.54614,0.038165
-0.54793,-0.81124,1.2087,-0.6241,-0.3906,0.87031,-0.53764,0.038389
-0.56434,-0.79395,1.1968,-0.61168,-0.3991,0.86761,-0.52875,0.038791
-0.58046,-0.77652,1.1843,-0.59866,-0.40764,0.86471,-0.51949,0.039369
-0.59629,-0.75898,1.1712,-0.58503,-0.4162,0.86162,-0.50987,0.040121
-0.6118,-0.74133,1.1577,-0.57081,-0.42478,0.85834,-0.4999,0.041045
-0.627,-0.7236,1.1436,-0.55602,-0.43337,0.85487,-0.48961,0.042139
-0.64186,-0.7058,1.1291,-0.54067,-0.44194,0.85122,-0.479,0.043398
-0.65639,-0.68796,1.1141,-0.52478,-0.4505,0.84739,-0.46809,0.044822
-0.67057,-0.6701,1.0987,-0.50836,-0.45904,0.84338,-0.4569,0.046405
-0.6844,-0.65222,1.0828,-0.49144,-0.46753,0.8392,-0.44543,0.048145
-0.69785,-0.63434,1.0666,-0.47403,-0.47598,0.83486,-0.43371,0.050037
-0.71094,-0.61649,1.0499,-0.45615,-0.48436,0.83034,-0.42174,0.052078
-0.72365,-0.59868,1.0329,-0.43781,-0.49269,0.82567,-0.40956,0.054262
-0.73597,-0.58092,1.0156,-0.41904,-0.50093,0.82083,-0.39715,0.056585
-0.7479,-0.56324,0.99791,-0.39986,-0.50909,0.81585,-0.38456,0.059041
-0.75942,-0.54563,0.97993,-0.38029,-0.51715,0.81071,-0.37178,0.061626
-0.77055,-0.52812,0.96166,-0.36035,-0.52511,0.80543,-0.35884,0.064332
-0.78126,-0.51073,0.94312,-0.34005,-0.53295,0.80001,-0.34574,0.067155
-0.79156,-0.49345,0.92432,-0.31943,-0.54067,0.79446,-0.33251,0.070087
-0.80144,-0.47631,0.90528,-0.29849,-0.54826,0.78876,-0.31916,0.073122
-0.8109,-0.45932,0.88603,-0.27727,-0.55572,0.78294,-0.3057,0.076253
-0.81993,-0.44249,0.86656,-0.25578,-0.56303,0.777,-0.29215,0.079472
-0.82853,-0.42582,0.84692,-0.23404,-0.57018,0.77093,-0.27852,0.082772
-0.8367,-0.40933,0.8271,-0.21209,-0.57717,0.76475,-0.26483,0.086144
-0.84443,-0.39303,0.80713,-0.18993,-0.584,0.75845,-0.2511,0.08958
-0.85173,-0.37692,0.78703,-0.16759,-0.59065,0.75204,-0.23733,0.093072
-0.85858,-0.36102,0.7668,-0.14509,-0.59711,0.74552,-0.22354,0.09661
-0.865,-0.34532,0.74647,-0.12245,-0.60339,0.7389,-0.20974,0.10019
-0.87098,-0.32984,0.72605,-0.099691,-0.60947,0.73218,-0.19595,0.10379
-0.87651,-0.31459,0.70556,-0.076838,-0.61535,0.72536,-0.18219,0.10741
-0.88161,-0.29955,0.68501,-0.053909,-0.62103,0.71845,-0.16846,0.11104
-0.88626,-0.28475,0.66441,-0.030923,-0.62649,0.71144,-0.15478,0.11467
-0.89047,-0.27019,0.64379,-0.0079007,-0.63172,0.70434,-0.14116,0.11829
-0.89425,-0.25586,0.62316,0.015139,-0.63674,0.69716,-0.12762,0.12188
-0.89758,-0.24177,0.60253,0.038178,-0.64152,0.68989,-0.11417,0.12544
-0.90048,-0.22793,0.58191,0.061196,-0.64607,0.68253,-0.10081,0.12895
-0.90294,-0.21432,0.56132,0.084176,-0.65039,0.67509,-0.087575,0.13241
-0.90497,-0.20097,0.54077,0.1071,-0.65445,0.66757,-0.07446,0.13581
-0.90658,-0.18786,0.52028,0.12995,-0.65827,0.65998,-0.061481,0.13912
-0.90775,-0.17499,0.49987,0.15272,-0.66183,0.6523,-0.048652,0.14234
-0.9085,-0.16237,0.47953,0.17538,-0.66514,0.64454,-0.035982,0.14546
-0.90883,-0.14999,0.45929,0.19791,-0.66819,0.63671,-0.023483,0.14847
-0.90874,-0.13785,0.43915,0.22032,-0.67097,0.6288,-0.011166,0.15135
-0.90824,-0.12596,0.41914,0.24257,-0.67349,0.62081,0.00095813,0.1541
-0.90732,-0.1143,0.39926,0.26466,-0.67574,0.61275,0.01288,0.15669
-0.90601,-0.10287,0.37952,0.28658,-0.67771,0.60461,0.024588,0.15913
-0.90429,-0.091677,0.35994,0.30831,-0.6794,0.59639,0.036074,0.16139
-0.90218,-0.080711,0.34052,0.32984,-0.68082,0.58809,0.047328,0.16347
-0.89968,-0.069969,0.32129,0.35116,-0.68196,0.57972,0.05834,0.16535
-0.89679,-0.059446,0.30224,0.37226,-0.68281,0.57126,0.069102,0.16703
-0.89352,-0.049139,0.2834,0.39312,-0.68338,0.56272,0.079605,0.16848
-0.88987,-0.039043,0.26476,0.41375,-0.68366,0.5541,0.089841,0.16971
-0.88586,-0.029154,0.24635,0.43413,-0.68365,0.5454,0.099801,0.17069
-0.88148,-0.019465,0.22816,0.45426,-0.68335,0.53661,0.10948,0.17143
-0.87675,-0.009972,0.21022,0.47412,-0.68276,0.52773,0.11887,0.1719
-0.87166,-0.00066997,0.19253,0.49371,-0.68188,0.51876,0.12796,0.17209
-0.86623,0.0084467,0.1751,0.51303,-0.6807,0.50971,0.13674,0.17201
-0.86046,0.017384,0.15794,0.53207,-0.67924,0.50055,0.14522,0.17163
-0.85436,0.026146,0.14106,0.55082,-0.67747,0.49131,0.15337,0.17095
-0.84792,0.034739,0.12447,0.56928,-0.67542,0.48197,0.16121,0.16996
-0.84117,0.04317,0.10817,0.58745,-0.67307,0.47252,0.16872,0.16865
-0.83411,0.051442,0.092176,0.60532,-0.67043,0.46298,0.17589,0.16701
-0.82674,0.059561,0.076496,0.62289,-0.66749,0.45333,0.18273,0.16503
-0.81907,0.067534,0.061137,0.64016,-0.66426,0.44358,0.18922,0.16272
-0.8111,0.075365,0.046107,0.65712,-0.66074,0.43371,0.19537,0.16005
-0.80284,0.083059,0.031413,0.67378,-0.65693,0.42374,0.20117,0.15702
-0.79431,0.090622,0.017063,0.69013,-0.65284,0.41365,0.20661,0.15363
-0.7855,0.098058,0.0030644,0.70617,-0.64845,0.40346,0.2117,0.14988
-0.77642,0.10537,-0.010577,0.72191,-0.64378,0.39314,0.21643,0.14575
-0.76708,0.11257,-0.023853,0.73733,-0.63882,0.38271,0.2208,0.14124
-0.75749,0.11965,-0.036759,0.75245,-0.63358,0.37215,0.2248,0.13636
-0.74765,0.12663,-0.049287,0.76726,-0.62806,0.36148,0.22844,0.13109
-0.73756,0.1335,-0.061431,0.78176,-0.62227,0.35069,0.23171,0.12543
-0.72724,0.14026,-0.073187,0.79596,-0.6162,0.33977,0.23462,0.11939
-0.71669,0.14693,-0.084547,0.80985,-0.60985,0.32872,0.23716,0.11296
-0.70591,0.15351,-0.095507,0.82343,-0.60324,0.31756,0.23932,0.10613
-0.69491,0.15999,-0.10606,0.83671,-0.59637,0.30626,0.24113,0.098924
-0.68371,0.16639,-0.11621,0.84969,-0.58923,0.29484,0.24256,0.091324
-0.67229,0.17269,-0.12594,0.86237,-0.58183,0.2833,0.24362,0.083338
-0.66068,0.17891,-0.13525,0.87474,-0.57418,0.27163,0.24432,0.074967
-0.64887,0.18505,-0.14414,0.88682,-0.56628,0.25983,0.24466,0.066214
-0.63687,0.1911,-0.1526,0.8986,-0.55814,0.24791,0.24463,0.057083
-0.62468,0.19708,-0.16063,0.91008,-0.54975,0.23587,0.24425,0.047578
-0.61231,0.20297,-0.16822,0.92127,-0.54112,0.2237,0.2435,0.037704
-0.59976,0.20878,-0.17538,0.93216,-0.53226,0.21142,0.24241,0.027468
-0.58705,0.21451,-0.1821,0.94276,-0.52318,0.19902,0.24095,0.016874
-0.57417,0.22016,-0.18837,0.95306,-0.51387,0.1865,0.23916,0.0059306
-0.56112,0.22573,-0.19421,0.96307,-0.50435,0.17387,0.23701,-0.0053548
-0.54792,0.23122,-0.19959,0.97279,-0.49461,0.16112,0.23453,-0.016974
-0.53456,0.23663,-0.20453,0.98221,-0.48467,0.14828,0.23171,-0.028917
-0.52104,0.24195,-0.20901,0.99134,-0.47453,0.13532,0.22855,-0.041176
-0.50738,0.24719,-0.21305,1.0002,-0.46419,0.12227,0.22507,-0.053738
-0.49358,0.25234,-0.21663,1.0087,-0.45367,0.10913,0.22127,-0.066595
-0.47963,0.2574,-0.21976,1.017,-0.44296,0.095894,0.21716,-0.079733
-0.46554,0.26236,-0.22244,1.0249,-0.43208,0.082573,0.21273,-0.093141
-0.45132,0.26723,-0.22467,1.0325,-0.42103,0.069173,0.208,-0.10681
-0.43696,0.27201,-0.22644,1.0399,-0.40981,0.055698,0.20297,-0.12071
-0.42247,0.27668,-0.22777,1.0469,-0.39844,0.042156,0.19765,-0.13485
-0.40784,0.28125,-0.22864,1.0537,-0.38692,0.028551,0.19204,-0.1492
-0.39309,0.28571,-0.22906,1.0601,-0.37525,0.014891,0.18615,-0.16376
-0.37821,0.29007,-0.22904,1.0662,-0.36345,0.0011823,0.18,-0.17849
-0.3632,0.2943,-0.22857,1.072,-0.35153,-0.012567,0.17358,-0.1934
-0.34807,0.29842,-0.22766,1.0775,-0.33947,-0.026351,0.1669,-0.20846
-0.33281,0.30242,-0.22631,1.0826,-0.32731,-0.040161,0.15997,-0.22365
-0.31742,0.30629,-0.22452,1.0874,-0.31503,-0.053989,0.15281,-0.23896
-0.30192,0.31003,-0.22229,1.0919,-0.30265,-0.067827,0.14541,-0.25437
-0.28628,0.31364,-0.21964,1.096,-0.29018,-0.081666,0.13778,-0.26987
-0.27052,0.31711,-0.21655,1.0998,-0.27762,-0.095498,0.12994,-0.28543
-0.25464,0.32044,-0.21304,1.1033,-0.26498,-0.10931,0.12189,-0.30103
-0.23864,0.32362,-0.20912,1.1064,-0.25227,-0.12311,0.11364,-0.31666
-0.2225,0.32665,-0.20477,1.1091,-0.23948,-0.13686,0.10519,-0.3323
-0.20624,0.32953,-0.20002,1.1114,-0.22664,-0.15058,0.096568,-0.34792
-0.18986,0.33225,-0.19486,1.1134,-0.21375,-0.16424,0.087768,-0.36352
-0.17334,0.33481,-0.18931,1.115,-0.2008,-0.17783,0.078801,-0.37906
-0.1567,0.33721,-0.18336,1.1162,-0.18782,-0.19136,0.069677,-0.39453
-0.13992,0.33943,-0.17702,1.117,-0.1748,-0.2048,0.060405,-0.40991
-0.12301,0.34149,-0.1703,1.1173,-0.16175,-0.21815,0.050993,-0.42517
-0.10597,0.34337,-0.1632,1.1173,-0.14868,-0.23139,0.04145,-0.44031
-0.088797,0.34508,-0.15574,1.1169,-0.1356,-0.24453,0.031785,-0.45529
-0.071485,0.3466,-0.14792,1.116,-0.12251,-0.25754,0.022008,-0.47011
-0.054035,0.34795,-0.13974,1.1146,-0.10941,-0.27042,0.012125,-0.48473
-0.036446,0.34911,-0.13121,1.1129,-0.096309,-0.28316,0.002147,-0.49913
-0.018715,0.35008,-0.12235,1.1106,-0.083219,-0.29575,-0.0079183,-0.51331
-0.00084164,0.35087,-0.11316,1.1079,-0.070139,-0.30817,-0.018062,-0.52723
0.017176,0.35148,-0.10364,1.1048,-0.057077,-0.32043,-0.028276,-0.54088
0.03534,0.35189,-0.093808,1.1011,-0.044037,-0.3325,-0.038551,-0.55425
0.05365,0.35212,-0.083672,1.097,-0.031022,-0.34438,-0.048879,-0.5673
0.072109,0.35216,-0.073239,1.0924,-0.018039,-0.35606,-0.059252,-0.58002
0.090718,0.35201,-0.062518,1.0872,-0.0050903,-0.36754,-0.069662,-0.59239
0.10948,0.35168,-0.051519,1.0816,0.0078192,-0.37879,-0.0801,-0.6044
0.12839,0.35116,-0.04025,1.0754,0.020686,-0.38982,-0.090559,-0.61603
0.14745,0.35045,-0.028722,1.0688,0.033506,-0.40062,-0.10103,-0.62725
0.16667,0.34957,-0.016945,1.0616,0.046276,-0.41117,-0.11151,-0.63805
0.18604,0.34851,-0.0049271,1.0538,0.058994,-0.42147,-0.12198,-0.64843
0.20557,0.34728,0.0073202,1.0456,0.071655,-0.43151,-0.13245,-0.65834
0.22525,0.34587,0.019787,1.0368,0.084258,-0.44129,-0.1429,-0.6678
0.24508,0.3443,0.032463,1.0274,0.096799,-0.4508,-0.15333,-0.67677
0.26507,0.34257,0.045338,1.0175,0.10928,-0.46002,-0.16372,-0.68524
0.28521,0.34068,0.058401,1.007,0.12169,-0.46896,-0.17408,-0.69321
0.3055,0.33864,0.071641,0.99602,0.13403,-0.47761,-0.1844,-0.70065
0.32594,0.33646,0.085048,0.98444,0.14631,-0.48596,-0.19466,-0.70756
0.34653,0.33414,0.09861,0.9723,0.15851,-0.49401,-0.20488,-0.71392
0.36727,0.33168,0.11232,0.9596,0.17065,-0.50175,-0.21503,-0.71972
0.38815,0.32911,0.12616,0.94634,0.18271,-0.50918,-0.22511,-0.72496
0.40917,0.32641,0.14012,0.93253,0.19469,-0.5163,-0.23512,-0.72961
0.43033,0.32362,0.1542,0.91815,0.2066,-0.52309,-0.24506,-0.73368
0.45163,0.32072,0.16837,0.90321,0.21844,-0.52957,-0.25491,-0.73716
0.47305,0.31774,0.18264,0.88773,0.2302,-0.53572,-0.26468,-0.74003
0.49461,0.31468,0.19698,0.87169,0.24189,-0.54154,-0.27436,-0.7423
0.51628,0.31155,0.21138,0.85511,0.25349,-0.54704,-0.28394,-0.74395
0.53807,0.30836,0.22585,0.83799,0.26503,-0.55221,-0.29343,-0.74499
0.55998,0.30513,0.24035,0.82033,0.27649,-0.55705,-0.30281,-0.7454
0.58199,0.30186,0.25489,0.80215,0.28787,-0.56155,-0.31208,-0.74519
0.6041,0.29857,0.26945,0.78345,0.29918,-0.56573,-0.32125,-0.74436
0.6263,0.29527,0.28402,0.76424,0.31041,-0.56958,-0.33031,-0.7429
0.64858,0.29197,0.29859,0.74452,0.32157,-0.5731,-0.33925,-0.74082
0.67095,0.28868,0.31314,0.72432,0.33266,-0.5763,-0.34807,-0.73811
0.69338,0.28542,0.32767,0.70365,0.34368,-0.57917,-0.35677,-0.73479
0.71587,0.2822,0.34217,0.6825,0.35462,-0.58172,-0.36536,-0.73084
0.73841,0.27904,0.35662,0.6609,0.3655,-0.58395,-0.37381,-0.72628
0.761,0.27594,0.37101,0.63887,0.37631,-0.58586,-0.38215,-0.72111
0.78362,0.27292,0.38533,0.61641,0.38705,-0.58747,-0.39035,-0.71534
0.80626,0.27,0.39958,0.59354,0.39773,-0.58876,-0.39843,-0.70897
0.82891,0.26718,0.41373,0.57028,0.40833,-0.58976,-0.40638,-0.70202
0.85156,0.26449,0.42779,0.54665,0.41888,-0.59046,-0.4142,-0.69448
0.87419,0.26194,0.44173,0.52266,0.42936,-0.59086,-0.42189,-0.68638
0.89681,0.25953,0.45556,0.49833,0.43978,-0.59099,-0.42944,-0.67772
0.91938,0.25729,0.46925,0.47369,0.45014,-0.59083,-0.43687,-0.66852
0.94191,0.25522,0.4828,0.44875,0.46044,-0.5904,-0.44416,-0.65878
0.96437,0.25335,0.4962,0.42353,0.47069,-0.58971,-0.45132,-0.64853
0.98676,0.25168,0.50944,0.39806,0.48087,-0.58876,-0.45835,-0.63777
1.0091,0.25023,0.52251,0.37236,0.491,-0.58756,-0.46525,-0.62652
1.0312,0.24901,0.5354,0.34645,0.50107,-0.58612,-0.47201,-0.6148
1.0533,0.24803,0.54809,0.32036,0.51109,-0.58444,-0.47865,-0.60262
1.0752,0.24731,0.56059,0.29411,0.52105,-0.58254,-0.48515,-0.59
1.097,0.24686,0.57288,0.26772,0.53096,-0.58043,-0.49153,-0.57697
1.1186,0.24669,0.58495,0.24122,0.54081,-0.57811,-0.49777,-0.56354
1.1401,0.24681,0.5968,0.21464,0.55062,-0.57559,-0.50389,-0.54973
1.1613,0.24724,0.60841,0.188,0.56036,-0.57289,-0.50988,-0.53555
1.1823,0.24798,0.61978,0.16133,0.57006,-0.57001,-0.51574,-0.52104
1.2031,0.24905,0.63089,0.13466,0.5797,-0.56696,-0.52147,-0.50622
1.2236,0.25044,0.64175,0.10801,0.58929,-0.56376,-0.52709,-0.4911
1.2439,0.25219,0.65234,0.081406,0.59882,-0.5604,-0.53257,-0.47571
1.2639,0.25428,0.66265,0.054884,0.6083,-0.55692,-0.53794,-0.46008
1.2836,0.25673,0.67268,0.028467,0.61772,-0.5533,-0.54319,-0.44422
1.3029,0.25955,0.68242,0.0021837,0.62708,-0.54958,-0.54831,-0.42817
1.322,0.26274,0.69186,-0.023938,0.63639,-0.54574,-0.55332,-0.41194
1.3406,0.26632,0.70099,-0.049871,0.64564,-0.54182,-0.55821,-0.39556
1.3589,0.27027,0.70981,-0.075586,0.65482,-0.53781,-0.56298,-0.37906
1.3768,0.27462,0.71832,-0.10106,0.66394,-0.53373,-0.56764,-0.36246
1.3943,0.27936,0.7265,-0.12625,0.67299,-0.52958,-0.57218,-0.34579
1.4114,0.2845,0.73434,-0.15115,0.68198,-0.52539,-0.57661,-0.32907
1.428,0.29003,0.74185,-0.17572,0.69089,-0.52115,-0.58093,-0.31233
1.4442,0.29596,0.74901,-0.19994,0.69973,-0.51688,-0.58513,-0.2956
1.4598,0.3023,0.75583,-0.22378,0.70849,-0.5126,-0.58923,-0.2789
1.475,0.30904,0.76229,-0.24721,0.71717,-0.5083,-0.59322,-0.26226
1.4897,0.31617,0.76838,-0.27021,0.72577,-0.504,-0.59709,-0.2457
1.5038,0.32371,0.77411,-0.29275,0.73428,-0.49972,-0.60086,-0.22925
1.5174,0.33164,0.77947,-0.3148,0.74269,-0.49545,-0.60452,-0.21294
1.5304,0.33996,0.78445,-0.33636,0.75101,-0.49121,-0.60808,-0.19678
1.5428,0.34867,0.78905,-0.35738,0.75923,-0.48701,-0.61152,-0.18081
1.5546,0.35776,0.79326,-0.37785,0.76734,-0.48285,-0.61486,-0.16505
1.5658,0.36723,0.79708,-0.39774,0.77534,-0.47875,-0.61809,-0.14952
1.5764,0.37707,0.8005,-0.41704,0.78322,-0.47471,-0.62122,-0.13425
1.5863,0.38727,0.80353,-0.43572,0.79098,-0.47075,-0.62424,-0.11926
1.5955,0.39782,0.80615,-0.45376,0.79862,-0.46686,-0.62715,-0.10458
1.6041,0.40872,0.80836,-0.47115,0.80612,-0.46307,-0.62995,-0.090217
1.6119,0.41996,0.81015,-0.48786,0.81348,-0.45936,-0.63264,-0.076203
1.6191,0.43151,0.81153,-0.50389,0.82069,-0.45576,-0.63522,-0.062557
1.6255,0.44338,0.81249,-0.5192,0.82775,-0.45226,-0.63769,-0.0493
1.6312,0.45555,0.81303,-0.53379,0.83465,-0.44888,-0.64004,-0.036451
1.6362,0.468,0.81314,-0.54765,0.84139,-0.44561,-0.64229,-0.024028
1.6404,0.48073,0.81282,-0.56075,0.84795,-0.44247,-0.64441,-0.012051
1.6438,0.49371,0.81207,-0.57309,0.85433,-0.43946,-0.64642,-0.0005355
1.6465,0.50694,0.81088,-0.58466,0.86053,-0.43658,-0.64831,0.010501
1.6483,0.52039,0.80925,-0.59544,0.86653,-0.43384,-0.65008,0.021045
1.6493,0.53405,0.80717,-0.60543,0.87233,-0.43124,-0.65172,0.031079
1.6496,0.5479,0.80466,-0.61462,0.87792,-0.42878,-0.65324,0.040592
1.649,0.56193,0.80169,-0.623,0.88329,-0.42647,-0.65463,0.04957
1.6476,0.57611,0.79828,-0.63057,0.88844,-0.42431,-0.65588,0.058002
1.6453,0.59043,0.79441,-0.63732,0.89335,-0.4223,-0.657,0.065876
1.6422,0.60487,0.79009,-0.64325,0.89803,-0.42045,-0.65798,0.073184
1.6383,0.61941,0.78532,-0.64836,0.90246,-0.41875,-0.65881,0.079917
1.6335,0.63403,0.78008,-0.65264,0.90663,-0.4172,-0.6595,0.086067
1.6279,0.6487,0.77439,-0.6561,0.91054,-0.41581,-0.66005,0.091628
1.6213,0.66341,0.76823,-0.65874,0.91417,-0.41458,-0.66043,0.096595
1.614,0.67814,0.76161,-0.66056,0.91753,-0.4135,-0.66066,0.10096
1.6057,0.69286,0.75452,-0.66157,0.9206,-0.41257,-0.66072,0.10473
1.5966,0.70755,0.74697,-0.66176,0.92338,-0.4118,-0.66062,0.10789
1.5867,0.7222,0.73895,-0.66115,0.92586,-0.41118,-0.66035,0.11044
1.5759,0.73678,0.73046,-0.65975,0.92803,-0.41071,-0.6599,0.11239
1.5642,0.75126,0.7215,-0.65756,0.92988,-0.41039,-0.65927,0.11374
1.5516,0.76563,0.71207,-0.65459,0.93141,-0.41021,-0.65845,0.11448
1.5382,0.77987,0.70217,-0.65085,0.93261,-0.41017,-0.65744,0.11463
1.5239,0.79395,0.69179,-0.64636,0.93347,-0.41027,-0.65624,0.11418
1.5088,0.80785,0.68094,-0.64112,0.93399,-0.41051,-0.65483,0.11314
1.4929,0.82155,0.66962,-0.63515,0.93416,-0.41088,-0.65322,0.11152
1.4761,0.83503,0.65783,-0.62847,0.93398,-0.41138,-0.6514,0.10932
1.4584,0.84827,0.64556,-0.6211,0.93343,-0.41199,-0.64935,0.10655
1.44,0.86124,0.63282,-0.61304,0.93251,-0.41273,-0.64709,0.10323
1.4207,0.87394,0.6196,-0.60432,0.93123,-0.41358,-0.6446,0.099353
1.4006,0.88633,0.60591,-0.59495,0.92957,-0.41454,-0.64187,0.094941
1.3798,0.89839,0.59175,-0.58496,0.92752,-0.4156,-0.6389,0.090004
1.3581,0.91012,0.57712,-0.57437,0.92509,-0.41676,-0.63569,0.084554
1.3357,0.92149,0.56202,-0.56319,0.92226,-0.41802,-0.63223,0.078604
1.3125,0.93248,0.54645,-0.55145,0.91904,-0.41936,-0.62852,0.072168
1.2885,0.94307,0.5304,-0.53917,0.91543,-0.42078,-0.62454,0.065263
1.2638,0.95325,0.5139,-0.52638,0.91141,-0.42227,-0.6203,0.057903
1.2384,0.96301,0.49692,-0.5131,0.90698,-0.42383,-0.61579,0.050104
1.2123,0.97232,0.47949,-0.49935,0.90215,-0.42546,-0.611,0.041885
1.1855,0.98117,0.46159,-0.48517,0.89691,-0.42714,-0.60593,0.033261
1.158,0.98955,0.44324,-0.47056,0.89126,-0.42887,-0.60058,0.024253
1.1299,0.99745,0.42443,-0.45557,0.8852,-0.43064,-0.59494,0.014877
1.1011,1.0048,0.40517,-0.44022,0.87873,-0.43245,-0.58901,0.0051544
1.0717,1.0117,0.38545,-0.42453,0.87184,-0.4343,-0.58278,-0.0048966
1.0417,1.0181,0.3653,-0.40853,0.86454,-0.43616,-0.57624,-0.015255
1.0112,1.0239,0.3447,-0.39226,0.85683,-0.43805,-0.56941,-0.025902
0.98001,1.0292,0.32366,-0.37573,0.8487,-0.43995,-0.56226,-0.036815
0.94832,1.034,0.30218,-0.35898,0.84017,-0.44185,-0.5548,-0.047975
0.9161,1.0382,0.28028,-0.34203,0.83123,-0.44376,-0.54703,-0.059358
0.88337,1.0418,0.25795,-0.32492,0.82188,-0.44565,-0.53894,-0.070946
0.85017,1.0449,0.2352,-0.30767,0.81213,-0.44754,-0.53053,-0.082715
0.8165,1.0474,0.21204,-0.2903,0.80197,-0.44941,-0.52179,-0.094643
0.78239,1.0493,0.18847,-0.27285,0.79143,-0.45126,-0.51274,-0.10671
0.74787,1.0507,0.1645,-0.25535,0.78049,-0.45308,-0.50336,-0.11889
0.71296,1.0514,0.14013,-0.23782,0.76916,-0.45487,-0.49365,-0.13117
0.67767,1.0516,0.11537,-0.2203,0.75745,-0.45661,-0.48361,-0.14352
0.64204,1.0513,0.090233,-0.2028,0.74536,-0.45832,-0.47325,-0.15592
0.60608,1.0503,0.064717,-0.18536,0.7329,-0.45998,-0.46256,-0.16836
0.56982,1.0488,0.038834,-0.168,0.72008,-0.46158,-0.45154,-0.1808
0.53329,1.0467,0.012591,-0.15075,0.7069,-0.46313,-0.4402,-0.19322
0.4965,1.044,-0.014002,-0.13363,0.69336,-0.46462,-0.42853,-0.20561
0.45949,1.0408,-0.040938,-0.11668,0.67949,-0.46605,-0.41653,-0.21795
0.42227,1.037,-0.068207,-0.09991,0.66527,-0.46741,-0.40421,-0.23021
0.38487,1.0326,-0.0958,-0.083353,0.65074,-0.4687,-0.39158,-0.24238
0.34731,1.0278,-0.12371,-0.06703,0.63588,-0.46992,-0.37862,-0.25443
0.30963,1.0223,-0.15192,-0.050965,0.62071,-0.47106,-0.36535,-0.26634
0.27183,1.0164,-0.18042,-0.03518,0.60525,-0.47212,-0.35176,-0.2781
0.23395,1.01,-0.20921,-0.019699,0.58949,-0.4731,-0.33787,-0.28969
0.19601,1.003,-0.23827,-0.0045408,0.57346,-0.474,-0.32368,-0.30108
0.15804,0.99559,-0.26759,0.010273,0.55716,-0.47482,-0.30919,-0.31227
0.12006,0.98768,-0.29716,0.024722,0.5406,-0.47555,-0.2944,-0.32323
0.082087,0.9793,-0.32696,0.038789,0.5238,-0.4762,-0.27932,-0.33395
0.044153,0.97048,-0.35699,0.052454,0.50676,-0.47676,-0.26397,-0.34441
0.0062794,0.96122,-0.38723,0.0657,0.4895,-0.47724,-0.24834,-0.35459
-0.031511,0.95154,-0.41767,0.078513,0.47203,-0.47762,-0.23244,-0.36449
-0.069194,0.94146,-0.44829,0.090874,0.45436,-0.47793,-0.21627,-0.37408
-0.10675,0.93099,-0.47908,0.10277,0.4365,-0.47814,-0.19986,-0.38335
-0.14415,0.92015,-0.51003,0.11419,0.41847,-0.47827,-0.1832,-0.3923
-0.18137,0.90895,-0.54112,0.12512,0.40028,-0.47831,-0.1663,-0.4009
-0.2184,0.89742,-0.57234,0.13554,0.38195,-0.47828,-0.14917,-0.40915
-0.25521,0.88557,-0.60367,0.14545,0.36348,-0.47816,-0.13183,-0.41704
-0.29178,0.87342,-0.63509,0.15484,0.34489,-0.47795,-0.11427,-0.42455
-0.32808,0.86098,-0.6666,0.1637,0.3262,-0.47768,-0.096519,-0.43167
-0.3641,0.84829,-0.69817,0.17202,0.30741,-0.47732,-0.078578,-0.4384
-0.39982,0.83536,-0.72979,0.17979,0.28855,-0.47689,-0.06046,-0.44473
-0.43521,0.8222,-0.76144,0.18701,0.26962,-0.47639,-0.042177,-0.45066
-0.47025,0.80883,-0.79311,0.19367,0.25064,-0.47582,-0.023739,-0.45616
-0.50493,0.79529,-0.82478,0.19977,0.23162,-0.47518,-0.0051594,-0.46125
-0.53922,0.78157,-0.85642,0.20531,0.21258,-0.47448,0.01355,-0.46591
-0.57312,0.76772,-0.88803,0.21029,0.19353,-0.47372,0.032376,-0.47014
-0.60658,0.75374,-0.91959,0.2147,0.17449,-0.47291,0.051305,-0.47394
-0.63961,0.73965,-0.95107,0.21854,0.15547,-0.47204,0.070325,-0.4773
-0.67218,0.72548,-0.98247,0.22182,0.13648,-0.47112,0.089421,-0.48023
-0.70427,0.71124,-1.0137,0.22454,0.11754,-0.47015,0.10858,-0.48271
-0.73586,0.69696,-1.0449,0.2267,0.098665,-0.46914,0.12779,-0.48476
-0.76695,0.68265,-1.0759,0.22831,0.079863,-0.4681,0.14703,-0.48637
-0.7975,0.66833,-1.1068,0.22936,0.061151,-0.46702,0.16629,-0.48754
-0.82751,0.65402,-1.1374,0.22988,0.042542,-0.46591,0.18555,-0.48828
-0.85697,0.63974,-1.1679,0.22985,0.024049,-0.46477,0.2048,-0.48858
