0.47763,-0.54816,1.6065,-1.0505,0.75403,0.54077,-0.99539,0.35536
0.40235,-0.49723,1.5434,-1.0204,0.7153,0.53341,-0.95958,0.34586
0.32686,-0.44565,1.4798,-0.98874,0.6766,0.52507,-0.92363,0.33561
0.25117,-0.39349,1.4157,-0.95572,0.63791,0.51578,-0.88755,0.32463
0.17531,-0.3408,1.3511,-0.92135,0.59925,0.50556,-0.85132,0.31296
0.099319,-0.28765,1.2861,-0.88566,0.5606,0.49444,-0.81495,0.30063
0.023221,-0.2341,1.2207,-0.8487,0.52196,0.48246,-0.77843,0.28769
-0.052954,-0.18023,1.1548,-0.81052,0.48334,0.46964,-0.74176,0.27416
-0.12917,-0.12609,1.0885,-0.77115,0.44473,0.45603,-0.70493,0.26008
-0.20541,-0.071763,1.0218,-0.73066,0.40613,0.44164,-0.66793,0.24548
-0.28163,-0.017305,0.9548,-0.68908,0.36753,0.42653,-0.63077,0.23042
-0.35779,0.037213,0.88742,-0.64648,0.32894,0.41071,-0.59344,0.21491
-0.43387,0.091722,0.81971,-0.6029,0.29035,0.39424,-0.55594,0.19901
-0.50982,0.14615,0.75168,-0.55839,0.25176,0.37715,-0.51826,0.18275
-0.58562,0.20044,0.68337,-0.51302,0.21318,0.35947,-0.48041,0.16617
-0.66122,0.25451,0.61478,-0.46683,0.17459,0.34126,-0.44237,0.14931
-0.73658,0.30829,0.54595,-0.4199,0.13601,0.32254,-0.40416,0.13221
-0.81168,0.36173,0.47689,-0.37226,0.097422,0.30335,-0.36577,0.11491
-0.88646,0.41474,0.40763,-0.32399,0.058837,0.28375,-0.3272,0.097445
-0.96089,0.46726,0.33819,-0.27515,0.020251,0.26376,-0.28844,0.07986
-1.0349,0.51922,0.26859,-0.2258,-0.018333,0.24344,-0.24951,0.062195
-1.1085,0.57056,0.19886,-0.17599,-0.056914,0.22282,-0.2104,0.044489
-1.1817,0.6212,0.12902,-0.1258,-0.095491,0.20196,-0.17111,0.026782
-1.2543,0.67108,0.059103,-0.075286,-0.13406,0.18088,-0.13165,0.0091135
-1.3263,0.72014,-0.010871,-0.024516,-0.17262,0.15964,-0.092016,-0.0084768
-1.3978,0.7683,-0.080873,0.026446,-0.21117,0.13828,-0.052219,-0.02595
-1.4685,0.81551,-0.15087,0.077533,-0.2497,0.11684,-0.012262,-0.043267
-1.5386,0.8617,-0.22085,0.12868,-0.2882,0.095373,0.027849,-0.060389
-1.608,0.90681,-0.29076,0.17982,-0.32668,0.073916,0.068108,-0.07728
-1.6765,0.95077,-0.36058,0.23088,-0.36513,0.052514,0.10851,-0.0939
-1.7442,0.99354,-0.43029,0.28181,-0.40353,0.031211,0.14904,-0.11021
-1.811,1.035,-0.49985,0.33252,-0.44189,0.010051,0.1897,-0.12618
-1.8769,1.0752,-0.56922,0.38295,-0.4802,-0.010923,0.23046,-0.14178
-1.9418,1.114,-0.63837,0.43304,-0.51844,-0.031668,0.27133,-0.15696
-2.0057,1.1514,-0.70728,0.48272,-0.5566,-0.052141,0.31229,-0.17169
-2.0685,1.1873,-0.7759,0.53192,-0.59469,-0.0723,0.35333,-0.18594
-2.1302,1.2216,-0.84421,0.58058,-0.63268,-0.092103,0.39444,-0.19968
-2.1907,1.2544,-0.91216,0.62862,-0.67056,-0.11151,0.43559,-0.21287
-2.25,1.2855,-0.97972,0.67598,-0.70833,-0.13048,0.47678,-0.22549
-2.308,1.315,-1.0469,0.7226,-0.74597,-0.14897,0.51798,-0.23751
-2.3647,1.3427,-1.1135,0.76842,-0.78346,-0.16695,0.55919,-0.24889
-2.42,1.3687,-1.1797,0.81335,-0.82079,-0.18438,0.60038,-0.25962
-2.4739,1.3929,-1.2453,0.85736,-0.85795,-0.20121,0.64153,-0.26966
-2.5263,1.4152,-1.3104,0.90036,-0.89492,-0.21742,0.68263,-0.27899
-2.5772,1.4357,-1.3748,0.94231,-0.93168,-0.23297,0.72365,-0.28758
-2.6266,1.4542,-1.4386,0.98313,-0.96822,-0.24782,0.76458,-0.29542
-2.6743,1.4708,-1.5016,1.0228,-1.0045,-0.26194,0.80538,-0.30248
-2.7204,1.4855,-1.5639,1.0612,-1.0405,-0.2753,0.84604,-0.30874
-2.7648,1.4981,-1.6255,1.0983,-1.0763,-0.28787,0.88654,-0.31419
-2.8075,1.5088,-1.6862,1.1341,-1.1117,-0.29962,0.92684,-0.3188
-2.8483,1.5174,-1.746,1.1684,-1.1469,-0.31053,0.96692,-0.32256
-2.8874,1.5239,-1.805,1.2013,-1.1816,-0.32055,1.0068,-0.32547
-2.9246,1.5284,-1.863,1.2327,-1.2161,-0.32968,1.0463,-0.32749
-2.9598,1.5308,-1.92,1.2626,-1.2501,-0.33789,1.0856,-0.32863
-2.9931,1.5311,-1.9759,1.2908,-1.2837,-0.34515,1.1245,-0.32887
-3.0244,1.5293,-2.0308,1.3174,-1.3169,-0.35145,1.1631,-0.3282
-3.0537,1.5254,-2.0846,1.3423,-1.3496,-0.35677,1.2013,-0.32663
-3.0809,1.5194,-2.1371,1.3655,-1.3818,-0.36108,1.2391,-0.32413
-3.1061,1.5113,-2.1885,1.3869,-1.4135,-0.36438,1.2764,-0.32071
-3.1291,1.501,-2.2386,1.4065,-1.4447,-0.36664,1.3133,-0.31637
-3.1499,1.4887,-2.2875,1.4243,-1.4753,-0.36787,1.3496,-0.3111
-3.1685,1.4744,-2.335,1.4402,-1.5053,-0.36804,1.3854,-0.30491
-3.1849,1.4579,-2.3811,1.4542,-1.5347,-0.36715,1.4207,-0.29779
-3.1991,1.4394,-2.4258,1.4662,-1.5634,-0.36519,1.4553,-0.28976
-3.2109,1.4188,-2.469,1.4763,-1.5915,-0.36216,1.4893,-0.28081
-3.2205,1.3963,-2.5107,1.4844,-1.6188,-0.35805,1.5226,-0.27095
-3.2277,1.3717,-2.5509,1.4905,-1.6455,-0.35286,1.5552,-0.26019
-3.2326,1.3452,-2.5895,1.4946,-1.6714,-0.3466,1.5871,-0.24855
-3.2352,1.3168,-2.6265,1.4967,-1.6964,-0.33926,1.6182,-0.23602
-3.2353,1.2864,-2.6618,1.4967,-1.7207,-0.33085,1.6485,-0.22263
-3.2331,1.2542,-2.6954,1.4947,-1.7441,-0.32138,1.6779,-0.20839
-3.2284,1.2202,-2.7273,1.4906,-1.7667,-0.31086,1.7065,-0.19331
-3.2214,1.1843,-2.7574,1.4844,-1.7884,-0.29928,1.7342,-0.17742
-3.2119,1.1468,-2.7857,1.4761,-1.8091,-0.28668,1.761,-0.16072
-3.2,1.1075,-2.8122,1.4658,-1.8288,-0.27305,1.7868,-0.14323
-3.1856,1.0666,-2.8367,1.4535,-1.8476,-0.25842,1.8116,-0.12499
-3.1688,1.0241,-2.8594,1.4391,-1.8654,-0.2428,1.8353,-0.10601
-3.1495,0.98006,-2.8802,1.4226,-1.8822,-0.22622,1.858,-0.08631
-3.1279,0.93453,-2.899,1.4041,-1.8978,-0.20869,1.8796,-0.065921
-3.1037,0.88758,-2.9158,1.3836,-1.9124,-0.19023,1.9001,-0.044868
-3.0772,0.83927,-2.9305,1.3611,-1.9259,-0.17088,1.9194,-0.023177
-3.0482,0.78967,-2.9433,1.3366,-1.9382,-0.15065,1.9376,-0.00087728
-3.0169,0.73883,-2.9539,1.3101,-1.9494,-0.12958,1.9545,0.022002
-2.9831,0.68683,-2.9625,1.2818,-1.9593,-0.10769,1.9702,0.045431
-2.9469,0.63374,-2.9689,1.2515,-1.9681,-0.085028,1.9846,0.069377
-2.9084,0.57962,-2.9733,1.2194,-1.9756,-0.061612,1.9978,0.093807
-2.8676,0.52457,-2.9755,1.1855,-1.9819,-0.037483,2.0096,0.11869
-2.8244,0.46865,-2.9755,1.1497,-1.9869,-0.012676,2.0201,0.14399
-2.7789,0.41193,-2.9733,1.1123,-1.9906,0.01277,2.0293,0.16966
-2.7311,0.35451,-2.969,1.0731,-1.9929,0.038816,2.037,0.19568
-2.6811,0.29646,-2.9624,1.0323,-1.994,0.065421,2.0434,0.22201
-2.6289,0.23787,-2.9537,0.98982,-1.9936,0.092542,2.0483,0.24861
-2.5744,0.17881,-2.9427,0.94583,-1.9919,0.12014,2.0518,0.27543
-2.5178,0.11939,-2.9295,0.90035,-1.9888,0.14816,2.0538,0.30245
-2.4591,0.059672,-2.9141,0.85343,-1.9843,0.17656,2.0543,0.32961
-2.3983,-0.00024092,-2.8965,0.80513,-1.9784,0.2053,2.0534,0.35688
-2.3355,-0.060264,-2.8766,0.75551,-1.9711,0.23432,2.0509,0.38421
-2.2706,-0.12031,-2.8546,0.70464,-1.9623,0.26357,2.0469,0.41157
-2.2038,-0.18028,-2.8303,0.65259,-1.9521,0.29302,2.0414,0.43891
-2.135,-0.24009,-2.8038,0.59941,-1.9403,0.32259,2.0344,0.46618
-2.0644,-0.29964,-2.775,0.54519,-1.9272,0.35225,2.0257,0.49335
-1.9919,-0.35885,-2.7441,0.49,-1.9125,0.38193,2.0156,0.52036
-1.9176,-0.41762,-2.711,0.43391,-1.8964,0.41158,2.0038,0.54718
-1.8416,-0.47585,-2.6758,0.377,-1.8787,0.44116,1.9905,0.57375
-1.7639,-0.53347,-2.6384,0.31935,-1.8596,0.47059,1.9756,0.60004
-1.6846,-0.59037,-2.5988,0.26103,-1.8389,0.49984,1.9591,0.62599
-1.6036,-0.64646,-2.5572,0.20214,-1.8168,0.52883,1.941,0.65157
-1.5212,-0.70165,-2.5134,0.14276,-1.7931,0.55752,1.9213,0.67672
-1.4372,-0.75585,-2.4676,0.082959,-1.7679,0.58584,1.9001,0.7014
-1.3518,-0.80897,-2.4197,0.022838,-1.7413,0.61374,1.8773,0.72556
-1.2651,-0.86092,-2.3698,-0.03752,-1.7131,0.64117,1.8528,0.74916
-1.177,-0.91161,-2.3179,-0.098025,-1.6834,0.66806,1.8268,0.77215
-1.0876,-0.96095,-2.264,-0.15859,-1.6523,0.69435,1.7993,0.79448
-0.99708,-1.0089,-2.2082,-0.21912,-1.6196,0.72,1.7701,0.81611
-0.90539,-1.0553,-2.1505,-0.27953,-1.5855,0.74493,1.7394,0.837
-0.81262,-1.1001,-2.0909,-0.33973,-1.5499,0.76911,1.7072,0.85709
-0.71881,-1.1432,-2.0295,-0.39962,-1.5128,0.79246,1.6734,0.87635
-0.62405,-1.1845,-1.9662,-0.45911,-1.4743,0.81493,1.6381,0.89472
-0.52837,-1.224,-1.9012,-0.51811,-1.4343,0.83647,1.6012,0.91217
-0.43185,-1.2616,-1.8345,-0.57653,-1.3929,0.85703,1.5629,0.92866
-0.33455,-1.2973,-1.7661,-0.63427,-1.3501,0.87654,1.5231,0.94413
-0.23653,-1.3308,-1.696,-0.69125,-1.3059,0.89495,1.4818,0.95854
-0.13785,-1.3622,-1.6244,-0.74736,-1.2603,0.91222,1.439,0.97186
-0.038562,-1.3915,-1.5512,-0.80253,-1.2133,0.92829,1.3948,0.98405
0.061259,-1.4184,-1.4764,-0.85666,-1.1649,0.94311,1.3491,0.99505
0.16155,-1.4431,-1.4002,-0.90966,-1.1152,0.95663,1.3021,1.0048
0.26226,-1.4654,-1.3226,-0.96143,-1.0643,0.9688,1.2537,1.0134
0.36333,-1.4852,-1.2436,-1.0119,-1.012,0.97957,1.2039,1.0206
0.46468,-1.5026,-1.1632,-1.061,-0.95841,0.98891,1.1528,1.0266
0.56626,-1.5174,-1.0816,-1.1086,-0.9036,0.99676,1.1004,1.0311
0.66801,-1.5297,-0.99878,-1.1546,-0.84756,1.0031,1.0467,1.0343
0.76986,-1.5393,-0.91475,-1.199,-0.79032,1.0078,0.99168,1.036
0.87176,-1.5463,-0.82959,-1.2417,-0.7319,1.011,0.93545,1.0363
0.97365,-1.5506,-0.74335,-1.2826,-0.67233,1.0125,0.87802,1.0351
1.0755,-1.5522,-0.65608,-1.3215,-0.61164,1.0123,0.81939,1.0324
1.1771,-1.551,-0.56784,-1.3586,-0.54985,1.0105,0.75962,1.0281
1.2786,-1.5471,-0.47867,-1.3936,-0.487,1.0068,0.69871,1.0223
1.3798,-1.5403,-0.38864,-1.4265,-0.42312,1.0014,0.63671,1.0148
1.4808,-1.5308,-0.29779,-1.4572,-0.35823,0.99425,0.57364,1.0058
1.5813,-1.5184,-0.20618,-1.4858,-0.29237,0.98523,0.50954,0.9951
1.6814,-1.5032,-0.11386,-1.512,-0.22558,0.97436,0.44444,0.98276
1.781,-1.4851,-0.020888,-1.5359,-0.15788,0.96163,0.37836,0.96875
1.8801,-1.4642,0.07268,-1.5574,-0.089305,0.94701,0.31136,0.95306
1.9786,-1.4405,0.16679,-1.5764,-0.019899,0.93048,0.24345,0.93566
2.0764,-1.4139,0.26139,-1.5929,0.050305,0.91205,0.17468,0.91656
2.1736,-1.3846,0.35642,-1.6069,0.12127,0.89169,0.10507,0.89573
2.2699,-1.3524,0.45182,-1.6182,0.19296,0.8694,0.034676,0.87318
2.3655,-1.3174,0.54755,-1.627,0.26533,0.84518,-0.036476,0.84889
2.4602,-1.2797,0.64355,-1.633,0.33835,0.81901,-0.10835,0.82287
2.5539,-1.2393,0.73975,-1.6364,0.41197,0.7909,-0.1809,0.79511
2.6467,-1.1961,0.8361,-1.637,0.48616,0.76086,-0.25409,0.76561
2.7384,-1.1503,0.93256,-1.6348,0.56088,0.72889,-0.32789,0.73438
2.8291,-1.1019,1.0291,-1.6299,0.63607,0.69499,-0.40224,0.70141
2.9187,-1.0509,1.1255,-1.6221,0.7117,0.65919,-0.47712,0.66672
3.0071,-0.99732,1.222,-1.6116,0.78773,0.62148,-0.55248,0.63032
3.0942,-0.94127,1.3183,-1.5982,0.86411,0.58189,-0.62828,0.59222
3.1801,-0.88278,1.4144,-1.5819,0.94079,0.54044,-0.70448,0.55243
3.2647,-0.82191,1.5103,-1.5629,1.0177,0.49715,-0.78103,0.51096
3.3479,-0.75872,1.6059,-1.541,1.0949,0.45205,-0.8579,0.46784
3.4297,-0.69327,1.7011,-1.5162,1.1722,0.40516,-0.93503,0.42309
3.5101,-0.62563,1.796,-1.4887,1.2497,0.35651,-1.0124,0.37672
3.589,-0.55588,1.8904,-1.4583,1.3272,0.30613,-1.0899,0.32876
3.6663,-0.48407,1.9843,-1.4251,1.4048,0.25406,-1.1676,0.27923
3.7421,-0.41029,2.0777,-1.3892,1.4823,0.20034,-1.2454,0.22817
3.8163,-0.33461,2.1704,-1.3505,1.5598,0.14501,-1.3232,0.17561
3.8888,-0.25712,2.2625,-1.309,1.6371,0.08811,-1.401,0.12157
3.9596,-0.1779,2.3539,-1.2649,1.7143,0.029685,-1.4788,0.066096
4.0287,-0.097043,2.4445,-1.2181,1.7913,-0.030216,-1.5565,0.00922
4.096,-0.014627,2.5342,-1.1688,1.868,-0.091543,-1.6341,-0.04902
4.1615,0.069254,2.6232,-1.1168,1.9444,-0.15424,-1.7114,-0.10858
4.2252,0.15451,2.7111,-1.0623,2.0204,-0.21827,-1.7886,-0.16943
4.287,0.24103,2.7982,-1.0053,2.096,-0.28355,-1.8655,-0.23151
4.3469,0.32874,2.8842,-0.94592,2.1712,-0.35004,-1.942,-0.29478
4.4049,0.41753,2.9691,-0.88415,2.2458,-0.41767,-2.0182,-0.35919
4.4609,0.5073,3.0529,-0.82007,2.3199,-0.48639,-2.094,-0.4247
4.5149,0.59796,3.1355,-0.75375,2.3934,-0.55612,-2.1693,-0.49126
4.5669,0.68939,3.2169,-0.68525,2.4662,-0.6268,-2.2441,-0.5588
4.6169,0.78149,3.297,-0.61464,2.5383,-0.69837,-2.3183,-0.62728
4.6648,0.87417,3.3759,-0.54199,2.6096,-0.77075,-2.3919,-0.69665
4.7106,0.96731,3.4533,-0.46738,2.6801,-0.84388,-2.4649,-0.76684
4.7542,1.0608,3.5294,-0.39089,2.7498,-0.91768,-2.5372,-0.83779
4.7957,1.1546,3.604,-0.3126,2.8185,-0.99208,-2.6088,-0.90945
4.8351,1.2485,3.6771,-0.23259,2.8863,-1.067,-2.6795,-0.98176
4.8722,1.3424,3.7487,-0.15094,2.953,-1.1424,-2.7495,-1.0547
4.9072,1.4363,3.8187,-0.067748,3.0188,-1.2181,-2.8185,-1.1281
4.9399,1.53,3.887,0.016898,3.0834,-1.2942,-2.8866,-1.2019
4.9704,1.6234,3.9537,0.10291,3.1469,-1.3704,-2.9537,-1.2762
4.9986,1.7164,4.0187,0.19018,3.2091,-1.4468,-3.0199,-1.3508
5.0245,1.8089,4.0819,0.27863,3.2702,-1.5233,-3.0849,-1.4256
5.0482,1.9009,4.1433,0.36816,3.3299,-1.5998,-3.1489,-1.5007
5.0696,1.9921,4.2029,0.45866,3.3884,-1.6761,-3.2117,-1.5758
5.0886,2.0825,4.2607,0.55003,3.4454,-1.7523,-3.2733,-1.651
5.1054,2.1721,4.3165,0.64218,3.5011,-1.8282,-3.3336,-1.7262
5.1198,2.2606,4.3704,0.735,3.5553,-1.9038,-3.3927,-1.8014
5.1318,2.348,4.4223,0.82838,3.6079,-1.9789,-3.4505,-1.8763
5.1416,2.4342,4.4721,0.92223,3.6591,-2.0536,-3.5069,-1.9511
5.149,2.5191,4.52,1.0164,3.7087,-2.1277,-3.5619,-2.0255
5.154,2.6027,4.5657,1.1109,3.7567,-2.2012,-3.6155,-2.0996
5.1567,2.6847,4.6094,1.2055,3.803,-2.2739,-3.6675,-2.1732
5.157,2.7652,4.6509,1.3001,3.8477,-2.3458,-3.7181,-2.2464
5.155,2.844,4.6902,1.3947,3.8906,-2.4169,-3.7671,-2.3189
5.1506,2.9211,4.7274,1.4891,3.9318,-2.4869,-3.8145,-2.3909
5.1439,2.9963,4.7623,1.5832,3.9712,-2.556,-3.8603,-2.4621
5.1348,3.0697,4.795,1.6769,4.0088,-2.624,-3.9045,-2.5325
5.1234,3.141,4.8253,1.7701,4.0445,-2.6907,-3.9469,-2.6021
5.1097,3.2103,4.8534,1.8627,4.0784,-2.7563,-3.9877,-2.6708
5.0936,3.2775,4.8792,1.9546,4.1104,-2.8205,-4.0266,-2.7384
5.0753,3.3424,4.9026,2.0457,4.1405,-2.8833,-4.0638,-2.8051
5.0546,3.4051,4.9237,2.1359,4.1687,-2.9448,-4.0992,-2.8706
5.0316,3.4655,4.9424,2.2251,4.1949,-3.0047,-4.1327,-2.9349
5.0063,3.5235,4.9586,2.3132,4.2191,-3.063,-4.1644,-2.998
4.9788,3.579,4.9725,2.4001,4.2413,-3.1197,-4.1941,-3.0598
4.9491,3.6321,4.9839,2.4856,4.2615,-3.1747,-4.222,-3.1202
4.9171,3.6826,4.9929,2.5698,4.2797,-3.228,-4.2479,-3.1791
4.8828,3.7305,4.9995,2.6525,4.2958,-3.2795,-4.2719,-3.2366
4.8464,3.7757,5.0035,2.7336,4.3099,-3.3292,-4.2938,-3.2926
4.8078,3.8183,5.0051,2.813,4.3219,-3.3769,-4.3138,-3.347
4.7671,3.8582,5.0043,2.8907,4.3318,-3.4227,-4.3318,-3.3997
4.7242,3.8954,5.0009,2.9665,4.3396,-3.4666,-4.3477,-3.4507
4.6792,3.9297,4.995,3.0404,4.3454,-3.5084,-4.3616,-3.4999
4.6321,3.9613,4.9867,3.1122,4.3491,-3.5482,-4.3734,-3.5474
4.583,3.9901,4.9758,3.1821,4.3507,-3.5858,-4.3831,-3.593
4.5318,4.016,4.9625,3.2497,4.3502,-3.6214,-4.3908,-3.6367
4.4786,4.0391,4.9467,3.3151,4.3476,-3.6547,-4.3963,-3.6784
4.4235,4.0593,4.9283,3.3782,4.3429,-3.6859,-4.3998,-3.7182
4.3664,4.0766,4.9075,3.439,4.3362,-3.7149,-4.4012,-3.756
4.3074,4.091,4.8842,3.4973,4.3273,-3.7417,-4.4004,-3.7917
4.2465,4.1026,4.8585,3.5532,4.3164,-3.7661,-4.3976,-3.8253
4.1838,4.1113,4.8302,3.6065,4.3035,-3.7884,-4.3926,-3.8568
4.1192,4.1172,4.7995,3.6572,4.2885,-3.8083,-4.3856,-3.8862
4.0529,4.1201,4.7664,3.7053,4.2715,-3.8259,-4.3764,-3.9133
3.9849,4.1203,4.7309,3.7507,4.2525,-3.8413,-4.3651,-3.9383
3.9151,4.1176,4.6929,3.7933,4.2315,-3.8543,-4.3517,-3.961
3.8437,4.1121,4.6526,3.8332,4.2085,-3.865,-4.3362,-3.9815
3.7707,4.1038,4.6098,3.8703,4.1835,-3.8734,-4.3186,-3.9997
3.6961,4.0927,4.5647,3.9045,4.1566,-3.8795,-4.299,-4.0156
3.6199,4.0789,4.5173,3.9359,4.1279,-3.8833,-4.2772,-4.0292
3.5423,4.0624,4.4676,3.9643,4.0972,-3.8848,-4.2534,-4.0404
3.4632,4.0432,4.4156,3.9899,4.0647,-3.884,-4.2276,-4.0494
3.3827,4.0214,4.3613,4.0125,4.0303,-3.8809,-4.1998,-4.056
3.3008,3.997,4.3048,4.0321,3.9941,-3.8756,-4.1699,-4.0603
3.2176,3.97,4.2461,4.0488,3.9562,-3.8681,-4.138,-4.0622
3.1331,3.9405,4.1852,4.0625,3.9165,-3.8583,-4.1042,-4.0618
3.0473,3.9086,4.1222,4.0733,3.8751,-3.8464,-4.0684,-4.059
2.9604,3.8742,4.057,4.081,3.8321,-3.8323,-4.0307,-4.0539
2.8724,3.8375,3.9898,4.0858,3.7874,-3.8161,-3.9911,-4.0465
2.7832,3.7985,3.9206,4.0876,3.7411,-3.7977,-3.9496,-4.0367
2.693,3.7571,3.8494,4.0864,3.6933,-3.7773,-3.9062,-4.0247
2.6018,3.7136,3.7762,4.0823,3.6439,-3.7548,-3.861,-4.0103
2.5096,3.668,3.7011,4.0753,3.5931,-3.7304,-3.814,-3.9936
2.4166,3.6202,3.6242,4.0653,3.5408,-3.704,-3.7652,-3.9747
2.3227,3.5705,3.5454,4.0524,3.4871,-3.6756,-3.7147,-3.9535
2.2279,3.5187,3.4648,4.0367,3.4321,-3.6454,-3.6625,-3.9301
2.1325,3.4651,3.3824,4.0181,3.3757,-3.6134,-3.6086,-3.9045
2.0363,3.4096,3.2984,3.9967,3.3181,-3.5796,-3.5531,-3.8767
1.9394,3.3524,3.2128,3.9725,3.2592,-3.544,-3.4959,-3.8468
1.842,3.2934,3.1255,3.9455,3.1992,-3.5067,-3.4372,-3.8148
1.7439,3.2329,3.0367,3.9159,3.138,-3.4678,-3.377,-3.7806
1.6454,3.1707,2.9464,3.8836,3.0758,-3.4273,-3.3153,-3.7444
1.5464,3.1071,2.8547,3.8486,3.0125,-3.3853,-3.2521,-3.7062
1.447,3.042,2.7616,3.8111,2.9482,-3.3418,-3.1875,-3.666
1.3472,2.9755,2.6671,3.771,2.8829,-3.2968,-3.1215,-3.6238
1.2471,2.9078,2.5714,3.7285,2.8168,-3.2505,-3.0542,-3.5797
1.1467,2.8388,2.4744,3.6835,2.7498,-3.2028,-2.9856,-3.5338
1.0461,2.7687,2.3763,3.6362,2.682,-3.1539,-2.9158,-3.486
0.94531,2.6975,2.2771,3.5865,2.6135,-3.1038,-2.8447,-3.4364
0.84439,2.6253,2.1768,3.5346,2.5442,-3.0525,-2.7725,-3.3851
0.74338,2.5521,2.0756,3.4804,2.4743,-3.0001,-2.6992,-3.3321
0.64233,2.478,1.9734,3.4242,2.4038,-2.9467,-2.6248,-3.2775
0.54128,2.4031,1.8703,3.3659,2.3326,-2.8923,-2.5494,-3.2213
0.44027,2.3275,1.7664,3.3055,2.261,-2.837,-2.473,-3.1635
0.33936,2.2512,1.6618,3.2432,2.1889,-2.7808,-2.3956,-3.1042
0.23857,2.1743,1.5565,3.1791,2.1164,-2.7239,-2.3174,-3.0435
0.13796,2.0968,1.4505,3.1131,2.0435,-2.6661,-2.2383,-2.9813
0.037555,2.0188,1.344,3.0454,1.9702,-2.6077,-2.1585,-2.9179
-0.062593,1.9404,1.237,2.976,1.8967,-2.5486,-2.0779,-2.8531
-0.16245,1.8616,1.1295,2.905,1.8229,-2.489,-1.9966,-2.7871
-0.26198,1.7825,1.0217,2.8325,1.7489,-2.4288,-1.9146,-2.7199
-0.36113,1.7032,0.91355,2.7585,1.6747,-2.3681,-1.8321,-2.6516
-0.45989,1.6236,0.80514,2.6832,1.6004,-2.307,-1.7489,-2.5822
-0.55821,1.5439,0.69655,2.6065,1.526,-2.2456,-1.6653,-2.5117
-0.65605,1.4641,0.58782,2.5286,1.4515,-2.1838,-1.5812,-2.4403
-0.75339,1.3843,0.47902,2.4496,1.3771,-2.1217,-1.4967,-2.368
-0.85019,1.3044,0.37022,2.3694,1.3027,-2.0595,-1.4118,-2.2949
-0.94643,1.2247,0.26147,2.2883,1.2283,-1.997,-1.3266,-2.2209
-1.0421,1.145,0.15283,2.2062,1.1541,-1.9344,-1.2411,-2.1462
-1.1371,1.0654,0.044373,2.1232,1.08,-1.8717,-1.1553,-2.0708
-1.2314,0.98605,-0.06385,2.0394,1.006,-1.809,-1.0694,-1.9947
-1.3251,0.90691,-0.17178,1.9549,0.93228,-1.7463,-0.98329,-1.9181
-1.4181,0.82801,-0.27935,1.8698,0.85876,-1.6836,-0.8971,-1.8409
-1.5103,0.74942,-0.38651,1.784,0.7855,-1.6209,-0.81085,-1.7633
-1.6019,0.67114,-0.4932,1.6978,0.71252,-1.5584,-0.72457,-1.6852
-1.6926,0.59322,-0.59937,1.6111,0.63986,-1.496,-0.63832,-1.6067
-1.7825,0.51568,-0.70495,1.524,0.56753,-1.4338,-0.55212,-1.528
-1.8717,0.43855,-0.80989,1.4366,0.49556,-1.3718,-0.46603,-1.4489
-1.96,0.36186,-0.91414,1.349,0.42397,-1.31,-0.38008,-1.3696
-2.0474,0.28562,-1.0177,1.2612,0.35279,-1.2485,-0.29431,-1.2902
-2.134,0.20985,-1.1204,1.1732,0.28202,-1.1872,-0.20875,-1.2106
-2.2198,0.13458,-1.2222,1.0853,0.2117,-1.1263,-0.12345,-1.1309
-2.3046,0.059816,-1.3232,0.99731,0.14182,-1.0656,-0.038445,-1.0512
-2.3886,-0.014425,-1.4232,0.90942,0.072424,-1.0053,0.046239,-0.97156
-2.4717,-0.088131,-1.5222,0.82166,0.0035057,-0.9454,0.13056,-0.89193
-2.5538,-0.16129,-1.6202,0.7341,-0.064918,-0.88583,0.21449,-0.81239
-2.635,-0.2339,-1.7171,0.64677,-0.13284,-0.82664,0.298,-0.73299
-2.7153,-0.30596,-1.8129,0.55974,-0.20024,-0.76784,0.38105,-0.65377
-2.7947,-0.37745,-1.9075,0.47307,-0.26712,-0.70944,0.46361,-0.57477
-2.8731,-0.44838,-2.0008,0.3868,-0.33348,-0.65144,0.54566,-0.49602
-2.9506,-0.51874,-2.093,0.30097,-0.3993,-0.59385,0.62716,-0.41757
-3.0271,-0.58854,-2.1838,0.21565,-0.46459,-0.53667,0.70809,-0.33944
-3.1027,-0.65778,-2.2733,0.13087,-0.52934,-0.4799,0.78842,-0.26167
-3.1773,-0.72646,-2.3614,0.04668,-0.59355,-0.42353,0.86812,-0.18431
-3.251,-0.79458,-2.4482,-0.036879,-0.65723,-0.36757,0.94718,-0.10736
-3.3238,-0.86217,-2.5335,-0.11977,-0.72037,-0.31201,1.0256,-0.030877
-3.3956,-0.92921,-2.6173,-0.20194,-0.78298,-0.25683,1.1033,0.045123
-3.4664,-0.99573,-2.6997,-0.28337,-0.84507,-0.20204,1.1802,0.12061
-3.5363,-1.0617,-2.7805,-0.36402,-0.90663,-0.14762,1.2565,0.19556
-3.6052,-1.1272,-2.8598,-0.44385,-0.96768,-0.093556,1.332,0.26994
-3.6732,-1.1922,-2.9375,-0.52284,-1.0282,-0.039838,1.4067,0.34374
-3.7403,-1.2567,-3.0137,-0.60095,-1.0883,0.013551,1.4806,0.41693
-3.8064,-1.3208,-3.0882,-0.67815,-1.1478,0.066626,1.5537,0.48948
-3.8716,-1.3844,-3.1611,-0.75443,-1.2069,0.11941,1.626,0.56139
-3.9359,-1.4475,-3.2323,-0.82975,-1.2655,0.17191,1.6975,0.63263
-3.9992,-1.5103,-3.3019,-0.90409,-1.3236,0.22415,1.7681,0.70318
-4.0616,-1.5726,-3.3698,-0.97744,-1.3813,0.27616,1.8378,0.77303
-4.1231,-1.6345,-3.436,-1.0498,-1.4386,0.32796,1.9067,0.84217
-4.1837,-1.6961,-3.5005,-1.1211,-1.4955,0.37956,1.9747,0.91058
-4.2434,-1.7572,-3.5632,-1.1913,-1.5519,0.43099,2.0418,0.97825
-4.3022,-1.8181,-3.6243,-1.2605,-1.608,0.48228,2.1079,1.0452
-4.3601,-1.8786,-3.6836,-1.3286,-1.6637,0.53345,2.1732,1.1113
-4.417,-1.9388,-3.7411,-1.3956,-1.719,0.58452,2.2375,1.1767
-4.4731,-1.9987,-3.7969,-1.4615,-1.774,0.63551,2.3009,1.2413
-4.5283,-2.0583,-3.851,-1.5263,-1.8287,0.68647,2.3634,1.3051
-4.5826,-2.1176,-3.9033,-1.59,-1.8831,0.7374,2.4249,1.3681
-4.636,-2.1767,-3.9538,-1.6526,-1.9371,0.78833,2.4854,1.4303
-4.6885,-2.2355,-4.0026,-1.714,-1.9909,0.8393,2.545,1.4917
-4.7401,-2.294,-4.0496,-1.7743,-2.0444,0.89031,2.6036,1.5524
-4.7909,-2.3524,-4.0949,-1.8335,-2.0977,0.94141,2.6613,1.6121
-4.8407,-2.4105,-4.1384,-1.8915,-2.1507,0.99261,2.7179,1.6711
-4.8897,-2.4685,-4.1802,-1.9484,-2.2035,1.0439,2.7736,1.7293
-4.9377,-2.5262,-4.2202,-2.0042,-2.256,1.0954,2.8283,1.7866
-4.9849,-2.5837,-4.2585,-2.0588,-2.3084,1.147,2.882,1.8431
-5.0311,-2.6411,-4.2951,-2.1123,-2.3606,1.1989,2.9347,1.8988
-5.0765,-2.6983,-4.3299,-2.1647,-2.4126,1.2509,2.9863,1.9537
-5.1209,-2.7553,-4.363,-2.2159,-2.4644,1.3032,3.037,2.0078
-5.1645,-2.8121,-4.3944,-2.266,-2.5161,1.3557,3.0867,2.061
-5.2071,-2.8688,-4.4241,-2.315,-2.5676,1.4085,3.1353,2.1134
-5.2487,-2.9253,-4.4521,-2.3629,-2.619,1.4616,3.183,2.165
-5.2894,-2.9816,-4.4785,-2.4097,-2.6702,1.5149,3.2296,2.2157
-5.3292,-3.0377,-4.5031,-2.4553,-2.7213,1.5686,3.2751,2.2657
-5.368,-3.0936,-4.5261,-2.4999,-2.7723,1.6226,3.3197,2.3148
-5.4058,-3.1494,-4.5475,-2.5433,-2.8232,1.6769,3.3632,2.3631
-5.4427,-3.205,-4.5672,-2.5857,-2.8739,1.7316,3.4056,2.4106
-5.4785,-3.2603,-4.5853,-2.627,-2.9245,1.7866,3.447,2.4572
-5.5133,-3.3155,-4.6018,-2.6671,-2.975,1.8419,3.4873,2.5031
-5.5471,-3.3704,-4.6167,-2.7063,-3.0253,1.8976,3.5266,2.5481
-5.5798,-3.4251,-4.63,-2.7443,-3.0755,1.9537,3.5648,2.5923
-5.6115,-3.4795,-4.6417,-2.7813,-3.1256,2.0101,3.6019,2.6356
-5.6421,-3.5337,-4.6518,-2.8172,-3.1755,2.0669,3.638,2.6782
-5.6715,-3.5875,-4.6604,-2.8521,-3.2253,2.124,3.6729,2.7199
-5.6999,-3.6411,-4.6675,-2.886,-3.2749,2.1814,3.7068,2.7607
-5.7271,-3.6944,-4.673,-2.9187,-3.3243,2.2392,3.7395,2.8008
-5.7531,-3.7473,-4.677,-2.9505,-3.3736,2.2973,3.7712,2.84
-5.778,-3.7998,-4.6795,-2.9812,-3.4226,2.3557,3.8017,2.8784
-5.8016,-3.8519,-4.6805,-3.0109,-3.4715,2.4144,3.831,2.9159
-5.824,-3.9036,-4.6801,-3.0396,-3.52,2.4734,3.8593,2.9526
-5.8451,-3.9549,-4.6781,-3.0672,-3.5684,2.5326,3.8863,2.9884
-5.865,-4.0057,-4.6747,-3.0938,-3.6164,2.5921,3.9123,3.0234
-5.8835,-4.056,-4.6699,-3.1194,-3.6642,2.6518,3.937,3.0576
-5.9007,-4.1057,-4.6636,-3.144,-3.7116,2.7117,3.9606,3.0908
-5.9165,-4.1549,-4.6558,-3.1675,-3.7588,2.7717,3.9829,3.1232
-5.9309,-4.2035,-4.6467,-3.1901,-3.8055,2.8319,4.0041,3.1547
-5.9439,-4.2514,-4.6361,-3.2116,-3.8518,2.8922,4.024,3.1853
-5.9555,-4.2987,-4.6241,-3.2321,-3.8977,2.9526,4.0427,3.215
-5.9656,-4.3452,-4.6107,-3.2516,-3.9432,3.013,4.0602,3.2438
-5.9741,-4.391,-4.5959,-3.2701,-3.9882,3.0734,4.0764,3.2717
-5.9812,-4.436,-4.5798,-3.2875,-4.0326,3.1338,4.0914,3.2987
-5.9866,-4.4802,-4.5622,-3.3039,-4.0766,3.1941,4.105,3.3247
-5.9905,-4.5236,-4.5433,-3.3193,-4.1199,3.2544,4.1174,3.3498
-5.9927,-4.566,-4.5231,-3.3337,-4.1626,3.3144,4.1285,3.374
-5.9933,-4.6075,-4.5014,-3.3471,-4.2047,3.3743,4.1383,3.3971
-5.9922,-4.648,-4.4784,-3.3594,-4.246,3.4339,4.1467,3.4193
-5.9894,-4.6875,-4.4541,-3.3706,-4.2866,3.4933,4.1538,3.4405
-5.9848,-4.7259,-4.4284,-3.3808,-4.3265,3.5523,4.1595,3.4608
-5.9784,-4.7631,-4.4013,-3.39,-4.3656,3.6109,4.1639,3.4799
-5.9703,-4.7993,-4.3729,-3.3981,-4.4038,3.6691,4.1669,3.4981
-5.9603,-4.8342,-4.3432,-3.4051,-4.4411,3.7268,4.1685,3.5152
-5.9484,-4.8678,-4.3122,-3.411,-4.4775,3.784,4.1686,3.5313
-5.9347,-4.9002,-4.2798,-3.4159,-4.5129,3.8406,4.1674,3.5463
-5.919,-4.9312,-4.2461,-3.4197,-4.5472,3.8966,4.1647,3.5603
-5.9014,-4.9608,-4.211,-3.4223,-4.5806,3.9518,4.1606,3.5731
-5.8818,-4.9891,-4.1746,-3.4239,-4.6128,4.0063,4.1551,3.5848
-5.8603,-5.0158,-4.1369,-3.4244,-4.6439,4.06,4.148,3.5954
-5.8367,-5.041,-4.0979,-3.4237,-4.6738,4.1129,4.1395,3.6049
-5.811,-5.0646,-4.0576,-3.4219,-4.7024,4.1648,4.1295,3.6132
-5.7833,-5.0867,-4.0159,-3.4189,-4.7298,4.2157,4.118,3.6204
-5.7535,-5.1071,-3.9729,-3.4148,-4.7559,4.2656,4.105,3.6264
-5.7215,-5.1257,-3.9286,-3.4095,-4.7805,4.3144,4.0905,3.6312
-5.6874,-5.1427,-3.883,-3.403,-4.8038,4.3621,4.0745,3.6348
-5.6512,-5.1578,-3.8361,-3.3954,-4.8257,4.4085,4.0569,3.6372
-5.6128,-5.1712,-3.7878,-3.3865,-4.846,4.4537,4.0378,3.6383
-5.5722,-5.1826,-3.7383,-3.3765,-4.8648,4.4976,4.0172,3.6382
-5.5293,-5.1922,-3.6874,-3.3652,-4.882,4.5401,3.995,3.6369
-5.4843,-5.1998,-3.6352,-3.3527,-4.8976,4.5811,3.9712,3.6342
-5.437,-5.2054,-3.5817,-3.339,-4.9116,4.6207,3.9459,3.6303
-5.3875,-5.209,-3.5269,-3.324,-4.9239,4.6587,3.919,3.6252
-5.3357,-5.2105,-3.4707,-3.3077,-4.9344,4.6951,3.8905,3.6187
-5.2816,-5.21,-3.4133,-3.2902,-4.9431,4.7299,3.8605,3.6108
-5.2252,-5.2072,-3.3546,-3.2714,-4.95,4.763,3.8289,3.6017
-5.1666,-5.2024,-3.2946,-3.2513,-4.9551,4.7943,3.7957,3.5912
-5.1056,-5.1953,-3.2332,-3.23,-4.9583,4.8237,3.761,3.5794
-5.0424,-5.186,-3.1706,-3.2073,-4.9596,4.8514,3.7246,3.5662
-4.9768,-5.1744,-3.1067,-3.1833,-4.959,4.8771,3.6867,3.5517
-4.909,-5.1606,-3.0415,-3.158,-4.9563,4.9008,3.6473,3.5357
-4.8389,-5.1444,-2.9751,-3.1314,-4.9517,4.9226,3.6063,3.5184
-4.7665,-5.1259,-2.9074,-3.1035,-4.945,4.9423,3.5637,3.4997
-4.6917,-5.105,-2.8384,-3.0742,-4.9362,4.9599,3.5196,3.4796
-4.6148,-5.0817,-2.7681,-3.0436,-4.9254,4.9754,3.4739,3.4581
-4.5355,-5.0561,-2.6966,-3.0116,-4.9124,4.9887,3.4267,3.4352
-4.454,-5.028,-2.6239,-2.9783,-4.8973,4.9998,3.378,3.4109
-4.3703,-4.9974,-2.5499,-2.9437,-4.8801,5.0086,3.3277,3.3852
-4.2843,-4.9644,-2.4748,-2.9077,-4.8606,5.0152,3.276,3.3581
-4.1962,-4.929,-2.3984,-2.8703,-4.839,5.0194,3.2227,3.3295
-4.1058,-4.891,-2.3208,-2.8316,-4.8152,5.0213,3.168,3.2995
-4.0133,-4.8506,-2.2421,-2.7916,-4.7891,5.0209,3.1118,3.2681
-3.9186,-4.8077,-2.1622,-2.7502,-4.7609,5.018,3.0542,3.2353
-3.8219,-4.7623,-2.0811,-2.7074,-4.7303,5.0127,2.9952,3.2011
-3.723,-4.7144,-1.9989,-2.6633,-4.6975,5.0049,2.9347,3.1654
-3.6221,-4.6639,-1.9156,-2.6179,-4.6625,4.9947,2.8729,3.1283
-3.5192,-4.611,-1.8312,-2.5712,-4.6252,4.982,2.8097,3.0898
-3.4143,-4.5556,-1.7458,-2.5231,-4.5856,4.9667,2.7451,3.05
-3.3074,-4.4978,-1.6592,-2.4737,-4.5438,4.949,2.6792,3.0087
-3.1986,-4.4374,-1.5717,-2.423,-4.4997,4.9287,2.612,2.966
-3.088,-4.3746,-1.4831,-2.3711,-4.4534,4.9059,2.5436,2.922
-2.9756,-4.3094,-1.3936,-2.3178,-4.4048,4.8805,2.4739,2.8766
-2.8614,-4.2417,-1.3031,-2.2633,-4.354,4.8526,2.4029,2.8298
-2.7454,-4.1716,-1.2117,-2.2075,-4.3009,4.8221,2.3308,2.7817
-2.6278,-4.0991,-1.1194,-2.1505,-4.2457,4.7891,2.2575,2.7322
-2.5086,-4.0243,-1.0262,-2.0923,-4.1882,4.7536,2.1831,2.6814
-2.3878,-3.9471,-0.93223,-2.0329,-4.1285,4.7154,2.1076,2.6293
-2.2655,-3.8676,-0.83743,-1.9723,-4.0667,4.6748,2.0311,2.5759
-2.1417,-3.7859,-0.74185,-1.9105,-4.0028,4.6317,1.9535,2.5213
-2.0166,-3.7019,-0.64555,-1.8476,-3.9367,4.586,1.8749,2.4654
-1.8902,-3.6157,-0.54855,-1.7836,-3.8685,4.5378,1.7954,2.4083
-1.7624,-3.5273,-0.45089,-1.7185,-3.7983,4.4872,1.7149,2.3499
-1.6335,-3.4368,-0.35262,-1.6523,-3.7261,4.4341,1.6336,2.2904
-1.5035,-3.3442,-0.25378,-1.5851,-3.6518,4.3786,1.5514,2.2297
-1.3725,-3.2496,-0.1544,-1.5169,-3.5756,4.3207,1.4684,2.1679
-1.2404,-3.1529,-0.054533,-1.4478,-3.4974,4.2604,1.3847,2.1049
-1.1075,-3.0544,0.045775,-1.3777,-3.4174,4.1977,1.3003,2.0409
-0.97372,-2.9539,0.14648,-1.3066,-3.3355,4.1328,1.2152,1.9758
-0.83922,-2.8516,0.24753,-1.2347,-3.2518,4.0656,1.1294,1.9097
-0.70405,-2.7476,0.34888,-1.162,-3.1663,3.9961,1.0431,1.8425
-0.56831,-2.6418,0.45048,-1.0885,-3.0791,3.9245,0.95628,1.7744
-0.43206,-2.5344,0.55228,-1.0142,-2.9902,3.8506,0.86894,1.7054
-0.2954,-2.4253,0.65422,-0.93917,-2.8998,3.7747,0.78117,1.6355
-0.15841,-2.3147,0.75625,-0.86348,-2.8077,3.6967,0.69301,1.5647
-0.021178,-2.2027,0.85832,-0.78714,-2.7142,3.6167,0.60451,1.4931
0.11621,-2.0892,0.96036,-0.71021,-2.6192,3.5348,0.51572,1.4207
0.25366,-1.9744,1.0623,-0.63273,-2.5228,3.4509,0.4267,1.3476
0.39108,-1.8584,1.1642,-0.55474,-2.425,3.3652,0.33748,1.2738
0.52839,-1.7411,1.2658,-0.47629,-2.326,3.2776,0.24813,1.1992
0.66549,-1.6227,1.3672,-0.39743,-2.2257,3.1884,0.1587,1.1241
0.8023,-1.5033,1.4682,-0.31821,-2.1243,3.0974,0.069243,1.0484
0.93871,-1.3829,1.5689,-0.23867,-2.0218,3.0049,-0.020192,0.97213
1.0746,-1.2616,1.6691,-0.15886,-1.9183,2.9107,-0.10955,0.89538
1.21,-1.1395,1.7688,-0.07884,-1.8138,2.8151,-0.19877,0.81818
1.3447,-1.0167,1.868,0.0013417,-1.7084,2.7181,-0.2878,0.74058
1.4786,-0.8932,1.9665,0.081634,-1.6022,2.6197,-0.37659,0.66263
1.6116,-0.76912,2.0643,0.16198,-1.4952,2.52,-0.46507,0.58438
1.7437,-0.64454,2.1613,0.24234,-1.3876,2.4192,-0.5532,0.50587
1.8748,-0.51954,2.2575,0.32264,-1.2794,2.3171,-0.64092,0.42715
2.0047,-0.3942,2.3528,0.40284,-1.1706,2.214,-0.72817,0.34828
2.1334,-0.26861,2.4471,0.48288,-1.0614,2.11,-0.8149,0.26931
2.2607,-0.14285,2.5403,0.5627,-0.95177,2.0049,-0.90104,0.19028
2.3867,-0.017005,2.6325,0.64225,-0.84185,1.8991,-0.98654,0.11125
2.5111,0.10885,2.7235,0.72148,-0.7317,1.7925,-1.0713,0.032279
2.634,0.23463,2.8132,0.80032,-0.62139,1.6851,-1.1554,-0.04659
2.7551,0.36025,2.9016,0.87873,-0.51101,1.5772,-1.2387,-0.1253
2.8745,0.48563,2.9886,0.95664,-0.40062,1.4687,-1.321,-0.2038
2.9921,0.61069,3.0742,1.034,-0.29031,1.3598,-1.4025,-0.28203
3.1077,0.73535,3.1583,1.1108,-0.18015,1.2505,-1.483,-0.35994
3.2213,0.85951,3.2407,1.1869,-0.070221,1.1409,-1.5624,-0.43748
3.3328,0.98312,3.3216,1.2622,0.039399,1.031,-1.6408,-0.51459
3.4422,1.1061,3.4007,1.3368,0.14863,0.92103,-1.718,-0.59121
3.5492,1.2283,3.478,1.4106,0.25741,0.81098,-1.7941,-0.6673
3.654,1.3497,3.5534,1.4835,0.36564,0.70093,-1.8689,-0.7428
3.7564,1.4703,3.627,1.5555,0.47326,0.59098,-1.9423,-0.81766
3.8563,1.5899,3.6985,1.6265,0.58019,0.48119,-2.0145,-0.89181
3.9536,1.7084,3.768,1.6964,0.68635,0.37165,-2.0852,-0.96522
4.0484,1.8259,3.8355,1.7653,0.79167,0.26243,-2.1545,-1.0378
4.1405,1.9421,3.9007,1.833,0.89607,0.1536,-2.2222,-1.1096
4.2299,2.0571,3.9637,1.8995,0.99949,0.045252,-2.2885,-1.1804
4.3165,2.1708,4.0245,1.9648,1.1018,-0.062552,-2.3531,-1.2503
4.4003,2.2831,4.0829,2.0288,1.2031,-0.16974,-2.416,-1.3191
4.4812,2.394,4.1389,2.0915,1.3031,-0.27622,-2.4773,-1.3869
4.5592,2.5033,4.1925,2.1528,1.4018,-0.38195,-2.5368,-1.4536
4.6342,2.611,4.2436,2.2127,1.4993,-0.48684,-2.5946,-1.5192
4.7062,2.7171,4.2921,2.2711,1.5953,-0.59082,-2.6505,-1.5835
4.7752,2.8214,4.3381,2.328,1.6898,-0.69382,-2.7046,-1.6466
4.8411,2.924,4.3814,2.3833,1.7828,-0.79579,-2.7568,-1.7084
4.9039,3.0248,4.422,2.4371,1.8743,-0.89664,-2.807,-1.7688
4.9635,3.1237,4.4599,2.4892,1.964,-0.99633,-2.8552,-1.8279
5.02,3.2206,4.495,2.5396,2.0521,-1.0948,-2.9014,-1.8855
5.0733,3.3156,4.5273,2.5884,2.1384,-1.1919,-2.9456,-1.9416
5.1234,3.4085,4.5568,2.6354,2.2228,-1.2877,-2.9877,-1.9963
5.1703,3.4994,4.5834,2.6807,2.3054,-1.3821,-3.0277,-2.0494
5.2139,3.5881,4.6072,2.7241,2.3861,-1.475,-3.0656,-2.1009
5.2544,3.6746,4.628,2.7658,2.4647,-1.5664,-3.1013,-2.1508
5.2916,3.759,4.6458,2.8056,2.5414,-1.6563,-3.1348,-2.199
5.3255,3.8411,4.6607,2.8435,2.616,-1.7445,-3.1661,-2.2455
5.3563,3.9209,4.6725,2.8795,2.6885,-1.831,-3.1951,-2.2904
5.3838,3.9984,4.6814,2.9136,2.7588,-1.9158,-3.222,-2.3334
5.4081,4.0736,4.6872,2.9457,2.8269,-1.9988,-3.2465,-2.3747
5.4293,4.1464,4.69,2.9759,2.8929,-2.08,-3.2688,-2.4142
5.4472,4.2167,4.6898,3.0041,2.9565,-2.1594,-3.2887,-2.4518
5.4621,4.2847,4.6865,3.0302,3.0179,-2.2369,-3.3064,-2.4876
5.4738,4.3502,4.6801,3.0544,3.077,-2.3124,-3.3217,-2.5215
5.4824,4.4132,4.6707,3.0766,3.1337,-2.386,-3.3347,-2.5535
5.4879,4.4738,4.6582,3.0967,3.188,-2.4576,-3.3454,-2.5836
5.4904,4.5319,4.6427,3.1148,3.24,-2.5272,-3.3538,-2.6118
5.4899,4.5874,4.6241,3.1309,3.2895,-2.5948,-3.3598,-2.638
5.4865,4.6404,4.6025,3.1449,3.3367,-2.6602,-3.3635,-2.6623
5.4802,4.6909,4.5779,3.1568,3.3813,-2.7236,-3.3649,-2.6846
5.471,4.7389,4.5503,3.1667,3.4236,-2.7848,-3.3639,-2.7049
5.459,4.7843,4.5197,3.1745,3.4634,-2.8439,-3.3606,-2.7232
5.4442,4.8272,4.4862,3.1803,3.5007,-2.9009,-3.3551,-2.7395
5.4268,4.8675,4.4497,3.184,3.5356,-2.9557,-3.3472,-2.7538
5.4067,4.9053,4.4104,3.1857,3.568,-3.0083,-3.337,-2.7662
5.3841,4.9405,4.3682,3.1854,3.5979,-3.0587,-3.3246,-2.7765
5.3589,4.9733,4.3231,3.1831,3.6254,-3.1069,-3.31,-2.7848
5.3313,5.0035,4.2753,3.1787,3.6504,-3.1529,-3.2931,-2.7911
5.3013,5.0312,4.2247,3.1723,3.673,-3.1967,-3.274,-2.7955
5.269,5.0564,4.1714,3.164,3.6931,-3.2382,-3.2527,-2.7979
5.2345,5.0791,4.1155,3.1537,3.7109,-3.2776,-3.2293,-2.7983
5.1977,5.0993,4.0569,3.1414,3.7262,-3.3147,-3.2038,-2.7967
5.1589,5.1172,3.9958,3.1272,3.7391,-3.3497,-3.1762,-2.7932
5.1181,5.1325,3.9321,3.1111,3.7497,-3.3824,-3.1465,-2.7877
5.0754,5.1455,3.866,3.0931,3.7579,-3.413,-3.1148,-2.7804
5.0308,5.1561,3.7975,3.0733,3.7639,-3.4414,-3.0811,-2.7711
4.9844,5.1643,3.7267,3.0516,3.7675,-3.4676,-3.0454,-2.76
4.9363,5.1702,3.6536,3.0281,3.7689,-3.4916,-3.0079,-2.747
4.8866,5.1738,3.5783,3.0028,3.768,-3.5135,-2.9684,-2.7322
4.8354,5.1751,3.5009,2.9757,3.765,-3.5333,-2.9272,-2.7155
4.7828,5.1741,3.4214,2.947,3.7598,-3.551,-2.8841,-2.6971
4.7287,5.171,3.3399,2.9165,3.7525,-3.5666,-2.8393,-2.6769
4.6734,5.1656,3.2565,2.8844,3.7431,-3.5802,-2.7929,-2.655
4.617,5.1581,3.1712,2.8506,3.7317,-3.5917,-2.7447,-2.6314
4.5594,5.1485,3.0842,2.8153,3.7183,-3.6012,-2.695,-2.6062
4.5008,5.1368,2.9954,2.7784,3.703,-3.6087,-2.6437,-2.5793
4.4412,5.123,2.9051,2.7399,3.6857,-3.6143,-2.591,-2.5508
4.3808,5.1073,2.8132,2.7,3.6666,-3.6179,-2.5368,-2.5207
4.3197,5.0895,2.7198,2.6586,3.6457,-3.6197,-2.4812,-2.4892
4.2579,5.0699,2.6251,2.6158,3.623,-3.6196,-2.4243,-2.4561
4.1954,5.0483,2.5292,2.5717,3.5986,-3.6176,-2.3661,-2.4216
4.1325,5.0249,2.432,2.5262,3.5726,-3.6139,-2.3068,-2.3857
4.0692,4.9996,2.3337,2.4794,3.545,-3.6084,-2.2462,-2.3484
4.0055,4.9726,2.2343,2.4314,3.5159,-3.6011,-2.1846,-2.3097
3.9415,4.9439,2.1341,2.3821,3.4852,-3.5922,-2.1219,-2.2698
3.8773,4.9135,2.033,2.3317,3.4532,-3.5817,-2.0582,-2.2287
3.8131,4.8814,1.9311,2.2802,3.4198,-3.5695,-1.9937,-2.1863
3.7488,4.8478,1.8286,2.2276,3.385,-3.5558,-1.9282,-2.1428
3.6845,4.8125,1.7255,2.1739,3.3491,-3.5405,-1.862,-2.0982
3.6204,4.7758,1.6218,2.1192,3.3119,-3.5237,-1.795,-2.0525
3.5564,4.7376,1.5178,2.0636,3.2736,-3.5055,-1.7274,-2.0058
3.4927,4.6979,1.4135,2.007,3.2343,-3.4859,-1.6591,-1.9582
3.4293,4.6568,1.3089,1.9496,3.1939,-3.465,-1.5903,-1.9095
3.3664,4.6144,1.2042,1.8913,3.1526,-3.4427,-1.521,-1.8601
3.3039,4.5707,1.0995,1.8323,3.1105,-3.4191,-1.4513,-1.8097
3.2419,4.5258,0.99479,1.7724,3.0675,-3.3943,-1.3812,-1.7586
3.1804,4.4796,0.89021,1.7119,3.0237,-3.3683,-1.3108,-1.7067
3.1197,4.4322,0.78585,1.6508,2.9792,-3.3412,-1.2402,-1.6541
3.0596,4.3837,0.68177,1.589,2.9342,-3.313,-1.1693,-1.6009
3.0003,4.3341,0.57808,1.5266,2.8885,-3.2837,-1.0984,-1.5471
2.9418,4.2835,0.47485,1.4636,2.8423,-3.2534,-1.0273,-1.4926
2.8841,4.2319,0.37217,1.4002,2.7957,-3.2221,-0.95627,-1.4377
2.8273,4.1792,0.27012,1.3363,2.7487,-3.1899,-0.88526,-1.3823
2.7715,4.1257,0.16876,1.272,2.7013,-3.1568,-0.81435,-1.3265
2.7166,4.0712,0.068198,1.2073,2.6537,-3.1228,-0.74359,-1.2702
2.6628,4.0159,-0.031509,1.1422,2.6058,-3.0881,-0.67304,-1.2136
2.61,3.9598,-0.13028,1.0769,2.5578,-3.0526,-0.60275,-1.1567
2.5583,3.903,-0.22805,1.0112,2.5097,-3.0163,-0.53277,-1.0996
2.5078,3.8453,-0.32473,0.94535,2.4615,-2.9795,-0.46316,-1.0422
2.4584,3.787,-0.42027,0.87928,2.4134,-2.9419,-0.39396,-0.98458
2.4101,3.7281,-0.51459,0.81304,2.3652,-2.9038,-0.32523,-0.92685
2.3631,3.6685,-0.60763,0.74667,2.3172,-2.8651,-0.25701,-0.86901
2.3173,3.6083,-0.69933,0.68021,2.2694,-2.8259,-0.18934,-0.8111
2.2727,3.5475,-0.78962,0.61367,2.2218,-2.7863,-0.12227,-0.75314
2.2294,3.4862,-0.87845,0.54711,2.1744,-2.7462,-0.055849,-0.69518
2.1874,3.4245,-0.96575,0.48054,2.1273,-2.7057,0.0098894,-0.63725
2.1466,3.3623,-1.0515,0.414,2.0806,-2.6648,0.074903,-0.57938
2.1072,3.2996,-1.1356,0.34753,2.0343,-2.6236,0.13915,-0.52161
2.069,3.2366,-1.218,0.28114,1.9884,-2.5821,0.2026,-0.46395
2.0321,3.1732,-1.2987,0.21486,1.943,-2.5404,0.26522,-0.40645
1.9965,3.1095,-1.3776,0.14874,1.8981,-2.4984,0.32696,-0.34914
1.9623,3.0455,-1.4548,0.082777,1.8538,-2.4562,0.38781,-0.29203
1.9293,2.9812,-1.53,0.017015,1.8101,-2.4139,0.44772,-0.23515
1.8975,2.9167,-1.6034,-0.048526,1.767,-2.3714,0.50667,-0.17854
1.8671,2.852,-1.6749,-0.11382,1.7245,-2.3289,0.56464,-0.1222
1.8379,2.787,-1.7444,-0.17885,1.6827,-2.2862,0.6216,-0.066176
1.81,2.722,-1.8119,-0.24358,1.6417,-2.2436,0.67752,-0.010473
1.7833,2.6567,-1.8774,-0.308,1.6014,-2.2009,0.73238,0.044884
1.7578,2.5914,-1.9409,-0.37208,1.5619,-2.1582,0.78617,0.099877
1.7336,2.526,-2.0023,-0.43581,1.5232,-2.1155,0.83887,0.15449
1.7105,2.4605,-2.0617,-0.49916,1.4853,-2.0729,0.89045,0.2087
1.6885,2.3951,-2.1189,-0.56212,1.4482,-2.0304,0.94091,0.2625
1.6677,2.3295,-2.1741,-0.62467,1.412,-1.988,0.99024,0.31587
1.648,2.264,-2.2272,-0.68678,1.3767,-1.9458,1.0384,0.3688
1.6293,2.1986,-2.2781,-0.74845,1.3423,-1.9036,1.0854,0.42128
1.6117,2.1332,-2.3269,-0.80965,1.3087,-1.8617,1.1313,0.4733
1.5951,2.0678,-2.3736,-0.87038,1.2761,-1.8199,1.176,0.52484
1.5794,2.0026,-2.4181,-0.93061,1.2444,-1.7783,1.2195,0.5759
1.5647,1.9375,-2.4605,-0.99034,1.2137,-1.737,1.2618,0.62647
1.5509,1.8725,-2.5008,-1.0495,1.1838,-1.6958,1.303,0.67655
1.5379,1.8077,-2.539,-1.1082,1.155,-1.655,1.343,0.72612
1.5258,1.7431,-2.5751,-1.1663,1.127,-1.6144,1.3818,0.77519
1.5145,1.6786,-2.609,-1.2239,1.1,-1.574,1.4195,0.82374
1.5038,1.6144,-2.6409,-1.2809,1.074,-1.534,1.456,0.87179
1.4939,1.5503,-2.6708,-1.3373,1.0489,-1.4942,1.4913,0.91931
1.4847,1.4866,-2.6986,-1.3931,1.0247,-1.4548,1.5255,0.96632
1.476,1.4231,-2.7243,-1.4483,1.0015,-1.4156,1.5585,1.0128
1.4679,1.3598,-2.7481,-1.5029,0.97914,-1.3768,1.5904,1.0588
1.4604,1.2969,-2.7699,-1.5569,0.95772,-1.3384,1.6213,1.1042
1.4533,1.2343,-2.7897,-1.6102,0.9372,-1.3003,1.651,1.1492
1.4466,1.172,-2.8076,-1.6629,0.91756,-1.2625,1.6796,1.1936
1.4403,1.11,-2.8236,-1.7149,0.8988,-1.225,1.7072,1.2375
1.4343,1.0484,-2.8378,-1.7663,0.88089,-1.188,1.7337,1.2809
1.4286,0.98711,-2.8501,-1.8171,0.86382,-1.1512,1.7591,1.3238
1.4231,0.92624,-2.8606,-1.8671,0.84757,-1.1149,1.7836,1.3662
1.4178,0.86575,-2.8694,-1.9165,0.83211,-1.0789,1.8071,1.4081
1.4126,0.80566,-2.8765,-1.9652,0.81743,-1.0432,1.8296,1.4495
1.4075,0.74599,-2.8819,-2.0131,0.80351,-1.0079,1.8511,1.4904
1.4025,0.68674,-2.8856,-2.0604,0.79031,-0.97303,1.8717,1.5308
1.3974,0.62793,-2.8878,-2.107,0.77782,-0.93848,1.8915,1.5707
1.3922,0.56957,-2.8884,-2.1528,0.76601,-0.90428,1.9103,1.6102
1.387,0.51167,-2.8875,-2.198,0.75485,-0.87044,1.9283,1.6492
1.3815,0.45423,-2.8851,-2.2424,0.74431,-0.83695,1.9454,1.6877
1.3759,0.39728,-2.8814,-2.286,0.73436,-0.80381,1.9618,1.7258
1.37,0.34081,-2.8762,-2.3289,0.72498,-0.77102,1.9774,1.7634
1.3638,0.28484,-2.8698,-2.3711,0.71612,-0.73856,1.9922,1.8005
1.3572,0.22937,-2.862,-2.4125,0.70777,-0.70644,2.0063,1.8373
1.3502,0.17442,-2.8531,-2.4531,0.69989,-0.67465,2.0197,1.8735
1.3427,0.11999,-2.8429,-2.493,0.69243,-0.64319,2.0324,1.9094
1.3348,0.066086,-2.8317,-2.5321,0.68538,-0.61204,2.0445,1.9448
1.3263,0.01272,-2.8193,-2.5704,0.67869,-0.58119,2.056,1.9797
1.3173,-0.040103,-2.806,-2.6079,0.67234,-0.55065,2.0669,2.0143
1.3076,-0.092376,-2.7916,-2.6446,0.66627,-0.5204,2.0772,2.0484
1.2972,-0.14409,-2.7764,-2.6805,0.66047,-0.49044,2.087,2.0822
1.2861,-0.19525,-2.7602,-2.7156,0.65489,-0.46075,2.0963,2.1155
1.2743,-0.24584,-2.7433,-2.7499,0.64949,-0.43133,2.1052,2.1484
1.2617,-0.29586,-2.7255,-2.7833,0.64425,-0.40217,2.1135,2.1809
1.2482,-0.3453,-2.7071,-2.8159,0.63911,-0.37325,2.1215,2.2129
1.2339,-0.39416,-2.688,-2.8477,0.63405,-0.34457,2.129,2.2446
1.2187,-0.44244,-2.6682,-2.8786,0.62903,-0.31612,2.1362,2.2759
1.2025,-0.49013,-2.6479,-2.9087,0.62401,-0.28789,2.143,2.3068
1.1854,-0.53724,-2.627,-2.9379,0.61895,-0.25987,2.1495,2.3373
1.1673,-0.58374,-2.6057,-2.9662,0.61383,-0.23204,2.1557,2.3673
1.1481,-0.62965,-2.584,-2.9937,0.60859,-0.20439,2.1616,2.397
1.1279,-0.67497,-2.5618,-3.0202,0.6032,-0.17693,2.1673,2.4263
1.1066,-0.71968,-2.5394,-3.0459,0.59764,-0.14963,2.1727,2.4552
1.0841,-0.7638,-2.5166,-3.0707,0.59185,-0.12248,2.178,2.4836
1.0606,-0.80731,-2.4936,-3.0945,0.58581,-0.095469,2.183,2.5117
1.0358,-0.85022,-2.4704,-3.1174,0.57949,-0.068593,2.1879,2.5393
1.0099,-0.89253,-2.447,-3.1395,0.57284,-0.041839,2.1927,2.5665
0.98276,-0.93424,-2.4235,-3.1605,0.56583,-0.015193,2.1973,2.5933
0.95439,-0.97534,-2.3999,-3.1807,0.55844,0.011354,2.2018,2.6197
0.92478,-1.0158,-2.3763,-3.1998,0.55062,0.037813,2.2063,2.6456
0.89391,-1.0558,-2.3527,-3.2181,0.54235,0.064194,2.2106,2.6711
0.86176,-1.0951,-2.3292,-3.2353,0.53359,0.09051,2.2149,2.6961
0.82832,-1.1338,-2.3057,-3.2516,0.52431,0.11677,2.2192,2.7207
0.79359,-1.1719,-2.2823,-3.267,0.51449,0.14298,2.2235,2.7449
0.75754,-1.2094,-2.2591,-3.2813,0.50409,0.16916,2.2277,2.7685
0.72018,-1.2463,-2.236,-3.2946,0.49309,0.19531,2.232,2.7918
0.6815,-1.2827,-2.2132,-3.307,0.48146,0.22145,2.2362,2.8145
0.6415,-1.3184,-2.1905,-3.3183,0.46917,0.24758,2.2405,2.8367
0.60016,-1.3536,-2.1682,-3.3287,0.4562,0.27372,2.2449,2.8584
0.5575,-1.3882,-2.1462,-3.338,0.44252,0.29986,2.2492,2.8797
0.5135,-1.4223,-2.1244,-3.3463,0.42812,0.32603,2.2537,2.9004
0.46819,-1.4557,-2.103,-3.3535,0.41296,0.35223,2.2582,2.9205
0.42155,-1.4886,-2.082,-3.3598,0.39704,0.37846,2.2628,2.9402
0.37359,-1.5209,-2.0614,-3.365,0.38032,0.40474,2.2674,2.9593
0.32433,-1.5527,-2.0412,-3.3691,0.3628,0.43108,2.2722,2.9778
0.27378,-1.5839,-2.0214,-3.3723,0.34445,0.45747,2.277,2.9957
0.22194,-1.6146,-2.0021,-3.3743,0.32525,0.48394,2.282,3.0131
0.16882,-1.6447,-1.9832,-3.3754,0.3052,0.51047,2.287,3.0299
0.11445,-1.6743,-1.9648,-3.3753,0.28428,0.53709,2.2921,3.0461
0.058839,-1.7034,-1.9469,-3.3742,0.26248,0.5638,2.2974,3.0616
0.0020048,-1.7319,-1.9295,-3.3721,0.23978,0.59059,2.3027,3.0766
-0.056031,-1.7599,-1.9126,-3.3689,0.21618,0.61749,2.3081,3.0909
-0.11525,-1.7874,-1.8962,-3.3646,0.19167,0.64449,2.3137,3.1045
-0.17562,-1.8144,-1.8804,-3.3593,0.16625,0.67159,2.3193,3.1175
-0.23713,-1.8409,-1.8651,-3.3529,0.13989,0.6988,2.3251,3.1298
-0.29974,-1.8668,-1.8503,-3.3455,0.11261,0.72613,2.3309,3.1415
-0.36343,-1.8923,-1.8361,-3.337,0.084401,0.75357,2.3369,3.1524
-0.42817,-1.9172,-1.8224,-3.3274,0.055257,0.78113,2.3429,3.1627
-0.49392,-1.9417,-1.8093,-3.3168,0.025181,0.80881,2.349,3.1722
-0.56065,-1.9657,-1.7967,-3.3052,-0.0058267,0.83661,2.3552,3.181
-0.62834,-1.9892,-1.7847,-3.2925,-0.037763,0.86454,2.3614,3.1891
-0.69694,-2.0122,-1.7732,-3.2787,-0.070624,0.89259,2.3678,3.1964
-0.76641,-2.0348,-1.7622,-3.264,-0.1044,0.92077,2.3742,3.203
-0.83672,-2.0569,-1.7518,-3.2481,-0.1391,0.94906,2.3806,3.2088
-0.90783,-2.0785,-1.7419,-3.2313,-0.1747,0.97748,2.3871,3.2139
-0.9797,-2.0997,-1.7325,-3.2134,-0.21119,1.006,2.3936,3.2181
-1.0523,-2.1204,-1.7236,-3.1945,-0.24857,1.0347,2.4002,3.2216
-1.1255,-2.1406,-1.7152,-3.1747,-0.28682,1.0635,2.4068,3.2243
-1.1994,-2.1604,-1.7073,-3.1538,-0.32593,1.0924,2.4133,3.2262
-1.2738,-2.1798,-1.6999,-3.1319,-0.36589,1.1214,2.4199,3.2273
-1.3488,-2.1986,-1.6929,-3.109,-0.40668,1.1505,2.4265,3.2276
-1.4243,-2.2171,-1.6864,-3.0852,-0.44828,1.1797,2.433,3.2271
-1.5002,-2.2351,-1.6803,-3.0604,-0.49067,1.209,2.4395,3.2257
-1.5765,-2.2527,-1.6746,-3.0346,-0.53384,1.2384,2.446,3.2235
-1.6531,-2.2698,-1.6693,-3.0079,-0.57776,1.2678,2.4523,3.2205
-1.73,-2.2865,-1.6644,-2.9803,-0.62241,1.2974,2.4587,3.2167
-1.8071,-2.3027,-1.6598,-2.9517,-0.66778,1.327,2.4649,3.212
-1.8844,-2.3186,-1.6555,-2.9222,-0.71383,1.3567,2.471,3.2065
-1.9618,-2.3339,-1.6516,-2.8919,-0.76054,1.3864,2.477,3.2002
-2.0392,-2.3489,-1.648,-2.8606,-0.80788,1.4162,2.4829,3.193
-2.1167,-2.3634,-1.6446,-2.8285,-0.85583,1.446,2.4886,3.185
-2.1941,-2.3775,-1.6415,-2.7955,-0.90436,1.4759,2.4942,3.1761
-2.2714,-2.3911,-1.6386,-2.7617,-0.95343,1.5057,2.4996,3.1664
-2.3486,-2.4043,-1.6359,-2.7271,-1.003,1.5356,2.5048,3.1559
-2.4255,-2.4171,-1.6334,-2.6916,-1.0531,1.5654,2.5099,3.1445
-2.5022,-2.4294,-1.6311,-2.6553,-1.1036,1.5953,2.5147,3.1323
-2.5785,-2.4413,-1.6288,-2.6183,-1.1546,1.6251,2.5192,3.1192
-2.6545,-2.4528,-1.6267,-2.5805,-1.206,1.6548,2.5236,3.1054
-2.7299,-2.4638,-1.6246,-2.5419,-1.2577,1.6845,2.5276,3.0907
-2.8049,-2.4743,-1.6226,-2.5026,-1.3097,1.7141,2.5314,3.0752
-2.8793,-2.4845,-1.6206,-2.4626,-1.362,1.7437,2.5349,3.0589
-2.9531,-2.4942,-1.6186,-2.4218,-1.4145,1.7731,2.5381,3.0417
-3.0262,-2.5034,-1.6165,-2.3804,-1.4673,1.8024,2.5409,3.0238
-3.0985,-2.5122,-1.6144,-2.3383,-1.5202,1.8316,2.5434,3.0051
-3.1701,-2.5205,-1.6122,-2.2956,-1.5733,1.8606,2.5456,2.9856
-3.2408,-2.5284,-1.6098,-2.2522,-1.6264,1.8895,2.5473,2.9653
-3.3105,-2.5359,-1.6074,-2.2082,-1.6796,1.9182,2.5487,2.9442
-3.3794,-2.5428,-1.6047,-2.1636,-1.7329,1.9466,2.5497,2.9224
-3.4472,-2.5494,-1.6018,-2.1184,-1.7861,1.9749,2.5502,2.8998
-3.5139,-2.5554,-1.5987,-2.0727,-1.8392,2.0029,2.5503,2.8764
-3.5794,-2.5611,-1.5954,-2.0263,-1.8922,2.0307,2.55,2.8523
-3.6438,-2.5662,-1.5917,-1.9795,-1.9451,2.0583,2.5492,2.8275
-3.707,-2.5709,-1.5878,-1.9322,-1.9978,2.0855,2.5479,2.802
-3.7688,-2.5752,-1.5835,-1.8843,-2.0502,2.1124,2.546,2.7757
-3.8293,-2.5789,-1.5788,-1.836,-2.1024,2.139,2.5437,2.7487
-3.8885,-2.5823,-1.5737,-1.7872,-2.1543,2.1653,2.5408,2.7211
-3.9461,-2.5851,-1.5682,-1.738,-2.2058,2.1912,2.5374,2.6928
-4.0023,-2.5875,-1.5622,-1.6883,-2.2569,2.2167,2.5334,2.6638
-4.057,-2.5895,-1.5558,-1.6383,-2.3076,2.2419,2.5288,2.6341
-4.1101,-2.5909,-1.5488,-1.5878,-2.3578,2.2666,2.5236,2.6038
-4.1615,-2.592,-1.5414,-1.537,-2.4074,2.2909,2.5178,2.5728
-4.2113,-2.5925,-1.5333,-1.4858,-2.4566,2.3147,2.5113,2.5412
-4.2593,-2.5927,-1.5247,-1.4344,-2.5051,2.3381,2.5042,2.5091
-4.3056,-2.5923,-1.5155,-1.3826,-2.5529,2.361,2.4965,2.4763
-4.3502,-2.5915,-1.5057,-1.3305,-2.6001,2.3834,2.488,2.4429
-4.3928,-2.5903,-1.4952,-1.2781,-2.6466,2.4052,2.4789,2.4089
-4.4337,-2.5887,-1.484,-1.2255,-2.6923,2.4266,2.469,2.3744
-4.4726,-2.5866,-1.4722,-1.1726,-2.7372,2.4473,2.4585,2.3393
-4.5096,-2.584,-1.4596,-1.1195,-2.7813,2.4676,2.4472,2.3036
-4.5446,-2.5811,-1.4463,-1.0662,-2.8245,2.4872,2.4351,2.2674
-4.5776,-2.5777,-1.4322,-1.0128,-2.8668,2.5062,2.4223,2.2307
-4.6087,-2.5739,-1.4174,-0.95918,-2.9082,2.5246,2.4087,2.1935
-4.6376,-2.5697,-1.4017,-0.90543,-2.9486,2.5424,2.3943,2.1558
-4.6645,-2.565,-1.3853,-0.85156,-2.9879,2.5595,2.379,2.1177
-4.6893,-2.56,-1.368,-0.79758,-3.0263,2.5759,2.363,2.079
-4.712,-2.5546,-1.3499,-0.74353,-3.0635,2.5917,2.3462,2.0399
-4.7325,-2.5488,-1.3309,-0.68942,-3.0997,2.6068,2.3285,2.0003
-4.7509,-2.5427,-1.3111,-0.63526,-3.1347,2.6212,2.3099,1.9603
-4.7671,-2.5362,-1.2903,-0.58108,-3.1685,2.6349,2.2905,1.9199
-4.7812,-2.5293,-1.2687,-0.52691,-3.2012,2.6479,2.2702,1.8791
-4.793,-2.5221,-1.2461,-0.47275,-3.2326,2.6602,2.249,1.8379
-4.8026,-2.5145,-1.2226,-0.41863,-3.2628,2.6717,2.2269,1.7963
-4.81,-2.5066,-1.1982,-0.36457,-3.2917,2.6824,2.204,1.7543
-4.8152,-2.4984,-1.1729,-0.3106,-3.3193,2.6924,2.1801,1.7119
-4.8182,-2.4899,-1.1466,-0.25672,-3.3456,2.7017,2.1552,1.6692
-4.819,-2.4811,-1.1193,-0.20296,-3.3705,2.7102,2.1295,1.6262
-4.8175,-2.472,-1.0911,-0.14935,-3.3941,2.7179,2.1028,1.5828
-4.8137,-2.4627,-1.0619,-0.095897,-3.4163,2.7248,2.0752,1.5392
-4.8078,-2.4531,-1.0317,-0.042629,-3.4372,2.731,2.0466,1.4952
-4.7996,-2.4432,-1.0005,0.010436,-3.4566,2.7364,2.0171,1.4509
-4.7892,-2.4331,-0.96841,0.063276,-3.4746,2.741,1.9866,1.4064
-4.7767,-2.4228,-0.93529,0.11587,-3.4911,2.7448,1.9552,1.3616
-4.7619,-2.4122,-0.9012,0.1682,-3.5062,2.7478,1.9228,1.3165
-4.7449,-2.4015,-0.86612,0.22024,-3.5199,2.75,1.8894,1.2713
-4.7257,-2.3906,-0.83006,0.27198,-3.532,2.7515,1.8551,1.2257
-4.7044,-2.3795,-0.79302,0.32339,-3.5427,2.7522,1.8198,1.18
-4.681,-2.3682,-0.75501,0.37445,-3.5519,2.7521,1.7835,1.1341
-4.6554,-2.3568,-0.71602,0.42514,-3.5597,2.7512,1.7462,1.0879
-4.6277,-2.3453,-0.67607,0.47544,-3.5659,2.7496,1.708,1.0416
-4.598,-2.3336,-0.63517,0.52534,-3.5706,2.7472,1.6688,0.99513
-4.5662,-2.3218,-0.59331,0.57481,-3.5739,2.744,1.6286,0.94849
-4.5323,-2.3099,-0.55051,0.62382,-3.5756,2.7401,1.5875,0.90171
-4.4964,-2.298,-0.50677,0.67237,-3.5759,2.7355,1.5454,0.85479
-4.4586,-2.2859,-0.46212,0.72044,-3.5747,2.7302,1.5024,0.80775
-4.4188,-2.2737,-0.41655,0.76799,-3.572,2.7241,1.4584,0.76061
-4.3771,-2.2615,-0.37008,0.81503,-3.5678,2.7173,1.4134,0.71336
-4.3335,-2.2493,-0.32272,0.86151,-3.5621,2.7098,1.3676,0.66602
-4.288,-2.237,-0.2745,0.90744,-3.555,2.7017,1.3208,0.61861
-4.2407,-2.2247,-0.22541,0.95279,-3.5465,2.6929,1.2731,0.57113
-4.1917,-2.2123,-0.17549,0.99753,-3.5365,2.6834,1.2245,0.5236
-4.1408,-2.1999,-0.12474,1.0417,-3.5251,2.6733,1.175,0.47603
-4.0883,-2.1875,-0.073185,1.0852,-3.5122,2.6625,1.1246,0.42843
-4.0341,-2.1751,-0.020842,1.128,-3.498,2.6512,1.0733,0.3808
-3.9783,-2.1627,0.032268,1.1702,-3.4824,2.6392,1.0212,0.33316
-3.9208,-2.1503,0.086126,1.2117,-3.4654,2.6267,0.96821,0.28553
-3.8618,-2.1379,0.14071,1.2526,-3.4471,2.6136,0.91441,0.23791
-3.8013,-2.1255,0.196,1.2927,-3.4275,2.5999,0.8598,0.19031
-3.7394,-2.1131,0.25197,1.3321,-3.4065,2.5857,0.80439,0.14274
-3.676,-2.1008,0.30859,1.3707,-3.3843,2.5711,0.7482,0.095215
-3.6112,-2.0884,0.36585,1.4086,-3.3608,2.5559,0.69126,0.047744
-3.5451,-2.0761,0.42372,1.4458,-3.3361,2.5402,0.63357,0.00033577
-3.4778,-2.0638,0.48216,1.4822,-3.3102,2.5241,0.57516,-0.046999
-3.4092,-2.0514,0.54116,1.5178,-3.2831,2.5076,0.51605,-0.09425
-3.3394,-2.0391,0.60069,1.5526,-3.2548,2.4906,0.45627,-0.14141
-3.2685,-2.0268,0.66071,1.5866,-3.2254,2.4732,0.39583,-0.18846
-3.1964,-2.0145,0.72121,1.6198,-3.195,2.4555,0.33476,-0.23541
-3.1234,-2.0022,0.78214,1.6523,-3.1634,2.4373,0.27308,-0.28223
-3.0493,-1.9899,0.84348,1.6838,-3.1308,2.4189,0.21082,-0.32892
-2.9744,-1.9775,0.9052,1.7146,-3.0971,2.4001,0.148,-0.37547
-2.8985,-1.9652,0.96726,1.7445,-3.0625,2.381,0.08465,-0.42187
-2.8218,-1.9527,1.0296,1.7736,-3.0269,2.3616,0.020799,-0.46811
-2.7443,-1.9403,1.0923,1.8019,-2.9904,2.3419,-0.043528,-0.51419
-2.6661,-1.9278,1.1552,1.8293,-2.953,2.322,-0.1083,-0.56009
-2.5872,-1.9152,1.2183,1.8559,-2.9148,2.3018,-0.17349,-0.60581
-2.5076,-1.9025,1.2816,1.8817,-2.8757,2.2814,-0.23907,-0.65134
-2.4275,-1.8897,1.3451,1.9066,-2.8358,2.2608,-0.30501,-0.69666
-2.3469,-1.8768,1.4086,1.9307,-2.7952,2.24,-0.37128,-0.74178
-2.2658,-1.8638,1.4722,1.9539,-2.7538,2.219,-0.43784,-0.78668
-2.1842,-1.8507,1.5359,1.9763,-2.7117,2.1978,-0.50466,-0.83136
-2.1023,-1.8374,1.5996,1.9979,-2.669,2.1765,-0.57171,-0.87581
-2.0201,-1.8239,1.6632,2.0187,-2.6256,2.1551,-0.63896,-0.92001
-1.9376,-1.8102,1.7267,2.0386,-2.5817,2.1336,-0.70638,-0.96398
-1.8549,-1.7963,1.7902,2.0577,-2.5371,2.1119,-0.77393,-1.0077
-1.7721,-1.7821,1.8535,2.0761,-2.4921,2.0901,-0.84157,-1.0511
-1.6891,-1.7677,1.9166,2.0936,-2.4465,2.0683,-0.90928,-1.0943
-1.6061,-1.7531,1.9794,2.1104,-2.4005,2.0463,-0.97701,-1.1372
-1.523,-1.7381,2.042,2.1264,-2.3541,2.0243,-1.0447,-1.1798
-1.44,-1.7229,2.1043,2.1417,-2.3072,2.0023,-1.1124,-1.2222
-1.3571,-1.7073,2.1663,2.1562,-2.26,1.9802,-1.18,-1.2642
-1.2744,-1.6913,2.2279,2.1699,-2.2125,1.958,-1.2475,-1.306
-1.1918,-1.6749,2.289,2.183,-2.1646,1.9358,-1.3148,-1.3474
-1.1095,-1.6582,2.3497,2.1953,-2.1165,1.9135,-1.382,-1.3886
-1.0274,-1.641,2.4099,2.207,-2.0681,1.8913,-1.4489,-1.4294
-0.94574,-1.6234,2.4695,2.218,-2.0196,1.869,-1.5156,-1.4699
-0.86443,-1.6053,2.5286,2.2283,-1.9708,1.8467,-1.582,-1.51
-0.78354,-1.5868,2.5871,2.238,-1.9219,1.8243,-1.648,-1.5498
-0.70313,-1.5677,2.6448,2.2471,-1.8729,1.802,-1.7137,-1.5893
-0.62324,-1.5481,2.7019,2.2556,-1.8238,1.7796,-1.7789,-1.6285
-0.54393,-1.5279,2.7583,2.2635,-1.7747,1.7572,-1.8437,-1.6672
-0.46522,-1.5071,2.8139,2.2708,-1.7255,1.7348,-1.9081,-1.7057
-0.38717,-1.4858,2.8686,2.2776,-1.6763,1.7124,-1.9719,-1.7437
-0.30983,-1.4638,2.9226,2.2838,-1.6271,1.6899,-2.0352,-1.7814
-0.23322,-1.4412,2.9756,2.2896,-1.5779,1.6675,-2.0978,-1.8187
-0.1574,-1.418,3.0277,2.2949,-1.5289,1.6449,-2.1599,-1.8557
-0.082399,-1.394,3.0788,2.2997,-1.4799,1.6224,-2.2213,-1.8922
-0.0082665,-1.3694,3.1289,2.3041,-1.4311,1.5998,-2.282,-1.9284
0.064962,-1.3441,3.178,2.3081,-1.3824,1.5772,-2.342,-1.9642
0.13725,-1.318,3.226,2.3117,-1.3339,1.5545,-2.4012,-1.9995
0.20856,-1.2912,3.2729,2.3149,-1.2856,1.5318,-2.4596,-2.0345
0.27884,-1.2637,3.3186,2.3178,-1.2375,1.509,-2.5172,-2.0691
0.34808,-1.2354,3.3632,2.3203,-1.1896,1.4862,-2.574,-2.1032
0.41623,-1.2062,3.4065,2.3225,-1.142,1.4632,-2.6298,-2.1369
0.48326,-1.1763,3.4486,2.3245,-1.0946,1.4402,-2.6847,-2.1702
0.54913,-1.1456,3.4893,2.3262,-1.0476,1.4171,-2.7386,-2.203
0.61382,-1.1141,3.5288,2.3276,-1.0009,1.3938,-2.7916,-2.2354
0.67728,-1.0818,3.5669,2.3288,-0.95449,1.3705,-2.8435,-2.2674
0.7395,-1.0486,3.6037,2.3299,-0.90846,1.347,-2.8943,-2.2989
0.80044,-1.0146,3.639,2.3307,-0.8628,1.3234,-2.9441,-2.3299
0.86008,-0.97978,3.6728,2.3314,-0.81753,1.2996,-2.9928,-2.3605
0.91839,-0.9441,3.7052,2.332,-0.77266,1.2757,-3.0403,-2.3906
0.97533,-0.90758,3.7361,2.3324,-0.7282,1.2516,-3.0867,-2.4203
1.0309,-0.87022,3.7655,2.3328,-0.68418,1.2273,-3.1318,-2.4494
1.0851,-0.83201,3.7932,2.3331,-0.64061,1.2029,-3.1757,-2.4781
1.1378,-0.79297,3.8195,2.3333,-0.59749,1.1782,-3.2184,-2.5063
1.1891,-0.7531,3.8441,2.3334,-0.55485,1.1534,-3.2598,-2.5339
1.2389,-0.71239,3.867,2.3336,-0.51269,1.1283,-3.2999,-2.5611
1.2872,-0.67086,3.8883,2.3337,-0.47103,1.103,-3.3387,-2.5877
1.334,-0.62852,3.9079,2.3338,-0.42988,1.0774,-3.3761,-2.6139
1.3793,-0.58537,3.9259,2.3339,-0.38925,1.0516,-3.4121,-2.6395
1.423,-0.54143,3.9421,2.3341,-0.34914,1.0255,-3.4468,-2.6645
1.4652,-0.49671,3.9565,2.3343,-0.30957,0.99912,-3.48,-2.689
1.5058,-0.45123,3.9692,2.3345,-0.27055,0.97248,-3.5118,-2.713
1.5448,-0.40499,3.9801,2.3348,-0.23209,0.94555,-3.5422,-2.7364
1.5823,-0.35801,3.9893,2.3352,-0.19419,0.91832,-3.5711,-2.7592
1.6181,-0.31032,3.9966,2.3357,-0.15685,0.89078,-3.5985,-2.7815
1.6524,-0.26193,4.0021,2.3362,-0.1201,0.86292,-3.6244,-2.8032
1.685,-0.21287,4.0058,2.3368,-0.083925,0.83474,-3.6488,-2.8243
1.716,-0.16315,4.0076,2.3376,-0.048341,0.80623,-3.6717,-2.8448
1.7454,-0.11279,4.0075,2.3384,-0.013352,0.77738,-3.693,-2.8647
1.7732,-0.061831,4.0056,2.3394,0.021039,0.74818,-3.7128,-2.884
1.7994,-0.010285,4.0019,2.3404,0.054826,0.71864,-3.731,-2.9027
1.8239,0.041817,3.9962,2.3416,0.088006,0.68874,-3.7476,-2.9208
1.8468,0.094449,3.9887,2.3429,0.12058,0.65848,-3.7627,-2.9382
1.8681,0.14758,3.9792,2.3443,0.15253,0.62786,-3.7762,-2.955
1.8877,0.20119,3.9679,2.3457,0.18387,0.59687,-3.788,-2.9712
1.9058,0.25523,3.9547,2.3473,0.2146,0.56552,-3.7983,-2.9867
1.9223,0.30969,3.9396,2.349,0.2447,0.53379,-3.807,-3.0015
1.9371,0.36453,3.9226,2.3508,0.27419,0.50169,-3.814,-3.0157
1.9504,0.41971,3.9038,2.3527,0.30306,0.46923,-3.8195,-3.0292
1.9621,0.47521,3.883,2.3547,0.3313,0.43638,-3.8233,-3.0421
1.9723,0.53099,3.8604,2.3567,0.35893,0.40317,-3.8255,-3.0542
1.9809,0.58702,3.8359,2.3588,0.38594,0.36959,-3.8261,-3.0657
1.988,0.64325,3.8096,2.361,0.41233,0.33563,-3.8251,-3.0765
1.9936,0.69967,3.7814,2.3632,0.4381,0.30131,-3.8225,-3.0865
1.9977,0.75622,3.7513,2.3655,0.46326,0.26663,-3.8183,-3.0959
2.0003,0.81288,3.7195,2.3677,0.48782,0.23159,-3.8126,-3.1046
2.0015,0.86961,3.6858,2.37,0.51176,0.19619,-3.8052,-3.1125
2.0013,0.92637,3.6503,2.3722,0.5351,0.16044,-3.7963,-3.1197
1.9996,0.98313,3.6131,2.3745,0.55785,0.12435,-3.7858,-3.1262
1.9966,1.0399,3.5741,2.3767,0.58,0.08792,-3.7737,-3.132
1.9922,1.0965,3.5333,2.3788,0.60156,0.051157,-3.7602,-3.137
1.9865,1.153,3.4909,2.3809,0.62254,0.014069,-3.7451,-3.1414
1.9796,1.2094,3.4467,2.3829,0.64294,-0.023336,-3.7285,-3.1449
1.9713,1.2656,3.4009,2.3848,0.66277,-0.061049,-3.7104,-3.1478
1.9619,1.3216,3.3534,2.3866,0.68204,-0.099062,-3.6908,-3.1499
1.9512,1.3774,3.3043,2.3882,0.70075,-0.13737,-3.6698,-3.1512
1.9394,1.4328,3.2537,2.3896,0.71892,-0.17595,-3.6473,-3.1519
1.9264,1.488,3.2015,2.3909,0.73655,-0.21481,-3.6235,-3.1517
1.9124,1.5427,3.1477,2.392,0.75365,-0.25392,-3.5982,-3.1509
1.8973,1.5971,3.0925,2.3928,0.77023,-0.29329,-3.5716,-3.1493
1.8811,1.6511,3.0357,2.3934,0.7863,-0.33289,-3.5437,-3.147
1.8641,1.7046,2.9776,2.3938,0.80187,-0.37272,-3.5144,-3.1439
1.846,1.7577,2.9181,2.3938,0.81696,-0.41277,-3.4839,-3.1401
1.8271,1.8102,2.8572,2.3936,0.83157,-0.45302,-3.4521,-3.1356
1.8073,1.8622,2.7951,2.393,0.84571,-0.49345,-3.4191,-3.1304
1.7868,1.9136,2.7316,2.3921,0.85941,-0.53406,-3.3849,-3.1245
1.7654,1.9644,2.6669,2.3908,0.87267,-0.57484,-3.3496,-3.1178
1.7434,2.0145,2.6011,2.3891,0.88551,-0.61577,-3.3131,-3.1105
1.7207,2.0641,2.5341,2.387,0.89793,-0.65683,-3.2755,-3.1025
1.6973,2.1129,2.4659,2.3845,0.90997,-0.69802,-3.2369,-3.0937
1.6734,2.161,2.3968,2.3816,0.92162,-0.73932,-3.1973,-3.0843
1.6489,2.2084,2.3266,2.3781,0.93291,-0.78071,-3.1567,-3.0743
1.6239,2.2551,2.2555,2.3742,0.94385,-0.82218,-3.1152,-3.0636
1.5985,2.301,2.1835,2.3699,0.95446,-0.86373,-3.0727,-3.0522
1.5728,2.3461,2.1106,2.3649,0.96476,-0.90533,-3.0294,-3.0403
1.5467,2.3904,2.0369,2.3595,0.97476,-0.94696,-2.9853,-3.0277
1.5203,2.4338,1.9624,2.3535,0.98448,-0.98863,-2.9404,-3.0145
1.4936,2.4764,1.8873,2.3469,0.99394,-1.0303,-2.8948,-3.0007
1.4668,2.5182,1.8115,2.3398,1.0032,-1.072,-2.8485,-2.9863
1.4398,2.559,1.7351,2.332,1.0122,-1.1136,-2.8016,-2.9714
1.4128,2.599,1.6581,2.3237,1.0209,-1.1553,-2.7541,-2.9559
1.3857,2.6381,1.5807,2.3147,1.0296,-1.1969,-2.706,-2.9399
1.3586,2.6762,1.5028,2.3051,1.038,-1.2384,-2.6574,-2.9235
1.3316,2.7134,1.4246,2.2949,1.0463,-1.2799,-2.6084,-2.9065
1.3047,2.7497,1.3461,2.284,1.0545,-1.3213,-2.559,-2.889
1.278,2.785,1.2672,2.2724,1.0625,-1.3625,-2.5092,-2.8711
1.2514,2.8194,1.1882,2.2602,1.0705,-1.4037,-2.4591,-2.8528
1.2252,2.8528,1.109,2.2473,1.0785,-1.4448,-2.4088,-2.8341
1.1993,2.8853,1.0298,2.2337,1.0864,-1.4857,-2.3582,-2.815
1.1737,2.9168,0.95047,2.2194,1.0943,-1.5265,-2.3075,-2.7955
1.1485,2.9473,0.87121,2.2045,1.1021,-1.5672,-2.2567,-2.7757
1.1238,2.9768,0.79203,2.1888,1.1101,-1.6076,-2.2058,-2.7555
1.0997,3.0054,0.71299,2.1725,1.118,-1.6479,-2.1549,-2.7351
1.076,3.0329,0.63415,2.1554,1.1261,-1.688,-2.1041,-2.7144
1.053,3.0595,0.55558,2.1377,1.1342,-1.7279,-2.0534,-2.6934
1.0306,3.0851,0.47732,2.1193,1.1425,-1.7676,-2.0028,-2.6723
1.009,3.1098,0.39944,2.1002,1.1508,-1.8071,-1.9523,-2.6509
0.98804,3.1334,0.32199,2.0803,1.1594,-1.8464,-1.9022,-2.6293
0.96789,3.1561,0.24504,2.0598,1.1681,-1.8854,-1.8523,-2.6076
0.94856,3.1778,0.16864,2.0387,1.1771,-1.9241,-1.8028,-2.5858
