0.64882,-0.65627,1.5362,-1.1108,0.71316,0.56024,-0.87885,0.4552
0.59065,-0.60685,1.4907,-1.0839,0.68355,0.55178,-0.85247,0.44442
0.53206,-0.5566,1.4448,-1.0557,0.65392,0.54242,-0.82602,0.43282
0.47305,-0.50559,1.3984,-1.0263,0.62428,0.53217,-0.7995,0.42042
0.41363,-0.45386,1.3516,-0.99555,0.59461,0.52106,-0.77289,0.40726
0.35382,-0.40148,1.3044,-0.96363,0.56491,0.50912,-0.74618,0.39336
0.29363,-0.3485,1.2567,-0.93053,0.53517,0.49636,-0.71937,0.37876
0.23306,-0.29497,1.2086,-0.89628,0.50539,0.48281,-0.69245,0.36349
0.17214,-0.24097,1.1601,-0.86093,0.47556,0.4685,-0.66539,0.34759
0.11088,-0.18655,1.1111,-0.82451,0.44567,0.45345,-0.6382,0.33108
0.049287,-0.13176,1.0617,-0.78705,0.41573,0.43771,-0.61087,0.314
-0.012612,-0.076682,1.0119,-0.7486,0.38571,0.42128,-0.58337,0.29639
-0.074803,-0.021365,0.96158,-0.70921,0.35563,0.40421,-0.55571,0.27828
-0.13726,0.034124,0.91087,-0.6689,0.32546,0.38653,-0.52788,0.25971
-0.19998,0.089721,0.85973,-0.62773,0.29522,0.36826,-0.49986,0.24072
-0.26292,0.14536,0.80816,-0.58573,0.26488,0.34944,-0.47164,0.22135
-0.32606,0.20098,0.75617,-0.54297,0.23446,0.3301,-0.44323,0.20162
-0.38939,0.25652,0.70376,-0.49947,0.20394,0.31029,-0.4146,0.18159
-0.45287,0.3119,0.65094,-0.45529,0.17331,0.29002,-0.38575,0.16129
-0.51648,0.36707,0.59771,-0.41048,0.14259,0.26934,-0.35668,0.14075
-0.58019,0.42196,0.54409,-0.36509,0.11176,0.24829,-0.32738,0.12003
-0.64397,0.4765,0.49006,-0.31916,0.080823,0.22689,-0.29783,0.099152
-0.7078,0.53062,0.43566,-0.27275,0.049774,0.20519,-0.26805,0.078165
-0.77163,0.58426,0.38088,-0.22592,0.018613,0.18323,-0.23801,0.057106
-0.83544,0.63736,0.32573,-0.1787,-0.012661,0.16103,-0.20772,0.036016
-0.89919,0.68985,0.27024,-0.13116,-0.04405,0.13865,-0.17717,0.014935
-0.96285,0.74166,0.2144,-0.083343,-0.075552,0.11611,-0.14636,-0.006098
-1.0264,0.79273,0.15823,-0.035314,-0.10717,0.093463,-0.11528,-0.027042
-1.0898,0.843,0.10175,0.012878,-0.1389,0.07074,-0.083944,-0.047857
-1.1529,0.8924,0.044963,0.061176,-0.17073,0.047981,-0.05234,-0.068504
-1.2158,0.94087,-0.012102,0.10953,-0.20268,0.025227,-0.02047,-0.088945
-1.2785,0.98834,-0.069434,0.15787,-0.23473,0.0025161,0.011665,-0.10914
-1.3408,1.0348,-0.12701,0.20615,-0.26688,-0.020112,0.044063,-0.12905
-1.4027,1.0801,-0.18482,0.25432,-0.29913,-0.042619,0.076722,-0.14863
-1.4643,1.1242,-0.24284,0.30231,-0.33147,-0.064965,0.10964,-0.16786
-1.5253,1.1671,-0.30104,0.35007,-0.3639,-0.087111,0.14281,-0.18669
-1.5859,1.2087,-0.35941,0.39754,-0.3964,-0.10902,0.17622,-0.20508
-1.6459,1.249,-0.41792,0.44466,-0.42898,-0.13065,0.20988,-0.22301
-1.7054,1.2878,-0.47655,0.49138,-0.46162,-0.15196,0.24377,-0.24043
-1.7642,1.3252,-0.53526,0.53765,-0.49432,-0.17292,0.27789,-0.25731
-1.8223,1.3611,-0.59404,0.5834,-0.52706,-0.19349,0.31222,-0.27361
-1.8797,1.3954,-0.65286,0.62857,-0.55983,-0.21363,0.34676,-0.28932
-1.9363,1.4281,-0.71168,0.67312,-0.59263,-0.23331,0.38149,-0.30438
-1.992,1.4592,-0.77048,0.71699,-0.62544,-0.25249,0.4164,-0.31878
-2.0469,1.4886,-0.82922,0.76012,-0.65826,-0.27113,0.45149,-0.33248
-2.1009,1.5162,-0.88788,0.80245,-0.69105,-0.2892,0.48673,-0.34545
-2.1539,1.542,-0.94641,0.84394,-0.72382,-0.30667,0.52211,-0.35767
-2.2058,1.566,-1.0048,0.88454,-0.75654,-0.3235,0.55761,-0.36911
-2.2567,1.5882,-1.063,0.92418,-0.78921,-0.33966,0.59322,-0.37975
-2.3064,1.6084,-1.121,0.96281,-0.8218,-0.35512,0.62891,-0.38955
-2.355,1.6267,-1.1787,1.0004,-0.85429,-0.36985,0.66468,-0.3985
-2.4023,1.643,-1.2361,1.0369,-0.88668,-0.38382,0.70049,-0.40658
-2.4484,1.6574,-1.2931,1.0722,-0.91894,-0.39699,0.73634,-0.41377
-2.4931,1.6697,-1.3498,1.1063,-0.95105,-0.40935,0.77218,-0.42004
-2.5364,1.6799,-1.4061,1.1392,-0.98299,-0.42087,0.80801,-0.42539
-2.5784,1.6881,-1.4619,1.1708,-1.0147,-0.43152,0.8438,-0.42979
-2.6188,1.6942,-1.5172,1.201,-1.0463,-0.44128,0.87953,-0.43323
-2.6577,1.6982,-1.5719,1.2299,-1.0776,-0.45012,0.91516,-0.43569
-2.6951,1.7001,-1.6261,1.2573,-1.1087,-0.45802,0.95068,-0.43718
-2.7309,1.6998,-1.6797,1.2833,-1.1394,-0.46496,0.98605,-0.43766
-2.765,1.6973,-1.7325,1.3078,-1.1699,-0.47093,1.0213,-0.43715
-2.7974,1.6928,-1.7847,1.3308,-1.2001,-0.47591,1.0563,-0.43562
-2.8281,1.686,-1.8361,1.3521,-1.2299,-0.47988,1.091,-0.43308
-2.8569,1.6771,-1.8867,1.3719,-1.2593,-0.48282,1.1256,-0.42952
-2.884,1.666,-1.9364,1.39,-1.2884,-0.48472,1.1598,-0.42494
-2.9092,1.6528,-1.9852,1.4065,-1.317,-0.48558,1.1937,-0.41934
-2.9325,1.6374,-2.0331,1.4213,-1.3451,-0.48537,1.2273,-0.41272
-2.9539,1.6199,-2.08,1.4343,-1.3728,-0.48409,1.2605,-0.40507
-2.9733,1.6003,-2.1258,1.4456,-1.4,-0.48174,1.2932,-0.39642
-2.9907,1.5785,-2.1706,1.4551,-1.4267,-0.47831,1.3256,-0.38675
-3.0061,1.5546,-2.2143,1.4629,-1.4528,-0.47379,1.3575,-0.37608
-3.0194,1.5287,-2.2568,1.4688,-1.4784,-0.46819,1.3888,-0.36442
-3.0307,1.5007,-2.298,1.4729,-1.5033,-0.46149,1.4196,-0.35177
-3.0398,1.4706,-2.3381,1.4751,-1.5276,-0.45371,1.4499,-0.33816
-3.0468,1.4386,-2.3768,1.4755,-1.5513,-0.44484,1.4795,-0.32358
-3.0516,1.4046,-2.4141,1.4741,-1.5742,-0.4349,1.5085,-0.30806
-3.0542,1.3686,-2.4501,1.4707,-1.5965,-0.42387,1.5369,-0.29161
-3.0547,1.3308,-2.4846,1.4655,-1.618,-0.41178,1.5645,-0.27425
-3.0529,1.2911,-2.5177,1.4584,-1.6387,-0.39863,1.5914,-0.256
-3.0489,1.2496,-2.5493,1.4494,-1.6587,-0.38443,1.6176,-0.23688
-3.0426,1.2063,-2.5793,1.4386,-1.6778,-0.36919,1.6429,-0.21691
-3.0341,1.1613,-2.6077,1.4258,-1.6962,-0.35294,1.6674,-0.19612
-3.0233,1.1146,-2.6345,1.4112,-1.7136,-0.33567,1.6911,-0.17452
-3.0103,1.0663,-2.6596,1.3947,-1.7302,-0.31742,1.7139,-0.15214
-2.995,1.0164,-2.683,1.3764,-1.7458,-0.2982,1.7357,-0.12902
-2.9774,0.96502,-2.7047,1.3562,-1.7605,-0.27803,1.7566,-0.10518
-2.9576,0.91219,-2.7246,1.3342,-1.7743,-0.25693,1.7766,-0.080646
-2.9355,0.85797,-2.7427,1.3104,-1.787,-0.23493,1.7955,-0.055452
-2.9111,0.80244,-2.759,1.2847,-1.7988,-0.21205,1.8134,-0.029629
-2.8845,0.74565,-2.7735,1.2574,-1.8095,-0.18832,1.8302,-0.0032107
-2.8556,0.68768,-2.786,1.2282,-1.8192,-0.16377,1.846,0.023769
-2.8245,0.6286,-2.7966,1.1974,-1.8279,-0.13843,1.8606,0.051276
-2.7912,0.56848,-2.8053,1.1649,-1.8354,-0.11232,1.8741,0.079273
-2.7557,0.5074,-2.8121,1.1307,-1.8419,-0.085487,1.8864,0.10772
-2.718,0.44544,-2.8169,1.0949,-1.8472,-0.057959,1.8976,0.13659
-2.6781,0.38267,-2.8196,1.0575,-1.8514,-0.029774,1.9075,0.16584
-2.6361,0.31918,-2.8204,1.0185,-1.8544,-0.00096692,1.9162,0.19542
-2.592,0.25504,-2.8191,0.97808,-1.8563,0.028423,1.9237,0.2253
-2.5457,0.19034,-2.8158,0.93617,-1.857,0.058356,1.9299,0.25543
-2.4974,0.12518,-2.8104,0.89283,-1.8565,0.088791,1.9348,0.28579
-2.4471,0.059623,-2.803,0.84813,-1.8548,0.11969,1.9384,0.31631
-2.3948,-0.0062282,-2.7934,0.80211,-1.8518,0.151,1.9407,0.34696
-2.3405,-0.072288,-2.7819,0.75481,-1.8476,0.18268,1.9416,0.3777
-2.2843,-0.13847,-2.7682,0.7063,-1.8422,0.2147,1.9412,0.40848
-2.2261,-0.20467,-2.7524,0.65663,-1.8356,0.24699,1.9394,0.43926
-2.1661,-0.27082,-2.7346,0.60586,-1.8276,0.27951,1.9363,0.46999
-2.1043,-0.3368,-2.7146,0.55404,-1.8184,0.31222,1.9318,0.50063
-2.0407,-0.40254,-2.6926,0.50124,-1.808,0.34507,1.9259,0.53113
-1.9754,-0.46793,-2.6685,0.44752,-1.7962,0.378,1.9186,0.56145
-1.9084,-0.53289,-2.6423,0.39295,-1.7832,0.41097,1.9098,0.59153
-1.8398,-0.59732,-2.6141,0.33759,-1.7688,0.44392,1.8997,0.62134
-1.7695,-0.66113,-2.5838,0.28151,-1.7532,0.4768,1.8882,0.65083
-1.6977,-0.72422,-2.5515,0.22479,-1.7363,0.50955,1.8752,0.67995
-1.6244,-0.7865,-2.5172,0.16748,-1.7181,0.54214,1.8608,0.70866
-1.5497,-0.84788,-2.4808,0.10967,-1.6986,0.57449,1.8449,0.7369
-1.4735,-0.90826,-2.4425,0.051436,-1.6778,0.60656,1.8277,0.76463
-1.396,-0.96756,-2.4022,-0.0071595,-1.6558,0.63829,1.809,0.79181
-1.3172,-1.0257,-2.3599,-0.066034,-1.6324,0.66963,1.7888,0.81839
-1.2372,-1.0825,-2.3158,-0.12511,-1.6077,0.70052,1.7673,0.84433
-1.1559,-1.138,-2.2697,-0.18431,-1.5818,0.7309,1.7443,0.86957
-1.0736,-1.1921,-2.2218,-0.24355,-1.5546,0.76073,1.7199,0.89408
-0.99012,-1.2446,-2.172,-0.30276,-1.5261,0.78995,1.6941,0.91781
-0.90565,-1.2955,-2.1204,-0.36185,-1.4964,0.81849,1.667,0.94071
-0.82022,-1.3447,-2.067,-0.42075,-1.4654,0.84632,1.6384,0.96274
-0.73388,-1.3921,-2.0119,-0.47936,-1.4332,0.87336,1.6084,0.98386
-0.64668,-1.4377,-1.9551,-0.53761,-1.3997,0.89958,1.5771,1.004
-0.55869,-1.4813,-1.8966,-0.59542,-1.365,0.9249,1.5444,1.0232
-0.46996,-1.5229,-1.8364,-0.6527,-1.3291,0.94929,1.5103,1.0413
-0.38055,-1.5624,-1.7746,-0.70938,-1.292,0.97269,1.4749,1.0584
-0.29052,-1.5998,-1.7113,-0.76536,-1.2537,0.99504,1.4382,1.0743
-0.19992,-1.6349,-1.6464,-0.82057,-1.2142,1.0163,1.4002,1.0891
-0.10881,-1.6678,-1.5801,-0.87492,-1.1736,1.0364,1.3608,1.1027
-0.017252,-1.6982,-1.5123,-0.92834,-1.1318,1.0553,1.3202,1.115
0.074698,-1.7263,-1.4431,-0.98074,-1.0889,1.073,1.2784,1.1261
0.16699,-1.7519,-1.3725,-1.032,-1.0448,1.0894,1.2353,1.1359
0.25955,-1.7749,-1.3006,-1.0822,-0.99969,1.1044,1.191,1.1443
0.35234,-1.7954,-1.2275,-1.131,-0.95347,1.1181,1.1455,1.1514
0.44529,-1.8133,-1.1531,-1.1786,-0.90618,1.1303,1.0988,1.1571
0.53835,-1.8284,-1.0776,-1.2247,-0.85785,1.141,1.0509,1.1613
0.63147,-1.8409,-1.001,-1.2694,-0.80849,1.1503,1.0019,1.1641
0.72459,-1.8506,-0.92321,-1.3124,-0.75812,1.158,0.95181,1.1654
0.81764,-1.8574,-0.84444,-1.3539,-0.70677,1.1641,0.9006,1.1652
0.91059,-1.8615,-0.76469,-1.3937,-0.65446,1.1685,0.84834,1.1634
1.0034,-1.8627,-0.68401,-1.4316,-0.6012,1.1713,0.79503,1.1601
1.0959,-1.8611,-0.60245,-1.4678,-0.54702,1.1724,0.7407,1.1552
1.1882,-1.8565,-0.52005,-1.502,-0.49194,1.1718,0.68538,1.1487
1.2802,-1.849,-0.43688,-1.5343,-0.43599,1.1695,0.6291,1.1406
1.3718,-1.8387,-0.35298,-1.5646,-0.37918,1.1653,0.57189,1.1308
1.463,-1.8253,-0.2684,-1.5928,-0.32156,1.1594,0.51376,1.1194
1.5537,-1.8091,-0.18319,-1.6188,-0.26313,1.1516,0.45476,1.1064
1.6438,-1.7898,-0.097413,-1.6426,-0.20393,1.1419,0.3949,1.0916
1.7334,-1.7677,-0.011111,-1.6642,-0.14398,1.1304,0.33423,1.0752
1.8224,-1.7426,0.075662,-1.6836,-0.083313,1.1171,0.27276,1.0571
1.9107,-1.7146,0.16285,-1.7005,-0.021953,1.1018,0.21053,1.0373
1.9983,-1.6837,0.25041,-1.7151,0.040073,1.0846,0.14758,1.0158
2.0851,-1.6499,0.33829,-1.7273,0.10273,1.0654,0.083922,0.99259
2.1711,-1.6132,0.42643,-1.737,0.166,1.0444,0.019603,0.96768
2.2563,-1.5737,0.51478,-1.7442,0.22985,1.0214,-0.045349,0.94107
2.3405,-1.5314,0.60329,-1.7489,0.29424,0.99649,-0.1109,0.91277
2.4239,-1.4863,0.69191,-1.7511,0.35914,0.96964,-0.17702,0.88277
2.5062,-1.4385,0.78059,-1.7507,0.42453,0.94087,-0.24367,0.8511
2.5875,-1.388,0.86927,-1.7476,0.49038,0.91016,-0.31082,0.81776
2.6678,-1.3348,0.95791,-1.742,0.55664,0.87755,-0.37843,0.78277
2.7469,-1.279,1.0465,-1.7338,0.62329,0.84303,-0.44646,0.74613
2.8249,-1.2207,1.1349,-1.7229,0.69029,0.80661,-0.51489,0.70787
2.9018,-1.1599,1.2231,-1.7093,0.75761,0.76833,-0.58368,0.668
2.9774,-1.0966,1.311,-1.6931,0.82522,0.72818,-0.65279,0.62654
3.0517,-1.0309,1.3987,-1.6743,0.89308,0.6862,-0.72217,0.58352
3.1248,-0.963,1.486,-1.6528,0.96115,0.64241,-0.79181,0.53896
3.1966,-0.8928,1.573,-1.6287,1.0294,0.59683,-0.86165,0.49289
3.2669,-0.82043,1.6595,-1.6019,1.0978,0.5495,-0.93167,0.44533
3.3359,-0.74597,1.7455,-1.5726,1.1663,0.50044,-1.0018,0.39632
3.4035,-0.66949,1.831,-1.5406,1.2349,0.44969,-1.0721,0.34589
3.4696,-0.59107,1.9159,-1.506,1.3035,0.39728,-1.1424,0.29407
3.5343,-0.5108,2.0001,-1.4689,1.3721,0.34326,-1.2127,0.2409
3.5974,-0.42876,2.0837,-1.4293,1.4406,0.28765,-1.283,0.18641
3.659,-0.34504,2.1666,-1.3871,1.5091,0.23052,-1.3532,0.13065
3.719,-0.25972,2.2487,-1.3425,1.5774,0.1719,-1.4233,0.073659
3.7774,-0.1729,2.33,-1.2955,1.6456,0.11184,-1.4933,0.015476
3.8342,-0.084681,2.4105,-1.2461,1.7136,0.050382,-1.5631,-0.043852
3.8893,0.0048501,2.4901,-1.1943,1.7813,-0.012411,-1.6327,-0.10428
3.9427,0.095593,2.5687,-1.1403,1.8488,-0.076488,-1.702,-0.16576
3.9945,0.18745,2.6463,-1.0839,1.9159,-0.1418,-1.7711,-0.22824
4.0445,0.28031,2.7229,-1.0254,1.9827,-0.20827,-1.8398,-0.29168
4.0928,0.37409,2.7985,-0.96479,2.049,-0.27586,-1.9081,-0.35602
4.1394,0.46866,2.8729,-0.90206,2.115,-0.34451,-1.9759,-0.42121
4.1841,0.56394,2.9462,-0.83731,2.1804,-0.41413,-2.0434,-0.48719
4.2271,0.65981,3.0183,-0.7706,2.2453,-0.48469,-2.1103,-0.55391
4.2682,0.75617,3.0892,-0.70201,2.3097,-0.5561,-2.1767,-0.62131
4.3075,0.85291,3.1588,-0.63159,2.3734,-0.6283,-2.2425,-0.68934
4.3449,0.94993,3.2271,-0.55942,2.4365,-0.70122,-2.3076,-0.75794
4.3805,1.0471,3.2941,-0.48558,2.4989,-0.77479,-2.3721,-0.82704
4.4142,1.1443,3.3597,-0.41014,2.5606,-0.84894,-2.4359,-0.8966
4.446,1.2415,3.4239,-0.33318,2.6215,-0.9236,-2.499,-0.96654
4.4758,1.3385,3.4866,-0.25477,2.6816,-0.9987,-2.5613,-1.0368
4.5038,1.4353,3.5479,-0.17501,2.7409,-1.0742,-2.6227,-1.1073
4.5298,1.5317,3.6076,-0.093971,2.7992,-1.1499,-2.6833,-1.1781
4.5539,1.6276,3.6658,-0.011744,2.8566,-1.2258,-2.743,-1.2489
4.576,1.7229,3.7224,0.071586,2.9131,-1.3019,-2.8017,-1.3199
4.5962,1.8175,3.7774,0.15593,2.9685,-1.3781,-2.8595,-1.3908
4.6144,1.9113,3.8308,0.2412,3.0229,-1.4542,-2.9163,-1.4617
4.6306,2.0042,3.8825,0.3273,3.0762,-1.5302,-2.972,-1.5325
4.6449,2.0961,3.9325,0.41413,3.1284,-1.6061,-3.0266,-1.6031
4.6571,2.1869,3.9807,0.50162,3.1795,-1.6817,-3.0801,-1.6735
4.6674,2.2765,4.0273,0.58966,3.2293,-1.7569,-3.1324,-1.7436
4.6757,2.3648,4.072,0.67816,3.2779,-1.8318,-3.1836,-1.8133
4.682,2.4517,4.1149,0.76702,3.3252,-1.9062,-3.2335,-1.8825
4.6863,2.5371,4.156,0.85614,3.3712,-1.98,-3.2821,-1.9513
4.6886,2.6209,4.1952,0.94544,3.4159,-2.0532,-3.3294,-2.0195
4.689,2.7031,4.2325,1.0348,3.4592,-2.1257,-3.3754,-2.0871
4.6873,2.7834,4.268,1.1242,3.501,-2.1974,-3.4201,-2.154
4.6836,2.862,4.3015,1.2134,3.5415,-2.2682,-3.4633,-2.2201
4.678,2.9386,4.3331,1.3024,3.5805,-2.3382,-3.5052,-2.2855
4.6704,3.0132,4.3627,1.3911,3.618,-2.4071,-3.5455,-2.3499
4.6608,3.0857,4.3903,1.4794,3.6539,-2.4749,-3.5844,-2.4135
4.6493,3.156,4.4159,1.5672,3.6883,-2.5416,-3.6218,-2.4761
4.6357,3.2241,4.4395,1.6544,3.7211,-2.6071,-3.6576,-2.5376
4.6203,3.2899,4.4611,1.7409,3.7523,-2.6712,-3.6918,-2.5981
4.6029,3.3534,4.4807,1.8266,3.7819,-2.7341,-3.7245,-2.6573
4.5835,3.4144,4.4982,1.9115,3.8098,-2.7955,-3.7556,-2.7154
4.5622,3.4729,4.5136,1.9954,3.836,-2.8555,-3.785,-2.7723
4.5391,3.5289,4.5269,2.0782,3.8605,-2.9139,-3.8127,-2.8278
4.514,3.5823,4.5382,2.1599,3.8833,-2.9708,-3.8388,-2.882
4.487,3.6331,4.5474,2.2404,3.9043,-3.026,-3.8632,-2.9348
4.4582,3.6811,4.5545,2.3196,3.9236,-3.0795,-3.8858,-2.9861
4.4274,3.7264,4.5594,2.3974,3.9411,-3.1312,-3.9067,-3.0359
4.3949,3.769,4.5623,2.4737,3.9568,-3.1812,-3.9259,-3.0842
4.3605,3.8087,4.563,2.5484,3.9706,-3.2293,-3.9432,-3.1309
4.3243,3.8456,4.5616,2.6216,3.9827,-3.2754,-3.9588,-3.176
4.2864,3.8796,4.5581,2.693,3.9929,-3.3197,-3.9726,-3.2195
4.2466,3.9108,4.5525,2.7626,4.0013,-3.3619,-3.9846,-3.2612
4.2051,3.939,4.5447,2.8305,4.0078,-3.4021,-3.9948,-3.3012
4.1619,3.9643,4.5349,2.8964,4.0125,-3.4403,-4.0031,-3.3394
4.117,3.9867,4.5229,2.9603,4.0153,-3.4764,-4.0096,-3.3758
4.0703,4.0061,4.5088,3.0222,4.0162,-3.5103,-4.0143,-3.4104
4.022,4.0225,4.4926,3.082,4.0152,-3.5421,-4.0171,-3.4432
3.9721,4.036,4.4744,3.1396,4.0124,-3.5716,-4.0181,-3.474
3.9205,4.0465,4.454,3.195,4.0076,-3.599,-4.0172,-3.503
3.8674,4.0541,4.4315,3.2482,4.001,-3.6242,-4.0144,-3.53
3.8127,4.0587,4.407,3.299,3.9926,-3.6471,-4.0098,-3.5551
3.7564,4.0604,4.3805,3.3475,3.9822,-3.6677,-4.0033,-3.5782
3.6987,4.0591,4.3519,3.3936,3.97,-3.686,-3.995,-3.5993
3.6394,4.055,4.3213,3.4373,3.9559,-3.7021,-3.9849,-3.6184
3.5787,4.0479,4.2886,3.4785,3.94,-3.7158,-3.9729,-3.6356
3.5166,4.038,4.254,3.5172,3.9222,-3.7273,-3.959,-3.6507
3.4531,4.0253,4.2174,3.5534,3.9026,-3.7364,-3.9434,-3.6637
3.3882,4.0098,4.1788,3.587,3.8812,-3.7433,-3.9259,-3.6748
3.322,3.9915,4.1384,3.618,3.858,-3.7478,-3.9066,-3.6838
3.2545,3.9704,4.096,3.6464,3.833,-3.7501,-3.8856,-3.6907
3.1857,3.9467,4.0517,3.6721,3.8062,-3.75,-3.8627,-3.6957
3.1157,3.9203,4.0056,3.6953,3.7777,-3.7477,-3.8382,-3.6986
3.0444,3.8913,3.9576,3.7158,3.7475,-3.7431,-3.8118,-3.6994
2.9721,3.8598,3.9078,3.7336,3.7155,-3.7362,-3.7837,-3.6982
2.8985,3.8257,3.8562,3.7487,3.6819,-3.7271,-3.754,-3.6951
2.8239,3.7892,3.8029,3.7612,3.6466,-3.7158,-3.7225,-3.6899
2.7483,3.7503,3.7479,3.7711,3.6096,-3.7023,-3.6894,-3.6827
2.6716,3.709,3.6912,3.7782,3.5711,-3.6866,-3.6546,-3.6735
2.5939,3.6655,3.6328,3.7828,3.5309,-3.6688,-3.6183,-3.6624
2.5153,3.6197,3.5728,3.7847,3.4893,-3.6489,-3.5803,-3.6493
2.4358,3.5718,3.5113,3.7839,3.446,-3.6269,-3.5407,-3.6343
2.3554,3.5217,3.4481,3.7806,3.4013,-3.6029,-3.4997,-3.6174
2.2741,3.4696,3.3835,3.7746,3.3552,-3.5769,-3.4571,-3.5986
2.1921,3.4156,3.3174,3.7661,3.3076,-3.5488,-3.413,-3.5779
2.1093,3.3597,3.2499,3.7551,3.2586,-3.5189,-3.3675,-3.5554
2.0258,3.3019,3.1809,3.7415,3.2082,-3.4871,-3.3206,-3.5312
1.9417,3.2423,3.1107,3.7254,3.1566,-3.4534,-3.2723,-3.5051
1.8568,3.1811,3.0391,3.7069,3.1036,-3.4179,-3.2227,-3.4773
1.7714,3.1183,2.9662,3.686,3.0494,-3.3807,-3.1717,-3.4478
1.6855,3.0539,2.8922,3.6627,2.994,-3.3418,-3.1195,-3.4166
1.599,2.9881,2.8169,3.6371,2.9374,-3.3012,-3.066,-3.3837
1.512,2.9209,2.7405,3.6091,2.8797,-3.259,-3.0114,-3.3493
1.4247,2.8523,2.6631,3.579,2.8209,-3.2153,-2.9555,-3.3133
1.3369,2.7825,2.5846,3.5466,2.761,-3.17,-2.8986,-3.2758
1.2488,2.7116,2.5051,3.5121,2.7002,-3.1233,-2.8405,-3.2368
1.1603,2.6396,2.4247,3.4754,2.6383,-3.0753,-2.7815,-3.1963
1.0716,2.5666,2.3434,3.4367,2.5756,-3.0258,-2.7214,-3.1545
0.98265,2.4926,2.2612,3.3961,2.512,-2.9752,-2.6603,-3.1112
0.89352,2.4178,2.1782,3.3535,2.4475,-2.9233,-2.5984,-3.0667
0.80423,2.3422,2.0946,3.309,2.3823,-2.8702,-2.5355,-3.0209
0.71483,2.2658,2.0102,3.2627,2.3163,-2.816,-2.4719,-2.9739
0.62536,2.1889,1.9252,3.2146,2.2496,-2.7608,-2.4074,-2.9257
0.53586,2.1114,1.8396,3.1648,2.1823,-2.7047,-2.3422,-2.8764
0.44636,2.0334,1.7534,3.1134,2.1143,-2.6475,-2.2763,-2.826
0.35691,1.955,1.6668,3.0605,2.0458,-2.5896,-2.2097,-2.7746
0.26755,1.8763,1.5798,3.006,1.9767,-2.5308,-2.1426,-2.7222
0.1783,1.7973,1.4923,2.9501,1.9072,-2.4713,-2.0748,-2.6688
0.089217,1.718,1.4046,2.8929,1.8373,-2.4111,-2.0066,-2.6146
0.00032821,1.6387,1.3166,2.8343,1.7669,-2.3503,-1.9379,-2.5595
-0.088328,1.5593,1.2283,2.7745,1.6962,-2.2889,-1.8687,-2.5037
-0.17672,1.4799,1.14,2.7136,1.6252,-2.227,-1.7992,-2.4471
-0.2648,1.4005,1.0514,2.6516,1.554,-2.1646,-1.7293,-2.3899
-0.35254,1.3213,0.96288,2.5885,1.4825,-2.1019,-1.6591,-2.332
-0.43992,1.2422,0.87431,2.5245,1.4109,-2.0388,-1.5887,-2.2735
-0.52688,1.1634,0.78578,2.4596,1.3391,-1.9755,-1.5181,-2.2145
-0.61341,1.0849,0.69736,2.3939,1.2673,-1.9119,-1.4473,-2.155
-0.69947,1.0067,0.60908,2.3274,1.1954,-1.8482,-1.3764,-2.0951
-0.78502,0.929,0.52101,2.2603,1.1234,-1.7844,-1.3054,-2.0348
-0.87005,0.8517,0.43319,2.1926,1.0516,-1.7204,-1.2344,-1.9742
-0.95451,0.77492,0.34567,2.1244,0.97978,-1.6565,-1.1634,-1.9132
-1.0384,0.69868,0.2585,2.0556,0.9081,-1.5926,-1.0925,-1.8521
-1.1216,0.62304,0.17174,1.9865,0.83657,-1.5288,-1.0216,-1.7907
-1.2042,0.54805,0.08543,1.9171,0.76522,-1.4652,-0.95093,-1.7292
-1.2862,0.47373,-0.00038178,1.8473,0.6941,-1.4017,-0.88041,-1.6676
-1.3674,0.40013,-0.085648,1.7774,0.62324,-1.3384,-0.81011,-1.606
-1.4479,0.32728,-0.17032,1.7074,0.55266,-1.2754,-0.74007,-1.5443
-1.5277,0.25521,-0.25435,1.6372,0.48242,-1.2128,-0.67033,-1.4826
-1.6067,0.18397,-0.3377,1.5671,0.41253,-1.1504,-0.60092,-1.4211
-1.685,0.11357,-0.42033,1.497,0.34303,-1.0885,-0.53188,-1.3596
-1.7624,0.044041,-0.50218,1.4271,0.27395,-1.0269,-0.46325,-1.2983
-1.839,-0.024593,-0.58322,1.3572,0.20531,-0.96586,-0.39507,-1.2372
-1.9148,-0.09231,-0.6634,1.2877,0.13715,-0.90527,-0.32736,-1.1763
-1.9897,-0.15909,-0.74269,1.2184,0.069496,-0.8452,-0.26015,-1.1157
-2.0637,-0.22492,-0.82105,1.1494,0.0023659,-0.78567,-0.1935,-1.0554
-2.1368,-0.28978,-0.89844,1.0808,-0.064213,-0.72672,-0.12741,-0.99542
-2.209,-0.35367,-0.97482,1.0126,-0.13022,-0.66837,-0.061928,-0.93582
-2.2804,-0.41656,-1.0502,0.94498,-0.19563,-0.61063,0.002923,-0.87662
-2.3508,-0.47846,-1.1244,0.87785,-0.26042,-0.55354,0.067114,-0.81785
-2.4202,-0.53936,-1.1976,0.81129,-0.32458,-0.49711,0.13062,-0.75955
-2.4887,-0.59926,-1.2696,0.74536,-0.38808,-0.44135,0.19341,-0.70174
-2.5562,-0.65815,-1.3404,0.68008,-0.45092,-0.38629,0.25547,-0.64444
-2.6228,-0.71604,-1.4101,0.6155,-0.51307,-0.33194,0.31677,-0.58768
-2.6884,-0.77292,-1.4785,0.55166,-0.57452,-0.2783,0.37729,-0.5315
-2.7531,-0.82881,-1.5456,0.4886,-0.63526,-0.22538,0.437,-0.47589
-2.8167,-0.88372,-1.6115,0.42634,-0.69528,-0.1732,0.4959,-0.4209
-2.8794,-0.93764,-1.6761,0.36491,-0.75457,-0.12176,0.55396,-0.36654
-2.941,-0.99059,-1.7393,0.30435,-0.81312,-0.071053,0.61116,-0.31282
-3.0017,-1.0426,-1.8012,0.24469,-0.87092,-0.021092,0.66748,-0.25977
-3.0614,-1.0936,-1.8618,0.18594,-0.92796,0.028129,0.72293,-0.20739
-3.1201,-1.1438,-1.921,0.12813,-0.98425,0.07661,0.77747,-0.15571
-3.1778,-1.193,-1.9787,0.07129,-1.0398,0.12436,0.8311,-0.10473
-3.2345,-1.2413,-2.0351,0.015426,-1.0945,0.17137,0.88382,-0.054473
-3.2902,-1.2888,-2.09,-0.039441,-1.1485,0.21767,0.9356,-0.004937
-3.3449,-1.3354,-2.1435,-0.093296,-1.2017,0.26325,0.98644,0.043865
-3.3987,-1.3811,-2.1956,-0.14613,-1.2542,0.30814,1.0363,0.091925
-3.4514,-1.4261,-2.2462,-0.19792,-1.3059,0.35233,1.0853,0.13924
-3.5032,-1.4703,-2.2954,-0.24868,-1.3568,0.39585,1.1333,0.1858
-3.5539,-1.5137,-2.3431,-0.29838,-1.407,0.43871,1.1803,0.23161
-3.6037,-1.5563,-2.3893,-0.34702,-1.4565,0.48092,1.2264,0.27666
-3.6526,-1.5983,-2.4341,-0.39461,-1.5051,0.52251,1.2715,0.32096
-3.7004,-1.6396,-2.4774,-0.44115,-1.5531,0.56349,1.3156,0.36449
-3.7473,-1.6802,-2.5192,-0.48662,-1.6003,0.60388,1.3588,0.40728
-3.7932,-1.7202,-2.5595,-0.53104,-1.6468,0.64371,1.401,0.44931
-3.8382,-1.7596,-2.5984,-0.5744,-1.6926,0.68299,1.4422,0.49059
-3.8823,-1.7984,-2.6359,-0.61672,-1.7377,0.72176,1.4826,0.53112
-3.9253,-1.8366,-2.6719,-0.65801,-1.7821,0.76002,1.5219,0.57092
-3.9675,-1.8744,-2.7064,-0.69826,-1.8258,0.79781,1.5603,0.60998
-4.0087,-1.9116,-2.7395,-0.7375,-1.8688,0.83515,1.5978,0.64832
-4.049,-1.9484,-2.7712,-0.77573,-1.9112,0.87207,1.6343,0.68595
-4.0883,-1.9847,-2.8014,-0.81296,-1.9529,0.90859,1.67,0.72286
-4.1268,-2.0206,-2.8303,-0.84922,-1.994,0.94474,1.7047,0.75908
-4.1643,-2.056,-2.8578,-0.88451,-2.0345,0.98054,1.7385,0.7946
-4.2009,-2.0912,-2.8838,-0.91886,-2.0744,1.016,1.7714,0.82945
-4.2366,-2.1259,-2.9086,-0.95227,-2.1137,1.0512,1.8034,0.86364
-4.2713,-2.1604,-2.9319,-0.98478,-2.1524,1.0861,1.8346,0.89716
-4.3052,-2.1945,-2.954,-1.0164,-2.1906,1.1208,1.8649,0.93005
-4.3382,-2.2283,-2.9747,-1.0471,-2.2282,1.1553,1.8944,0.96231
-4.3702,-2.2619,-2.9942,-1.077,-2.2652,1.1896,1.923,0.99395
-4.4014,-2.2953,-3.0123,-1.1061,-2.3018,1.2237,1.9508,1.025
-4.4317,-2.3284,-3.0292,-1.1344,-2.3378,1.2577,1.9778,1.0554
-4.461,-2.3613,-3.0449,-1.1618,-2.3733,1.2915,2.004,1.0853
-4.4895,-2.394,-3.0594,-1.1885,-2.4083,1.3253,2.0294,1.1146
-4.517,-2.4265,-3.0727,-1.2145,-2.4429,1.359,2.054,1.1434
-4.5437,-2.4588,-3.0848,-1.2398,-2.477,1.3926,2.0779,1.1716
-4.5694,-2.491,-3.0957,-1.2644,-2.5107,1.4263,2.101,1.1993
-4.5943,-2.523,-3.1055,-1.2883,-2.5439,1.4599,2.1234,1.2265
-4.6182,-2.5549,-3.1142,-1.3116,-2.5767,1.4935,2.1451,1.2532
-4.6412,-2.5867,-3.1219,-1.3342,-2.6091,1.5272,2.1661,1.2795
-4.6633,-2.6183,-3.1284,-1.3563,-2.641,1.5609,2.1864,1.3052
-4.6844,-2.6498,-3.134,-1.3778,-2.6726,1.5947,2.206,1.3306
-4.7047,-2.6812,-3.1385,-1.3987,-2.7037,1.6286,2.225,1.3554
-4.7239,-2.7124,-3.142,-1.4191,-2.7345,1.6626,2.2433,1.3799
-4.7423,-2.7436,-3.1446,-1.4391,-2.7649,1.6966,2.2609,1.4039
-4.7596,-2.7746,-3.1462,-1.4585,-2.7949,1.7308,2.278,1.4276
-4.776,-2.8055,-3.1469,-1.4775,-2.8246,1.7651,2.2944,1.4508
-4.7915,-2.8362,-3.1467,-1.4961,-2.8539,1.7996,2.3102,1.4737
-4.8059,-2.8668,-3.1456,-1.5142,-2.8828,1.8342,2.3255,1.4962
-4.8193,-2.8973,-3.1436,-1.532,-2.9113,1.8689,2.3401,1.5183
-4.8318,-2.9276,-3.1409,-1.5494,-2.9395,1.9038,2.3542,1.5401
-4.8432,-2.9578,-3.1373,-1.5664,-2.9673,1.9388,2.3677,1.5615
-4.8536,-2.9877,-3.1329,-1.5831,-2.9948,1.974,2.3806,1.5826
-4.8629,-3.0175,-3.1277,-1.5995,-3.0219,2.0093,2.393,1.6034
-4.8711,-3.0471,-3.1218,-1.6156,-3.0486,2.0448,2.4049,1.6239
-4.8783,-3.0764,-3.1151,-1.6314,-3.075,2.0804,2.4162,1.644
-4.8844,-3.1055,-3.1078,-1.647,-3.101,2.1162,2.4271,1.6639
-4.8894,-3.1343,-3.0997,-1.6623,-3.1266,2.1521,2.4374,1.6834
-4.8932,-3.1629,-3.0909,-1.6773,-3.1518,2.1881,2.4472,1.7027
-4.8959,-3.1912,-3.0815,-1.6922,-3.1766,2.2242,2.4564,1.7217
-4.8975,-3.2191,-3.0714,-1.7068,-3.201,2.2604,2.4652,1.7404
-4.8979,-3.2467,-3.0607,-1.7212,-3.225,2.2968,2.4735,1.7588
-4.897,-3.2739,-3.0494,-1.7354,-3.2485,2.3331,2.4813,1.7769
-4.895,-3.3007,-3.0375,-1.7494,-3.2717,2.3696,2.4886,1.7948
-4.8918,-3.327,-3.025,-1.7633,-3.2943,2.406,2.4955,1.8123
-4.8873,-3.3529,-3.0119,-1.777,-3.3165,2.4425,2.5018,1.8296
-4.8815,-3.3784,-2.9982,-1.7905,-3.3383,2.479,2.5077,1.8466
-4.8744,-3.4033,-2.984,-1.8038,-3.3595,2.5155,2.513,1.8634
-4.8661,-3.4276,-2.9693,-1.817,-3.3802,2.5519,2.5179,1.8799
-4.8564,-3.4514,-2.954,-1.8301,-3.4004,2.5883,2.5224,1.896
-4.8453,-3.4746,-2.9382,-1.843,-3.4201,2.6245,2.5263,1.9119
-4.8329,-3.4971,-2.9219,-1.8557,-3.4392,2.6606,2.5298,1.9276
-4.8192,-3.519,-2.905,-1.8683,-3.4577,2.6966,2.5327,1.9429
-4.804,-3.5401,-2.8877,-1.8808,-3.4756,2.7324,2.5352,1.9579
-4.7874,-3.5605,-2.8699,-1.8931,-3.4929,2.768,2.5372,1.9727
-4.7694,-3.5801,-2.8516,-1.9052,-3.5096,2.8033,2.5388,1.9871
-4.7499,-3.5989,-2.8328,-1.9172,-3.5256,2.8384,2.5398,2.0012
-4.7289,-3.6169,-2.8136,-1.929,-3.5409,2.8732,2.5403,2.0151
-4.7064,-3.6339,-2.7938,-1.9407,-3.5555,2.9076,2.5404,2.0285
-4.6825,-3.6501,-2.7736,-1.9522,-3.5694,2.9417,2.5399,2.0417
-4.657,-3.6652,-2.753,-1.9635,-3.5825,2.9753,2.5389,2.0546
-4.6299,-3.6794,-2.7319,-1.9746,-3.5949,3.0085,2.5375,2.0671
-4.6013,-3.6926,-2.7103,-1.9855,-3.6064,3.0412,2.5355,2.0792
-4.5712,-3.7047,-2.6882,-1.9962,-3.6172,3.0734,2.5329,2.091
-4.5394,-3.7157,-2.6657,-2.0067,-3.6271,3.1051,2.5299,2.1024
-4.506,-3.7255,-2.6428,-2.0169,-3.6361,3.1361,2.5263,2.1134
-4.471,-3.7342,-2.6194,-2.0269,-3.6443,3.1666,2.5222,2.1241
-4.4344,-3.7417,-2.5955,-2.0367,-3.6515,3.1963,2.5176,2.1344
-4.3961,-3.7479,-2.5712,-2.0462,-3.6578,3.2254,2.5124,2.1442
-4.3562,-3.7529,-2.5464,-2.0554,-3.6632,3.2537,2.5066,2.1537
-4.3146,-3.7565,-2.5211,-2.0643,-3.6675,3.2812,2.5003,2.1627
-4.2713,-3.7588,-2.4954,-2.0729,-3.6708,3.3079,2.4935,2.1713
-4.2263,-3.7598,-2.4693,-2.0812,-3.6731,3.3337,2.486,2.1794
-4.1796,-3.7593,-2.4426,-2.0891,-3.6744,3.3586,2.478,2.1871
-4.1312,-3.7574,-2.4155,-2.0967,-3.6745,3.3826,2.4694,2.1943
-4.0811,-3.7541,-2.3879,-2.1039,-3.6736,3.4057,2.4601,2.201
-4.0292,-3.7492,-2.3598,-2.1107,-3.6715,3.4277,2.4503,2.2073
-3.9757,-3.7428,-2.3313,-2.1171,-3.6682,3.4486,2.4399,2.213
-3.9204,-3.7349,-2.3022,-2.1231,-3.6638,3.4685,2.4289,2.2182
-3.8634,-3.7254,-2.2727,-2.1286,-3.6582,3.4872,2.4172,2.2229
-3.8046,-3.7143,-2.2427,-2.1337,-3.6513,3.5048,2.405,2.2271
-3.7441,-3.7016,-2.2122,-2.1383,-3.6433,3.5211,2.3921,2.2307
-3.6819,-3.6872,-2.1812,-2.1424,-3.6339,3.5362,2.3785,2.2337
-3.6179,-3.6712,-2.1497,-2.146,-3.6233,3.5501,2.3643,2.2362
-3.5522,-3.6535,-2.1177,-2.1491,-3.6114,3.5627,2.3495,2.2381
-3.4848,-3.6341,-2.0851,-2.1516,-3.5981,3.5739,2.334,2.2395
-3.4157,-3.6129,-2.0521,-2.1535,-3.5835,3.5837,2.3179,2.2402
-3.3449,-3.59,-2.0185,-2.1549,-3.5676,3.5921,2.301,2.2403
-3.2723,-3.5654,-1.9844,-2.1556,-3.5503,3.5992,2.2836,2.2397
-3.1981,-3.539,-1.9498,-2.1557,-3.5316,3.6047,2.2654,2.2386
-3.1222,-3.5108,-1.9147,-2.1552,-3.5115,3.6088,2.2465,2.2368
-3.0446,-3.4808,-1.879,-2.154,-3.4899,3.6113,2.227,2.2343
-2.9654,-3.4491,-1.8428,-2.1522,-3.467,3.6123,2.2068,2.2312
-2.8845,-3.4155,-1.806,-2.1496,-3.4426,3.6117,2.1859,2.2274
-2.802,-3.3801,-1.7688,-2.1464,-3.4167,3.6095,2.1642,2.2229
-2.7179,-3.3429,-1.7309,-2.1424,-3.3894,3.6057,2.1419,2.2178
-2.6322,-3.3039,-1.6926,-2.1376,-3.3606,3.6003,2.1189,2.2119
-2.545,-3.2631,-1.6537,-2.1321,-3.3303,3.5932,2.0952,2.2053
-2.4562,-3.2205,-1.6142,-2.1258,-3.2985,3.5844,2.0708,2.198
-2.366,-3.1761,-1.5742,-2.1188,-3.2652,3.5739,2.0456,2.19
-2.2742,-3.1298,-1.5336,-2.1109,-3.2304,3.5617,2.0198,2.1813
-2.181,-3.0818,-1.4925,-2.1022,-3.1941,3.5478,1.9932,2.1718
-2.0863,-3.032,-1.4509,-2.0927,-3.1563,3.5321,1.966,2.1616
-1.9903,-2.9804,-1.4087,-2.0824,-3.1169,3.5147,1.938,2.1506
-1.8929,-2.927,-1.366,-2.0712,-3.0761,3.4955,1.9093,2.1389
-1.7942,-2.8719,-1.3228,-2.0591,-3.0337,3.4745,1.88,2.1264
-1.6941,-2.8151,-1.279,-2.0462,-2.9898,3.4518,1.8499,2.1131
-1.5929,-2.7566,-1.2347,-2.0324,-2.9444,3.4272,1.8191,2.0991
-1.4904,-2.6963,-1.1898,-2.0177,-2.8975,3.4009,1.7876,2.0843
-1.3867,-2.6344,-1.1444,-2.0021,-2.8491,3.3728,1.7554,2.0688
-1.2819,-2.5709,-1.0986,-1.9857,-2.7992,3.3428,1.7225,2.0524
-1.1761,-2.5057,-1.0522,-1.9683,-2.7478,3.3111,1.689,2.0353
-1.0691,-2.4389,-1.0053,-1.95,-2.6949,3.2775,1.6547,2.0174
-0.96123,-2.3706,-0.9579,-1.9308,-2.6406,3.2422,1.6198,1.9988
-0.85237,-2.3007,-0.91003,-1.9107,-2.5848,3.2051,1.5842,1.9793
-0.74261,-2.2293,-0.86169,-1.8897,-2.5275,3.1662,1.548,1.9591
-0.63202,-2.1565,-0.81288,-1.8677,-2.4688,3.1255,1.5111,1.9381
-0.52063,-2.0823,-0.76362,-1.8449,-2.4087,3.083,1.4736,1.9163
-0.4085,-2.0066,-0.71391,-1.8211,-2.3472,3.0388,1.4354,1.8938
-0.29569,-1.9296,-0.66378,-1.7965,-2.2843,2.9929,1.3966,1.8705
-0.18226,-1.8513,-0.61323,-1.7709,-2.2201,2.9452,1.3572,1.8465
-0.068266,-1.7717,-0.56227,-1.7445,-2.1545,2.8958,1.3172,1.8216
0.046235,-1.6909,-0.51093,-1.7172,-2.0876,2.8448,1.2766,1.7961
0.16118,-1.6089,-0.45922,-1.689,-2.0194,2.792,1.2355,1.7698
0.27651,-1.5258,-0.40715,-1.6599,-1.95,2.7377,1.1938,1.7427
0.39215,-1.4416,-0.35475,-1.63,-1.8793,2.6817,1.1515,1.715
0.50805,-1.3564,-0.30202,-1.5993,-1.8073,2.6241,1.1087,1.6865
0.62413,-1.2702,-0.249,-1.5677,-1.7342,2.5649,1.0654,1.6573
0.74034,-1.183,-0.19569,-1.5353,-1.66,2.5042,1.0217,1.6275
0.85659,-1.095,-0.14213,-1.5021,-1.5846,2.4419,0.97741,1.5969
0.97284,-1.0062,-0.088338,-1.4681,-1.5081,2.3782,0.93269,1.5657
1.089,-0.91661,-0.034328,-1.4334,-1.4306,2.313,0.88754,1.5338
1.205,-0.82631,0.01987,-1.398,-1.3521,2.2464,0.84198,1.5013
1.3208,-0.73536,0.074233,-1.3618,-1.2725,2.1785,0.79602,1.4681
1.4362,-0.64383,0.12873,-1.3249,-1.1921,2.1092,0.7497,1.4344
1.5513,-0.55176,0.18335,-1.2874,-1.1107,2.0385,0.70302,1.4
1.666,-0.45922,0.23805,-1.2492,-1.0285,1.9667,0.65602,1.3651
1.7801,-0.36627,0.2928,-1.2104,-0.94541,1.8936,0.60872,1.3296
1.8936,-0.27298,0.34759,-1.1709,-0.86158,1.8193,0.56115,1.2935
2.0065,-0.1794,0.40237,-1.131,-0.77701,1.7438,0.51332,1.257
2.1186,-0.085591,0.45711,-1.0905,-0.69176,1.6673,0.46528,1.22
2.2299,0.0083752,0.51179,-1.0494,-0.60587,1.5898,0.41704,1.1824
2.3403,0.10244,0.56638,-1.0079,-0.51939,1.5112,0.36864,1.1445
2.4498,0.19654,0.62083,-0.96599,-0.43237,1.4317,0.3201,1.1061
2.5581,0.29061,0.67512,-0.92363,-0.34485,1.3513,0.27146,1.0672
2.6654,0.38459,0.72921,-0.8809,-0.25689,1.27,0.22274,1.0281
2.7715,0.47841,0.78306,-0.83781,-0.16854,1.188,0.17398,0.98851
2.8763,0.57201,0.83665,-0.79442,-0.079853,1.1052,0.12521,0.94863
2.9797,0.66533,0.88992,-0.75075,0.0091171,1.0217,0.076451,0.90845
3.0817,0.75831,0.94285,-0.70684,0.098315,0.9376,0.027751,0.868
3.1822,0.85087,0.9954,-0.66273,0.18769,0.8529,-0.020863,0.8273
3.2812,0.94297,1.0475,-0.61846,0.27717,0.76767,-0.069354,0.78639
3.3785,1.0345,1.0992,-0.57406,0.36672,0.68197,-0.11769,0.74528
3.4741,1.1255,1.1503,-0.52957,0.45627,0.59586,-0.16583,0.70402
3.5679,1.2158,1.201,-0.48503,0.54577,0.5094,-0.21375,0.66263
3.6599,1.3054,1.251,-0.44049,0.63514,0.42264,-0.2614,0.62115
3.75,1.3942,1.3004,-0.39597,0.72435,0.33564,-0.30875,0.5796
3.838,1.4822,1.3492,-0.35152,0.81332,0.24846,-0.35576,0.53801
3.924,1.5693,1.3972,-0.30717,0.90199,0.16116,-0.4024,0.49643
4.0079,1.6554,1.4445,-0.26298,0.99031,0.073803,-0.44863,0.45488
4.0896,1.7406,1.491,-0.21897,1.0782,-0.013557,-0.4944,0.4134
4.1691,1.8247,1.5367,-0.1752,1.1656,-0.10086,-0.53969,0.37202
4.2463,1.9076,1.5815,-0.13168,1.2525,-0.18804,-0.58445,0.33077
4.3211,1.9894,1.6254,-0.088481,1.3388,-0.27505,-0.62865,0.28968
4.3934,2.07,1.6683,-0.045625,1.4245,-0.36181,-0.67224,0.2488
4.4633,2.1493,1.7102,-0.0031543,1.5094,-0.44828,-0.71519,0.20816
4.5307,2.2273,1.7511,0.038891,1.5935,-0.53439,-0.75745,0.16779
4.5955,2.3039,1.7908,0.080472,1.6768,-0.62008,-0.799,0.12772
4.6577,2.3792,1.8295,0.12155,1.7591,-0.7053,-0.83979,0.08799
4.7172,2.4529,1.867,0.16209,1.8405,-0.78999,-0.87979,0.048636
4.774,2.5252,1.9033,0.20205,1.9209,-0.87408,-0.91895,0.009691
4.8281,2.5959,1.9383,0.2414,2.0002,-0.95752,-0.95724,-0.028811
4.8793,2.6651,1.972,0.2801,2.0784,-1.0403,-0.99461,-0.066834
4.9277,2.7326,2.0044,0.31812,2.1553,-1.1222,-1.031,-0.10435
4.9733,2.7985,2.0354,0.35541,2.231,-1.2034,-1.0665,-0.14131
5.016,2.8627,2.065,0.39195,2.3054,-1.2836,-1.1009,-0.1777
5.0557,2.9251,2.0932,0.4277,2.3784,-1.363,-1.1343,-0.21348
5.0925,2.9858,2.1199,0.46263,2.4499,-1.4413,-1.1666,-0.24861
5.1263,3.0447,2.1451,0.49671,2.52,-1.5186,-1.1978,-0.28306
5.1571,3.1019,2.1687,0.52991,2.5885,-1.5949,-1.2278,-0.31681
5.1849,3.1571,2.1907,0.5622,2.6555,-1.6699,-1.2566,-0.34981
5.2097,3.2106,2.2111,0.59354,2.7208,-1.7438,-1.2842,-0.38205
5.2314,3.2621,2.2298,0.62392,2.7844,-1.8165,-1.3105,-0.41348
5.2501,3.3117,2.2469,0.6533,2.8462,-1.8878,-1.3356,-0.44408
5.2658,3.3594,2.2622,0.68167,2.9063,-1.9579,-1.3593,-0.47383
5.2784,3.4052,2.2758,0.70899,2.9645,-2.0265,-1.3817,-0.50268
5.2879,3.449,2.2877,0.73524,3.0209,-2.0937,-1.4027,-0.53063
5.2944,3.4908,2.2977,0.7604,3.0753,-2.1594,-1.4224,-0.55763
5.2978,3.5307,2.306,0.78446,3.1278,-2.2237,-1.4406,-0.58366
5.2982,3.5686,2.3123,0.80738,3.1782,-2.2863,-1.4574,-0.60871
5.2955,3.6045,2.3169,0.82915,3.2266,-2.3474,-1.4726,-0.63273
5.2899,3.6384,2.3195,0.84976,3.273,-2.4069,-1.4865,-0.65573
5.2813,3.6702,2.3203,0.86919,3.3172,-2.4646,-1.4988,-0.67766
5.2696,3.7001,2.3191,0.88742,3.3592,-2.5207,-1.5095,-0.69851
5.2551,3.728,2.3161,0.90445,3.3991,-2.575,-1.5187,-0.71827
5.2376,3.7538,2.3111,0.92025,3.4368,-2.6276,-1.5264,-0.7369
5.2172,3.7777,2.3041,0.93483,3.4722,-2.6783,-1.5325,-0.7544
5.1939,3.7995,2.2952,0.94816,3.5053,-2.7273,-1.537,-0.77075
5.1678,3.8194,2.2843,0.96025,3.5362,-2.7743,-1.5399,-0.78593
5.1389,3.8373,2.2715,0.97108,3.5648,-2.8195,-1.5412,-0.79993
5.1073,3.8532,2.2567,0.98066,3.591,-2.8628,-1.5408,-0.81274
5.0729,3.8672,2.24,0.98897,3.6149,-2.9041,-1.5389,-0.82435
5.0359,3.8792,2.2213,0.99602,3.6364,-2.9435,-1.5353,-0.83473
4.9963,3.8892,2.2006,1.0018,3.6556,-2.9809,-1.5301,-0.8439
4.9541,3.8974,2.178,1.0063,3.6723,-3.0164,-1.5232,-0.85183
4.9093,3.9036,2.1534,1.0096,3.6867,-3.0498,-1.5147,-0.85853
4.8621,3.908,2.1269,1.0116,3.6986,-3.0812,-1.5046,-0.86398
4.8125,3.9105,2.0985,1.0123,3.7082,-3.1106,-1.4928,-0.86819
4.7605,3.9112,2.0682,1.0118,3.7153,-3.1379,-1.4794,-0.87114
4.7063,3.91,2.036,1.01,3.7201,-3.1632,-1.4644,-0.87285
4.6498,3.907,2.0019,1.0071,3.7224,-3.1864,-1.4477,-0.8733
4.5911,3.9023,1.966,1.0028,3.7223,-3.2075,-1.4295,-0.8725
4.5304,3.8958,1.9282,0.99742,3.7199,-3.2266,-1.4097,-0.87046
4.4676,3.8876,1.8887,0.99079,3.715,-3.2436,-1.3883,-0.86718
4.4028,3.8777,1.8474,0.98297,3.7078,-3.2585,-1.3653,-0.86265
4.3362,3.8661,1.8043,0.97398,3.6982,-3.2714,-1.3408,-0.8569
4.2677,3.8529,1.7595,0.96383,3.6863,-3.2822,-1.3148,-0.84992
4.1974,3.838,1.7131,0.95254,3.6721,-3.2909,-1.2873,-0.84173
4.1255,3.8216,1.665,0.94012,3.6555,-3.2976,-1.2582,-0.83233
4.052,3.8036,1.6153,0.9266,3.6367,-3.3022,-1.2278,-0.82174
3.977,3.7842,1.564,0.91199,3.6156,-3.3048,-1.1958,-0.80997
3.9005,3.7632,1.5112,0.89632,3.5922,-3.3053,-1.1625,-0.79703
3.8226,3.7408,1.4569,0.8796,3.5667,-3.3039,-1.1278,-0.78294
3.7435,3.7169,1.4011,0.86187,3.539,-3.3004,-1.0917,-0.76772
3.6631,3.6917,1.344,0.84313,3.5091,-3.2949,-1.0544,-0.75137
3.5816,3.665,1.2855,0.82343,3.4771,-3.2875,-1.0157,-0.73393
3.499,3.6371,1.2257,0.80277,3.4431,-3.2781,-0.97576,-0.71541
3.4155,3.6079,1.1646,0.7812,3.407,-3.2668,-0.93462,-0.69582
3.3311,3.5774,1.1024,0.75873,3.3689,-3.2535,-0.89229,-0.6752
3.2458,3.5457,1.039,0.73539,3.3289,-3.2384,-0.84882,-0.65356
3.1598,3.5128,0.97448,0.71122,3.287,-3.2214,-0.80425,-0.63092
3.0732,3.4788,0.90894,0.68623,3.2432,-3.2025,-0.7586,-0.60732
2.986,3.4436,0.84242,0.66045,3.1976,-3.1819,-0.71194,-0.58277
2.8983,3.4073,0.77498,0.63393,3.1502,-3.1594,-0.66429,-0.5573
2.8102,3.37,0.70667,0.60668,3.101,-3.1352,-0.6157,-0.53094
2.7217,3.3316,0.63755,0.57874,3.0503,-3.1093,-0.56622,-0.50371
2.633,3.2923,0.56768,0.55013,2.9979,-3.0817,-0.5159,-0.47565
2.5441,3.252,0.49713,0.5209,2.9439,-3.0524,-0.46477,-0.44677
2.4551,3.2108,0.42596,0.49106,2.8884,-3.0214,-0.41288,-0.41712
2.3661,3.1686,0.35423,0.46066,2.8315,-2.9889,-0.36029,-0.38672
2.2771,3.1256,0.282,0.42971,2.7732,-2.9548,-0.30704,-0.3556
2.1882,3.0818,0.20933,0.39826,2.7135,-2.9192,-0.25317,-0.3238
2.0996,3.0372,0.1363,0.36634,2.6526,-2.882,-0.19875,-0.29133
2.0112,2.9918,0.062967,0.33397,2.5904,-2.8435,-0.14382,-0.25824
1.9231,2.9457,-0.010607,0.30119,2.5271,-2.8035,-0.088427,-0.22456
1.8354,2.8988,-0.084355,0.26803,2.4627,-2.7621,-0.032625,-0.19032
1.7482,2.8513,-0.15821,0.23452,2.3973,-2.7194,0.023535,-0.15556
1.6616,2.8031,-0.23211,0.20069,2.3309,-2.6754,0.080002,-0.12029
1.5755,2.7542,-0.30599,0.16658,2.2636,-2.6301,0.13673,-0.08457
1.4901,2.7048,-0.37977,0.13221,2.1954,-2.5837,0.19365,-0.048419
1.4055,2.6548,-0.45341,0.09762,2.1264,-2.536,0.25073,-0.011873
1.3216,2.6042,-0.52682,0.062832,2.0568,-2.4872,0.30791,0.025034
1.2386,2.5531,-0.59996,0.02788,1.9865,-2.4373,0.36514,0.062268
1.1564,2.5015,-0.67275,-0.0072088,1.9156,-2.3864,0.42237,0.099797
1.0753,2.4494,-0.74512,-0.042404,1.8442,-2.3345,0.47955,0.13759
0.99511,2.3969,-0.81703,-0.077678,1.7723,-2.2816,0.53662,0.1756
0.91601,2.3439,-0.8884,-0.113,1.7,-2.2278,0.59354,0.21382
0.83801,2.2905,-0.95917,-0.14835,1.6274,-2.1731,0.65026,0.25219
0.76117,2.2367,-1.0293,-0.18369,1.5546,-2.1176,0.70673,0.29069
0.68553,2.1825,-1.0987,-0.21901,1.4815,-2.0613,0.76289,0.32929
0.61113,2.128,-1.1673,-0.25426,1.4083,-2.0043,0.81871,0.36796
0.53801,2.0731,-1.2351,-0.28944,1.3351,-1.9466,0.87413,0.40666
0.46621,2.018,-1.302,-0.32451,1.2618,-1.8882,0.9291,0.44536
0.39576,1.9625,-1.3679,-0.35946,1.1885,-1.8292,0.98359,0.48404
0.3267,1.9067,-1.4328,-0.39425,1.1154,-1.7697,1.0375,0.52265
0.25907,1.8507,-1.4967,-0.42887,1.0425,-1.7096,1.0909,0.56118
0.19289,1.7944,-1.5595,-0.46329,0.96976,-1.649,1.1437,0.59959
0.12818,1.7379,-1.6211,-0.4975,0.89733,-1.588,1.1958,0.63786
0.064982,1.6812,-1.6815,-0.53148,0.82525,-1.5267,1.2471,0.67595
0.0033095,1.6242,-1.7407,-0.5652,0.75357,-1.4649,1.2978,0.71384
-0.056815,1.5671,-1.7985,-0.59864,0.68235,-1.4029,1.3476,0.7515
-0.11537,1.5098,-1.855,-0.6318,0.61164,-1.3406,1.3967,0.78891
-0.17235,1.4523,-1.9102,-0.66465,0.5415,-1.2781,1.4449,0.82604
-0.22772,1.3946,-1.9638,-0.69718,0.47197,-1.2153,1.4921,0.86286
-0.28149,1.3368,-2.0161,-0.72937,0.40311,-1.1525,1.5385,0.89936
-0.33363,1.2789,-2.0668,-0.76121,0.33497,-1.0895,1.5839,0.93551
-0.38415,1.2209,-2.1159,-0.79268,0.26759,-1.0265,1.6283,0.97129
-0.43303,1.1628,-2.1635,-0.82378,0.20102,-0.96344,1.6717,1.0067
-0.48027,1.1045,-2.2095,-0.85448,0.13531,-0.90039,1.714,1.0416
-0.52587,1.0462,-2.2538,-0.88479,0.070491,-0.8374,1.7553,1.0762
-0.56983,0.98778,-2.2965,-0.91468,0.0066145,-0.77449,1.7954,1.1103
-0.61215,0.9293,-2.3375,-0.94415,-0.056283,-0.7117,1.8345,1.1439
-0.65283,0.87077,-2.3767,-0.9732,-0.11816,-0.64907,1.8723,1.177
-0.69189,0.81218,-2.4142,-1.0018,-0.17899,-0.58663,1.909,1.2096
-0.72932,0.75356,-2.45,-1.03,-0.23873,-0.52442,1.9446,1.2417
-0.76515,0.6949,-2.484,-1.0577,-0.29735,-0.46247,1.9789,1.2733
-0.79937,0.63622,-2.5161,-1.0849,-0.35481,-0.4008,2.0119,1.3043
-0.832,0.57753,-2.5465,-1.1117,-0.41109,-0.33946,2.0438,1.3348
-0.86307,0.51883,-2.575,-1.138,-0.46617,-0.27848,2.0743,1.3647
-0.89257,0.46014,-2.6017,-1.1639,-0.52,-0.21787,2.1037,1.394
-0.92054,0.40146,-2.6266,-1.1892,-0.57258,-0.15768,2.1317,1.4227
-0.94699,0.3428,-2.6496,-1.2141,-0.62388,-0.09793,2.1584,1.4508
-0.97195,0.28418,-2.6708,-1.2385,-0.67388,-0.038647,2.1839,1.4783
-0.99543,0.22559,-2.6901,-1.2624,-0.72255,0.020141,2.208,1.5052
-1.0175,0.16705,-2.7075,-1.2859,-0.76989,0.078409,2.2309,1.5314
-1.0381,0.10857,-2.7231,-1.3088,-0.81589,0.13613,2.2524,1.5571
-1.0573,0.050152,-2.7368,-1.3313,-0.86051,0.19329,2.2726,1.5821
-1.0751,-0.008188,-2.7487,-1.3532,-0.90377,0.24985,2.2915,1.6064
-1.0916,-0.066442,-2.7587,-1.3747,-0.94564,0.3058,2.3091,1.6301
-1.1068,-0.1246,-2.7669,-1.3957,-0.98613,0.36111,2.3254,1.6532
-1.1207,-0.18266,-2.7733,-1.4162,-1.0252,0.41577,2.3404,1.6756
-1.1334,-0.2406,-2.7779,-1.4362,-1.0629,0.46975,2.354,1.6974
-1.1449,-0.29841,-2.7806,-1.4557,-1.0992,0.52304,2.3664,1.7186
-1.1552,-0.3561,-2.7816,-1.4748,-1.1341,0.57562,2.3775,1.739
-1.1643,-0.41363,-2.7809,-1.4933,-1.1676,0.62747,2.3873,1.7589
-1.1724,-0.47101,-2.7783,-1.5114,-1.1997,0.67858,2.3959,1.7781
-1.1794,-0.52822,-2.7741,-1.529,-1.2305,0.72893,2.4032,1.7966
-1.1853,-0.58525,-2.7682,-1.5461,-1.2598,0.77851,2.4092,1.8145
-1.1903,-0.64209,-2.7605,-1.5628,-1.2878,0.8273,2.414,1.8318
-1.1944,-0.69873,-2.7512,-1.5789,-1.3144,0.87529,2.4177,1.8484
-1.1975,-0.75515,-2.7403,-1.5946,-1.3397,0.92248,2.4201,1.8644
-1.1997,-0.81135,-2.7278,-1.6098,-1.3636,0.96885,2.4213,1.8798
-1.2012,-0.8673,-2.7137,-1.6246,-1.3862,1.0144,2.4213,1.8946
-1.2018,-0.923,-2.6981,-1.6388,-1.4076,1.0591,2.4202,1.9088
-1.2017,-0.97843,-2.681,-1.6526,-1.4276,1.103,2.418,1.9223
-1.201,-1.0336,-2.6623,-1.666,-1.4464,1.146,2.4147,1.9352
-1.1995,-1.0884,-2.6423,-1.6789,-1.4639,1.1881,2.4102,1.9476
-1.1975,-1.143,-2.6208,-1.6913,-1.4803,1.2294,2.4048,1.9594
-1.1948,-1.1972,-2.5979,-1.7032,-1.4954,1.2698,2.3982,1.9705
-1.1917,-1.2511,-2.5737,-1.7147,-1.5094,1.3094,2.3907,1.9812
-1.1881,-1.3046,-2.5482,-1.7258,-1.5222,1.3481,2.3821,1.9912
-1.184,-1.3577,-2.5214,-1.7363,-1.5339,1.3859,2.3726,2.0007
-1.1795,-1.4105,-2.4933,-1.7464,-1.5445,1.4228,2.3621,2.0096
-1.1747,-1.4628,-2.4641,-1.7561,-1.5541,1.4588,2.3507,2.018
-1.1696,-1.5148,-2.4338,-1.7653,-1.5626,1.494,2.3385,2.0259
-1.1642,-1.5662,-2.4023,-1.774,-1.5702,1.5283,2.3253,2.0332
-1.1585,-1.6173,-2.3697,-1.7823,-1.5768,1.5617,2.3113,2.04
-1.1527,-1.6678,-2.3361,-1.7901,-1.5824,1.5943,2.2965,2.0463
-1.1468,-1.7179,-2.3015,-1.7974,-1.5872,1.626,2.2809,2.0521
-1.1407,-1.7675,-2.266,-1.8043,-1.5911,1.6568,2.2645,2.0574
-1.1346,-1.8165,-2.2296,-1.8107,-1.5942,1.6868,2.2474,2.0622
-1.1285,-1.865,-2.1922,-1.8166,-1.5964,1.7159,2.2296,2.0666
-1.1224,-1.9129,-2.1541,-1.822,-1.598,1.7441,2.2111,2.0704
-1.1163,-1.9603,-2.1152,-1.827,-1.5988,1.7715,2.192,2.0739
-1.1103,-2.007,-2.0755,-1.8315,-1.5989,1.7981,2.1722,2.0768
-1.1045,-2.0532,-2.0351,-1.8355,-1.5984,1.8239,2.1519,2.0793
-1.0989,-2.0987,-1.9941,-1.839,-1.5972,1.8488,2.131,2.0814
-1.0934,-2.1435,-1.9524,-1.8421,-1.5956,1.8729,2.1095,2.083
-1.0882,-2.1877,-1.9102,-1.8446,-1.5933,1.8962,2.0875,2.0842
-1.0833,-2.2311,-1.8674,-1.8466,-1.5906,1.9187,2.0651,2.085
-1.0787,-2.2739,-1.8242,-1.8482,-1.5874,1.9405,2.0422,2.0854
-1.0744,-2.3159,-1.7805,-1.8492,-1.5839,1.9614,2.0188,2.0854
-1.0705,-2.3572,-1.7363,-1.8497,-1.5799,1.9816,1.9951,2.085
-1.067,-2.3977,-1.6918,-1.8497,-1.5756,2.0011,1.971,2.0841
-1.064,-2.4374,-1.647,-1.8492,-1.571,2.0198,1.9465,2.0829
-1.0614,-2.4763,-1.6018,-1.8481,-1.5661,2.0378,1.9217,2.0813
-1.0594,-2.5144,-1.5565,-1.8465,-1.561,2.055,1.8966,2.0794
-1.0578,-2.5517,-1.5108,-1.8443,-1.5558,2.0716,1.8713,2.077
-1.0568,-2.5881,-1.465,-1.8417,-1.5503,2.0875,1.8456,2.0743
-1.0564,-2.6236,-1.4191,-1.8384,-1.5448,2.1027,1.8198,2.0713
-1.0565,-2.6583,-1.373,-1.8346,-1.5391,2.1172,1.7938,2.0678
-1.0573,-2.692,-1.3269,-1.8302,-1.5335,2.1311,1.7676,2.0641
-1.0588,-2.7248,-1.2807,-1.8253,-1.5278,2.1443,1.7412,2.0599
-1.0608,-2.7567,-1.2346,-1.8198,-1.5221,2.1569,1.7147,2.0555
-1.0636,-2.7876,-1.1884,-1.8137,-1.5165,2.1689,1.6881,2.0507
-1.0671,-2.8175,-1.1423,-1.807,-1.511,2.1803,1.6615,2.0455
-1.0713,-2.8465,-1.0963,-1.7997,-1.5056,2.1912,1.6347,2.04
-1.0762,-2.8745,-1.0504,-1.7918,-1.5004,2.2014,1.6079,2.0342
-1.0818,-2.9014,-1.0046,-1.7834,-1.4953,2.2112,1.5811,2.028
-1.0883,-2.9273,-0.95908,-1.7743,-1.4905,2.2203,1.5543,2.0216
-1.0954,-2.9522,-0.91372,-1.7646,-1.4859,2.229,1.5275,2.0147
-1.1034,-2.9761,-0.86859,-1.7543,-1.4816,2.2372,1.5008,2.0076
-1.1121,-2.9989,-0.82371,-1.7433,-1.4775,2.2448,1.4741,2.0002
-1.1217,-3.0206,-0.77912,-1.7318,-1.4738,2.252,1.4474,1.9924
-1.132,-3.0412,-0.73484,-1.7196,-1.4705,2.2587,1.4209,1.9843
-1.1432,-3.0607,-0.69089,-1.7068,-1.4675,2.265,1.3944,1.9758
-1.1551,-3.0792,-0.64729,-1.6933,-1.4649,2.2709,1.3681,1.9671
-1.1679,-3.0965,-0.60406,-1.6793,-1.4628,2.2763,1.3419,1.958
-1.1815,-3.1127,-0.56123,-1.6645,-1.4611,2.2813,1.3158,1.9487
-1.1958,-3.1278,-0.51881,-1.6492,-1.4598,2.286,1.2899,1.939
-1.211,-3.1417,-0.47682,-1.6332,-1.459,2.2902,1.2641,1.929
-1.227,-3.1545,-0.43528,-1.6165,-1.4587,2.2942,1.2386,1.9186
-1.2438,-3.1662,-0.39421,-1.5993,-1.4589,2.2977,1.2132,1.908
-1.2614,-3.1767,-0.35362,-1.5813,-1.4597,2.301,1.1881,1.897
-1.2798,-3.1861,-0.31353,-1.5628,-1.461,2.3039,1.1631,1.8857
-1.2989,-3.1943,-0.27394,-1.5436,-1.4628,2.3065,1.1384,1.8741
-1.3188,-3.2014,-0.23488,-1.5237,-1.4653,2.3088,1.114,1.8622
-1.3395,-3.2073,-0.19636,-1.5033,-1.4682,2.3109,1.0897,1.85
-1.3609,-3.2121,-0.15838,-1.4822,-1.4718,2.3127,1.0657,1.8374
-1.3831,-3.2157,-0.12096,-1.4604,-1.476,2.3143,1.042,1.8245
-1.406,-3.2181,-0.084103,-1.4381,-1.4808,2.3156,1.0186,1.8113
-1.4296,-3.2194,-0.04782,-1.4151,-1.4861,2.3166,0.99537,1.7978
-1.4538,-3.2195,-0.012119,-1.3915,-1.4921,2.3175,0.97246,1.784
-1.4787,-3.2185,0.022995,-1.3673,-1.4987,2.3182,0.94984,1.7698
-1.5043,-3.2163,0.057514,-1.3425,-1.5059,2.3187,0.9275,1.7553
-1.5305,-3.213,0.091435,-1.3171,-1.5137,2.319,0.90545,1.7404
-1.5573,-3.2085,0.12475,-1.2911,-1.5222,2.3191,0.8837,1.7253
-1.5847,-3.2029,0.15746,-1.2645,-1.5312,2.3191,0.86225,1.7098
-1.6126,-3.1962,0.18957,-1.2373,-1.5409,2.3189,0.8411,1.694
-1.6411,-3.1883,0.22106,-1.2096,-1.5512,2.3186,0.82025,1.6778
-1.6701,-3.1793,0.25194,-1.1813,-1.562,2.3181,0.79971,1.6613
-1.6995,-3.1693,0.2822,-1.1525,-1.5735,2.3175,0.77947,1.6445
-1.7295,-3.1581,0.31186,-1.1232,-1.5855,2.3169,0.75953,1.6273
-1.7598,-3.1458,0.3409,-1.0933,-1.5981,2.316,0.73991,1.6098
-1.7905,-3.1325,0.36934,-1.0629,-1.6113,2.3151,0.72059,1.5919
-1.8216,-3.118,0.39717,-1.032,-1.625,2.3141,0.70157,1.5737
-1.8531,-3.1026,0.42439,-1.0006,-1.6393,2.313,0.68286,1.5552
-1.8848,-3.086,0.45102,-0.96868,-1.6541,2.3119,0.66444,1.5363
-1.9168,-3.0685,0.47704,-0.93633,-1.6695,2.3106,0.64633,1.5171
-1.9491,-3.0499,0.50248,-0.90353,-1.6853,2.3093,0.62852,1.4975
-1.9816,-3.0303,0.52733,-0.87029,-1.7016,2.3078,0.611,1.4776
-2.0142,-3.0097,0.5516,-0.83663,-1.7183,2.3064,0.59377,1.4574
-2.047,-2.9881,0.57529,-0.80255,-1.7355,2.3048,0.57682,1.4367
-2.0798,-2.9656,0.59842,-0.76808,-1.7532,2.3032,0.56016,1.4158
-2.1128,-2.942,0.62098,-0.73323,-1.7712,2.3015,0.54378,1.3944
-2.1457,-2.9176,0.643,-0.69801,-1.7896,2.2997,0.52767,1.3728
-2.1787,-2.8922,0.66446,-0.66244,-1.8084,2.2979,0.51183,1.3507
-2.2116,-2.866,0.6854,-0.62653,-1.8276,2.296,0.49625,1.3284
-2.2444,-2.8388,0.7058,-0.5903,-1.847,2.2941,0.48093,1.3056
-2.2771,-2.8107,0.72568,-0.55378,-1.8667,2.292,0.46586,1.2825
-2.3097,-2.7818,0.74506,-0.51696,-1.8867,2.2899,0.45102,1.2591
-2.342,-2.7521,0.76394,-0.47987,-1.907,2.2877,0.43643,1.2353
-2.3742,-2.7216,0.78233,-0.44254,-1.9274,2.2855,0.42206,1.2111
-2.406,-2.6902,0.80024,-0.40496,-1.9481,2.2831,0.40792,1.1866
-2.4376,-2.6581,0.81768,-0.36716,-1.9689,2.2807,0.39398,1.1617
-2.4688,-2.6251,0.83466,-0.32916,-1.9898,2.2782,0.38025,1.1365
-2.4996,-2.5915,0.8512,-0.29097,-2.0108,2.2756,0.36672,1.1109
-2.53,-2.5571,0.8673,-0.25261,-2.0319,2.2729,0.35337,1.085
-2.5599,-2.5221,0.88297,-0.2141,-2.0531,2.27,0.3402,1.0587
-2.5893,-2.4863,0.89824,-0.17545,-2.0743,2.2671,0.32719,1.032
-2.6182,-2.4499,0.9131,-0.13668,-2.0954,2.264,0.31435,1.005
-2.6465,-2.4128,0.92758,-0.097807,-2.1165,2.2608,0.30165,0.97768
-2.6742,-2.3751,0.94167,-0.058846,-2.1375,2.2574,0.28909,0.94997
-2.7013,-2.3368,0.95541,-0.019813,-2.1584,2.2539,0.27665,0.9219
-2.7277,-2.298,0.96879,0.019275,-2.1791,2.2502,0.26433,0.89348
-2.7533,-2.2586,0.98182,0.058402,-2.1997,2.2463,0.25212,0.86472
-2.7782,-2.2186,0.99453,0.097553,-2.2201,2.2423,0.24,0.8356
-2.8023,-2.1782,1.0069,0.13671,-2.2402,2.2381,0.22796,0.80614
-2.8256,-2.1373,1.019,0.17586,-2.2601,2.2336,0.21599,0.77634
-2.848,-2.0959,1.0308,0.21499,-2.2797,2.229,0.20408,0.74619
-2.8695,-2.054,1.0423,0.25409,-2.2989,2.2241,0.19222,0.71571
-2.8901,-2.0118,1.0536,0.29313,-2.3177,2.219,0.18039,0.68488
-2.9097,-1.9692,1.0646,0.3321,-2.3362,2.2137,0.16859,0.65373
-2.9284,-1.9262,1.0753,0.37099,-2.3542,2.208,0.1568,0.62224
-2.946,-1.8828,1.0858,0.40979,-2.3718,2.2022,0.145,0.59042
-2.9625,-1.8392,1.0961,0.44849,-2.3889,2.196,0.13319,0.55828
-2.978,-1.7952,1.1062,0.48706,-2.4055,2.1895,0.12136,0.52581
-2.9924,-1.751,1.1161,0.5255,-2.4215,2.1827,0.10948,0.49303
-3.0056,-1.7066,1.1257,0.56379,-2.4369,2.1756,0.097558,0.45994
-3.0177,-1.6619,1.1353,0.60192,-2.4518,2.1682,0.085568,0.42654
-3.0286,-1.6171,1.1446,0.63988,-2.4659,2.1604,0.073502,0.39283
-3.0382,-1.5721,1.1538,0.67766,-2.4795,2.1523,0.061347,0.35882
-3.0467,-1.5269,1.1629,0.71525,-2.4923,2.1438,0.049091,0.32453
-3.0538,-1.4817,1.1718,0.75262,-2.5044,2.1349,0.036721,0.28994
-3.0597,-1.4363,1.1806,0.78979,-2.5157,2.1257,0.024225,0.25508
-3.0643,-1.3909,1.1893,0.82672,-2.5263,2.116,0.011591,0.21994
-3.0675,-1.3455,1.1978,0.86342,-2.5361,2.106,-0.0011932,0.18453
-3.0694,-1.3001,1.2063,0.89987,-2.5451,2.0955,-0.014139,0.14886
-3.07,-1.2547,1.2147,0.93606,-2.5532,2.0846,-0.027259,0.11293
-3.0691,-1.2093,1.2231,0.97198,-2.5605,2.0732,-0.040564,0.076763
-3.0669,-1.1641,1.2313,1.0076,-2.5668,2.0614,-0.054065,0.040355
-3.0633,-1.1189,1.2395,1.043,-2.5723,2.0492,-0.067774,0.0037187
-3.0582,-1.0739,1.2477,1.078,-2.5768,2.0364,-0.081702,-0.033138
-3.0517,-1.029,1.2558,1.1128,-2.5804,2.0233,-0.095859,-0.070206
-3.0438,-0.98431,1.2639,1.1472,-2.583,2.0096,-0.11026,-0.10748
-3.0344,-0.93983,1.2719,1.1814,-2.5846,1.9954,-0.1249,-0.14494
-3.0235,-0.89559,1.2799,1.2152,-2.5853,1.9808,-0.13981,-0.18258
-3.0112,-0.85162,1.2879,1.2486,-2.5849,1.9657,-0.15498,-0.22039
-2.9974,-0.80794,1.2959,1.2817,-2.5835,1.9501,-0.17044,-0.25836
-2.9821,-0.76457,1.3039,1.3145,-2.581,1.934,-0.18618,-0.29648
-2.9653,-0.72155,1.3119,1.3468,-2.5775,1.9173,-0.20221,-0.33474
-2.947,-0.67889,1.32,1.3789,-2.5729,1.9002,-0.21856,-0.37312
-2.9272,-0.63663,1.328,1.4105,-2.5673,1.8826,-0.23521,-0.41161
-2.906,-0.59479,1.336,1.4417,-2.5606,1.8644,-0.25218,-0.4502
-2.8832,-0.55338,1.3441,1.4726,-2.5528,1.8458,-0.26947,-0.48887
-2.859,-0.51245,1.3522,1.503,-2.5439,1.8267,-0.2871,-0.52762
-2.8333,-0.47201,1.3604,1.5331,-2.5339,1.807,-0.30507,-0.56642
-2.806,-0.43208,1.3685,1.5627,-2.5228,1.7869,-0.32338,-0.60526
-2.7773,-0.39268,1.3767,1.5919,-2.5106,1.7662,-0.34204,-0.64413
-2.7472,-0.35385,1.385,1.6206,-2.4973,1.7451,-0.36105,-0.68302
-2.7155,-0.31559,1.3933,1.649,-2.4828,1.7235,-0.38042,-0.7219
-2.6824,-0.27794,1.4016,1.6768,-2.4673,1.7014,-0.40015,-0.76076
-2.6479,-0.24091,1.41,1.7042,-2.4507,1.6788,-0.42025,-0.79958
-2.6119,-0.20452,1.4185,1.7312,-2.433,1.6558,-0.44071,-0.83836
-2.5745,-0.16879,1.427,1.7577,-2.4141,1.6323,-0.46154,-0.87707
-2.5357,-0.13374,1.4355,1.7837,-2.3942,1.6083,-0.48274,-0.91569
-2.4954,-0.099384,1.4442,1.8092,-2.3732,1.5839,-0.50432,-0.95421
-2.4538,-0.065744,1.4528,1.8342,-2.3511,1.5591,-0.52626,-0.9926
-2.4108,-0.032834,1.4615,1.8587,-2.328,1.5339,-0.54858,-1.0309
-2.3665,-0.0006693,1.4703,1.8827,-2.3038,1.5082,-0.57127,-1.069
-2.3208,0.030736,1.4792,1.9061,-2.2785,1.4822,-0.59433,-1.1069
-2.2738,0.06137,1.4881,1.9291,-2.2522,1.4558,-0.61776,-1.1446
-2.2255,0.091218,1.497,1.9515,-2.2249,1.429,-0.64155,-1.1822
-2.1759,0.12027,1.506,1.9733,-2.1965,1.4018,-0.66571,-1.2195
-2.125,0.14851,1.5151,1.9946,-2.1672,1.3743,-0.69023,-1.2565
-2.0729,0.17594,1.5242,2.0154,-2.1369,1.3465,-0.71511,-1.2933
-2.0196,0.20254,1.5334,2.0355,-2.1056,1.3184,-0.74033,-1.3298
-1.9651,0.22831,1.5426,2.0551,-2.0734,1.29,-0.76591,-1.366
-1.9094,0.25324,1.5519,2.0741,-2.0402,1.2614,-0.79182,-1.4018
-1.8526,0.27733,1.5612,2.0925,-2.0062,1.2324,-0.81808,-1.4373
-1.7946,0.30057,1.5706,2.1103,-1.9712,1.2033,-0.84466,-1.4725
-1.7356,0.32295,1.58,2.1275,-1.9354,1.1739,-0.87156,-1.5073
-1.6755,0.34449,1.5895,2.1441,-1.8987,1.1443,-0.89877,-1.5416
-1.6143,0.36517,1.599,2.16,-1.8612,1.1145,-0.92629,-1.5756
-1.5522,0.38499,1.6085,2.1753,-1.8229,1.0845,-0.95411,-1.6091
-1.489,0.40397,1.6181,2.19,-1.7838,1.0544,-0.98222,-1.6421
-1.4249,0.42209,1.6277,2.204,-1.7439,1.0242,-1.0106,-1.6747
-1.3599,0.43937,1.6373,2.2173,-1.7033,0.99386,-1.0393,-1.7068
-1.294,0.45581,1.647,2.23,-1.662,0.96343,-1.0682,-1.7383
-1.2272,0.47142,1.6567,2.2419,-1.62,0.93293,-1.0973,-1.7693
-1.1596,0.48621,1.6664,2.2532,-1.5773,0.90237,-1.1267,-1.7998
-1.0911,0.50018,1.6761,2.2638,-1.534,0.87178,-1.1563,-1.8297
-1.0219,0.51334,1.6858,2.2737,-1.4901,0.84117,-1.1861,-1.8591
-0.95202,0.5257,1.6956,2.2829,-1.4456,0.81056,-1.2162,-1.8878
-0.88139,0.53729,1.7053,2.2914,-1.4006,0.77997,-1.2464,-1.9159
-0.8101,0.54811,1.7151,2.2991,-1.355,0.74941,-1.2767,-1.9434
-0.73817,0.55817,1.7248,2.3061,-1.3089,0.71892,-1.3073,-1.9702
-0.66564,0.5675,1.7346,2.3124,-1.2623,0.68849,-1.3379,-1.9964
-0.59255,0.57611,1.7443,2.318,-1.2153,0.65816,-1.3687,-2.0219
-0.51893,0.58402,1.754,2.3228,-1.1678,0.62792,-1.3996,-2.0467
-0.44481,0.59124,1.7637,2.3268,-1.12,0.59782,-1.4306,-2.0708
-0.37024,0.5978,1.7734,2.3301,-1.0718,0.56784,-1.4617,-2.0942
-0.29525,0.60373,1.783,2.3326,-1.0232,0.53803,-1.4929,-2.1169
-0.21986,0.60903,1.7927,2.3344,-0.97433,0.50837,-1.524,-2.1389
-0.14414,0.61375,1.8022,2.3354,-0.92517,0.4789,-1.5553,-2.16
-0.068095,0.61789,1.8118,2.3356,-0.87575,0.44962,-1.5865,-2.1805
0.0082204,0.62149,1.8213,2.3351,-0.82609,0.42055,-1.6177,-2.2002
0.084772,0.62458,1.8307,2.3338,-0.77622,0.3917,-1.649,-2.2191
0.16152,0.62717,1.8401,2.3317,-0.72617,0.36307,-1.6801,-2.2372
0.23844,0.62931,1.8494,2.3288,-0.67596,0.33469,-1.7113,-2.2545
0.31547,0.63101,1.8586,2.3252,-0.62562,0.30655,-1.7423,-2.271
0.39259,0.63231,1.8678,2.3208,-0.57518,0.27868,-1.7732,-2.2868
0.46976,0.63323,1.8769,2.3156,-0.52466,0.25107,-1.8041,-2.3017
0.54693,0.63381,1.8859,2.3097,-0.47409,0.22373,-1.8348,-2.3159
0.62408,0.63409,1.8948,2.303,-0.42348,0.19668,-1.8654,-2.3292
0.70115,0.63408,1.9036,2.2955,-0.37287,0.16991,-1.8958,-2.3417
0.77812,0.63383,1.9123,2.2873,-0.32228,0.14343,-1.926,-2.3534
0.85494,0.63337,1.9208,2.2783,-0.27173,0.11725,-1.956,-2.3643
0.93157,0.63272,1.9293,2.2686,-0.22124,0.091365,-1.9858,-2.3744
1.008,0.63193,1.9376,2.2581,-0.17084,0.065782,-2.0154,-2.3837
1.0841,0.63102,1.9458,2.2469,-0.12055,0.040501,-2.0447,-2.3922
1.16,0.63004,1.9538,2.2349,-0.070395,0.015523,-2.0737,-2.3999
1.2355,0.62901,1.9617,2.2223,-0.020388,-0.0091526,-2.1024,-2.4068
1.3106,0.62797,1.9694,2.2089,0.029445,-0.033526,-2.1308,-2.4129
1.3853,0.62696,1.977,2.1949,0.079085,-0.0576,-2.1589,-2.4182
1.4595,0.626,1.9843,2.1802,0.12851,-0.081377,-2.1866,-2.4227
1.5333,0.62513,1.9915,2.1647,0.17771,-0.10486,-2.2139,-2.4265
1.6065,0.62439,1.9985,2.1487,0.22665,-0.12806,-2.2409,-2.4295
1.6791,0.6238,2.0052,2.132,0.27532,-0.15097,-2.2674,-2.4317
1.7511,0.62341,2.0118,2.1146,0.32371,-0.1736,-2.2935,-2.4332
1.8224,0.62323,2.0181,2.0966,0.37178,-0.19596,-2.3192,-2.434
1.8931,0.62332,2.0242,2.078,0.41954,-0.21805,-2.3444,-2.434
1.963,0.62369,2.03,2.0589,0.46696,-0.23989,-2.3691,-2.4333
2.0322,0.62438,2.0356,2.0391,0.51403,-0.26148,-2.3933,-2.4319
2.1005,0.62542,2.0408,2.0189,0.56072,-0.28284,-2.417,-2.4298
2.168,0.62684,2.0459,1.998,0.60703,-0.30396,-2.4402,-2.4271
2.2347,0.62866,2.0506,1.9767,0.65294,-0.32487,-2.4628,-2.4237
2.3004,0.63093,2.055,1.9548,0.69844,-0.34556,-2.4848,-2.4196
2.3651,0.63365,2.059,1.9325,0.7435,-0.36606,-2.5063,-2.4149
2.4288,0.63687,2.0628,1.9097,0.78813,-0.38638,-2.5271,-2.4096
2.4916,0.6406,2.0662,1.8865,0.83231,-0.40653,-2.5473,-2.4036
2.5532,0.64487,2.0692,1.8629,0.87602,-0.42651,-2.5669,-2.3971
2.6137,0.6497,2.0718,1.8389,0.91925,-0.44635,-2.5858,-2.39
2.6731,0.65511,2.0741,1.8145,0.96199,-0.46605,-2.6041,-2.3823
2.7314,0.66114,2.076,1.7897,1.0042,-0.48564,-2.6216,-2.3741
2.7884,0.66778,2.0774,1.7646,1.046,-0.50511,-2.6385,-2.3654
2.8442,0.67507,2.0785,1.7393,1.0872,-0.5245,-2.6546,-2.3562
2.8987,0.68303,2.0791,1.7136,1.1279,-0.54381,-2.67,-2.3464
2.9518,0.69166,2.0792,1.6877,1.168,-0.56305,-2.6847,-2.3362
3.0037,0.70098,2.0788,1.6615,1.2076,-0.58224,-2.6985,-2.3255
3.0541,0.711,2.078,1.6351,1.2466,-0.60139,-2.7116,-2.3144
3.1032,0.72174,2.0766,1.6086,1.2851,-0.62052,-2.7239,-2.3028
3.1508,0.73321,2.0748,1.5819,1.3229,-0.63965,-2.7354,-2.2909
3.1969,0.74541,2.0724,1.555,1.3602,-0.65877,-2.7461,-2.2785
3.2416,0.75836,2.0694,1.528,1.3969,-0.67792,-2.7559,-2.2657
3.2847,0.77205,2.0659,1.5009,1.433,-0.69709,-2.7649,-2.2526
3.3262,0.78649,2.0618,1.4738,1.4685,-0.71631,-2.773,-2.2392
3.3661,0.80169,2.0572,1.4466,1.5034,-0.73559,-2.7802,-2.2254
3.4045,0.81765,2.0519,1.4194,1.5376,-0.75493,-2.7866,-2.2112
3.4412,0.83435,2.0459,1.3922,1.5712,-0.77435,-2.792,-2.1968
3.4762,0.85181,2.0394,1.365,1.6042,-0.79387,-2.7966,-2.1821
3.5095,0.87002,2.0321,1.3378,1.6365,-0.81349,-2.8002,-2.167
3.5411,0.88898,2.0242,1.3107,1.6682,-0.83322,-2.8028,-2.1518
3.571,0.90867,2.0156,1.2837,1.6992,-0.85307,-2.8045,-2.1362
3.5991,0.92908,2.0063,1.2568,1.7296,-0.87306,-2.8053,-2.1205
3.6254,0.95022,1.9963,1.23,1.7593,-0.89318,-2.8051,-2.1044
3.6499,0.97207,1.9855,1.2034,1.7883,-0.91346,-2.8039,-2.0882
3.6726,0.9946,1.974,1.1769,1.8166,-0.93388,-2.8017,-2.0718
3.6935,1.0178,1.9617,1.1506,1.8442,-0.95447,-2.7985,-2.0551
3.7124,1.0417,1.9487,1.1245,1.8712,-0.97523,-2.7943,-2.0383
3.7295,1.0662,1.9348,1.0986,1.8974,-0.99616,-2.7891,-2.0213
3.7448,1.0914,1.9201,1.073,1.9229,-1.0173,-2.7829,-2.0041
3.7581,1.1172,1.9046,1.0475,1.9477,-1.0386,-2.7756,-1.9867
3.7694,1.1435,1.8883,1.0224,1.9718,-1.06,-2.7673,-1.9692
3.7789,1.1704,1.8711,0.99753,1.9952,-1.0817,-2.758,-1.9515
3.7864,1.1979,1.8531,0.97295,2.0178,-1.1035,-2.7476,-1.9337
3.792,1.2259,1.8341,0.94866,2.0397,-1.1255,-2.7361,-1.9158
3.7956,1.2543,1.8143,0.92469,2.0609,-1.1478,-2.7235,-1.8976
3.7972,1.2832,1.7936,0.90103,2.0813,-1.1701,-2.7099,-1.8794
3.7969,1.3126,1.7719,0.87771,2.101,-1.1927,-2.6953,-1.861
3.7946,1.3424,1.7494,0.85473,2.1199,-1.2155,-2.6795,-1.8425
3.7904,1.3725,1.7259,0.83209,2.1381,-1.2384,-2.6627,-1.8239
3.7841,1.403,1.7014,0.8098,2.1555,-1.2615,-2.6447,-1.8051
3.7759,1.4338,1.676,0.78787,2.1721,-1.2848,-2.6257,-1.7863
3.7657,1.4648,1.6496,0.76631,2.1879,-1.3082,-2.6056,-1.7673
3.7536,1.4961,1.6223,0.74512,2.203,-1.3317,-2.5844,-1.7481
3.7394,1.5277,1.594,0.72429,2.2173,-1.3554,-2.5621,-1.7289
3.7234,1.5594,1.5647,0.70384,2.2308,-1.3793,-2.5387,-1.7095
3.7053,1.5912,1.5344,0.68375,2.2435,-1.4032,-2.5142,-1.69
3.6854,1.6231,1.5031,0.66405,2.2554,-1.4273,-2.4887,-1.6704
3.6635,1.6551,1.4708,0.64471,2.2665,-1.4515,-2.462,-1.6506
3.6397,1.6872,1.4375,0.62574,2.2768,-1.4757,-2.4343,-1.6307
3.614,1.7192,1.4032,0.60714,2.2863,-1.5001,-2.4054,-1.6106
3.5864,1.7512,1.3679,0.58891,2.295,-1.5245,-2.3755,-1.5905
3.5569,1.7832,1.3315,0.57103,2.3029,-1.5489,-2.3446,-1.5701
3.5256,1.815,1.2942,0.55351,2.31,-1.5734,-2.3125,-1.5497
3.4925,1.8466,1.2558,0.53634,2.3163,-1.5979,-2.2794,-1.529
3.4575,1.8781,1.2165,0.5195,2.3217,-1.6224,-2.2453,-1.5082
3.4208,1.9094,1.1761,0.503,2.3264,-1.6468,-2.2101,-1.4873
3.3823,1.9404,1.1347,0.48683,2.3302,-1.6713,-2.1738,-1.4662
3.3421,1.9711,1.0923,0.47097,2.3332,-1.6957,-2.1366,-1.4449
3.3002,2.0014,1.049,0.45541,2.3354,-1.72,-2.0983,-1.4235
3.2566,2.0314,1.0046,0.44015,2.3368,-1.7443,-2.059,-1.4019
3.2114,2.061,0.95927,0.42518,2.3374,-1.7684,-2.0188,-1.3801
3.1646,2.0902,0.91296,0.41047,2.3371,-1.7925,-1.9776,-1.3581
3.1162,2.1188,0.86568,0.39603,2.336,-1.8163,-1.9354,-1.3359
3.0663,2.147,0.81745,0.38183,2.3342,-1.8401,-1.8922,-1.3135
3.0149,2.1746,0.76828,0.36786,2.3315,-1.8636,-1.8482,-1.291
2.962,2.2017,0.71818,0.35411,2.328,-1.887,-1.8032,-1.2682
2.9077,2.2282,0.66716,0.34057,2.3237,-1.9101,-1.7574,-1.2452
2.852,2.254,0.61525,0.32722,2.3187,-1.933,-1.7107,-1.2221
2.795,2.2792,0.56245,0.31405,2.3128,-1.9557,-1.6631,-1.1987
2.7367,2.3037,0.50878,0.30103,2.3062,-1.9781,-1.6147,-1.1751
2.6772,2.3275,0.45427,0.28816,2.2988,-2.0001,-1.5655,-1.1513
2.6165,2.3505,0.39892,0.27542,2.2906,-2.0219,-1.5156,-1.1273
2.5546,2.3728,0.34277,0.26279,2.2817,-2.0433,-1.4648,-1.103
2.4916,2.3942,0.28583,0.25027,2.272,-2.0644,-1.4134,-1.0786
2.4276,2.4149,0.22812,0.23782,2.2615,-2.0851,-1.3612,-1.0539
2.3626,2.4347,0.16967,0.22544,2.2504,-2.1055,-1.3084,-1.029
2.2966,2.4537,0.11051,0.2131,2.2385,-2.1254,-1.255,-1.004
2.2298,2.4717,0.050651,0.20081,2.2259,-2.1449,-1.2009,-0.97867
2.1621,2.4889,-0.0098693,0.18853,2.2125,-2.1639,-1.1462,-0.95317
2.0936,2.5052,-0.071026,0.17625,2.1985,-2.1825,-1.091,-0.92747
2.0245,2.5205,-0.13279,0.16396,2.1839,-2.2006,-1.0353,-0.90156
1.9546,2.5349,-0.19513,0.15164,2.1685,-2.2183,-0.97907,-0.87547
1.8842,2.5483,-0.25802,0.13927,2.1525,-2.2354,-0.92241,-0.84918
1.8132,2.5608,-0.32142,0.12685,2.1359,-2.252,-0.86533,-0.8227
1.7417,2.5722,-0.3853,0.11436,2.1187,-2.2681,-0.80787,-0.79605
1.6698,2.5827,-0.44963,0.10178,2.1008,-2.2836,-0.75007,-0.76924
1.5975,2.5922,-0.51437,0.089101,2.0824,-2.2985,-0.69197,-0.74226
1.525,2.6007,-0.57948,0.076308,2.0634,-2.3129,-0.6336,-0.71512
1.4522,2.6081,-0.64494,0.063389,2.0439,-2.3267,-0.575,-0.68785
1.3792,2.6146,-0.7107,0.050332,2.0238,-2.3399,-0.51621,-0.66044
1.3061,2.62,-0.77672,0.037125,2.0032,-2.3525,-0.45727,-0.63291
1.2329,2.6243,-0.84296,0.023757,1.9821,-2.3644,-0.39823,-0.60527
1.1597,2.6277,-0.90939,0.010218,1.9605,-2.3758,-0.33912,-0.57753
1.0867,2.63,-0.97597,-0.0035018,1.9385,-2.3865,-0.27999,-0.54972
1.0137,2.6314,-1.0426,-0.017412,1.9161,-2.3965,-0.22087,-0.52183
0.94097,2.6316,-1.1094,-0.031522,1.8932,-2.4059,-0.16182,-0.49389
0.86849,2.6309,-1.1761,-0.045838,1.87,-2.4147,-0.10287,-0.4659
0.79633,2.6292,-1.2428,-0.060369,1.8464,-2.4227,-0.044064,-0.4379
0.72456,2.6264,-1.3095,-0.075119,1.8225,-2.4301,0.014548,-0.40989
0.65324,2.6227,-1.376,-0.090096,1.7982,-2.4369,0.072924,-0.38189
0.58244,2.618,-1.4424,-0.1053,1.7737,-2.4429,0.13102,-0.35392
0.51221,2.6123,-1.5086,-0.12075,1.7489,-2.4483,0.1888,-0.326
0.44263,2.6056,-1.5745,-0.13643,1.7238,-2.453,0.2462,-0.29814
0.37374,2.598,-1.6401,-0.15235,1.6986,-2.4571,0.3032,-0.27038
0.30562,2.5894,-1.7054,-0.16852,1.6731,-2.4604,0.35973,-0.24271
0.23832,2.5799,-1.7703,-0.18493,1.6475,-2.4631,0.41577,-0.21518
0.1719,2.5695,-1.8347,-0.20158,1.6218,-2.4651,0.47126,-0.18779
0.10642,2.5581,-1.8987,-0.21848,1.596,-2.4664,0.52616,-0.16058
0.041942,2.5459,-1.9621,-0.23562,1.57,-2.467,0.58043,-0.13356
