0.77475,-0.65827,1.5705,-1.1337,0.78306,0.55188,-0.95647,0.33977
0.71651,-0.60902,1.5315,-1.1097,0.75522,0.54564,-0.93036,0.33327
0.6577,-0.55901,1.492,-1.0844,0.72735,0.53853,-0.90411,0.3262
0.59831,-0.5083,1.452,-1.0579,0.69944,0.53057,-0.87771,0.31858
0.53838,-0.45693,1.4115,-1.0301,0.67148,0.52179,-0.85115,0.31044
0.4779,-0.40496,1.3705,-1.0011,0.64347,0.51219,-0.82441,0.30179
0.41689,-0.35244,1.329,-0.97099,0.61539,0.50179,-0.7975,0.29266
0.35537,-0.29944,1.287,-0.93969,0.58725,0.49063,-0.77041,0.28306
0.29337,-0.24601,1.2445,-0.90728,0.55903,0.47873,-0.74313,0.27302
0.23089,-0.1922,1.2014,-0.87379,0.53072,0.46609,-0.71565,0.26255
0.16796,-0.13808,1.1578,-0.83925,0.50232,0.45276,-0.68797,0.25169
0.10459,-0.083708,1.1137,-0.8037,0.47383,0.43875,-0.66008,0.24044
0.040823,-0.029138,1.069,-0.76717,0.44524,0.42409,-0.63198,0.22883
-0.023332,0.025567,1.0237,-0.72971,0.41653,0.40881,-0.60365,0.21689
-0.087844,0.080346,0.97788,-0.69134,0.38771,0.39293,-0.5751,0.20463
-0.15269,0.13514,0.93148,-0.65211,0.35877,0.37648,-0.54632,0.19208
-0.21783,0.18988,0.88452,-0.61207,0.3297,0.35949,-0.51731,0.17927
-0.28325,0.24451,0.83698,-0.57124,0.3005,0.34198,-0.48805,0.16621
-0.34892,0.29898,0.78888,-0.52967,0.27116,0.324,-0.45856,0.15293
-0.41479,0.3532,0.7402,-0.48742,0.24169,0.30556,-0.42881,0.13944
-0.48085,0.40713,0.69095,-0.44451,0.21207,0.2867,-0.39882,0.12579
-0.54704,0.4607,0.64113,-0.401,0.1823,0.26745,-0.36858,0.11198
-0.61335,0.51385,0.59075,-0.35693,0.15239,0.24784,-0.33808,0.098047
-0.67972,0.56652,0.53981,-0.31234,0.12232,0.22791,-0.30733,0.084008
-0.74613,0.61864,0.48831,-0.26729,0.092093,0.20769,-0.27632,0.069889
-0.81253,0.67016,0.43626,-0.22183,0.061715,0.1872,-0.24506,0.055713
-0.87889,0.72101,0.38367,-0.17599,0.031181,0.16649,-0.21355,0.041504
-0.94515,0.77113,0.33055,-0.12984,0.00049049,0.14559,-0.18178,0.027285
-1.0113,0.82047,0.2769,-0.083415,-0.030355,0.12453,-0.14976,0.013081
-1.0773,0.86896,0.22275,-0.036772,-0.061356,0.10335,-0.11749,-0.0010852
-1.143,0.91654,0.1681,0.010039,-0.092508,0.082076,-0.084972,-0.01519
-1.2085,0.96315,0.11296,0.056967,-0.12381,0.060751,-0.052213,-0.02921
-1.2736,1.0087,0.057356,0.10396,-0.15526,0.039408,-0.019217,-0.043122
-1.3385,1.0533,0.0012999,0.15097,-0.18685,0.018082,0.014012,-0.056902
-1.4029,1.0966,-0.05519,0.19793,-0.21858,-0.0031925,0.047467,-0.070528
-1.4668,1.1388,-0.11209,0.24481,-0.25045,-0.02438,0.081142,-0.083977
-1.5303,1.1798,-0.16939,0.29154,-0.28244,-0.045445,0.11503,-0.097227
-1.5932,1.2194,-0.22706,0.33807,-0.31455,-0.066352,0.14912,-0.11025
-1.6554,1.2577,-0.28507,0.38435,-0.34677,-0.087067,0.18341,-0.12304
-1.7171,1.2947,-0.3434,0.43033,-0.3791,-0.10755,0.21788,-0.13555
-1.778,1.3301,-0.40203,0.47594,-0.41152,-0.12778,0.25252,-0.14778
-1.8382,1.3641,-0.46093,0.52115,-0.44403,-0.14771,0.28733,-0.1597
-1.8975,1.3965,-0.52007,0.5659,-0.47661,-0.16731,0.32229,-0.17129
-1.956,1.4274,-0.57941,0.61012,-0.50926,-0.18655,0.35738,-0.18253
-2.0136,1.4566,-0.63893,0.65378,-0.54195,-0.20539,0.3926,-0.1934
-2.0702,1.4842,-0.69859,0.69682,-0.57469,-0.22379,0.42793,-0.20388
-2.1258,1.51,-0.75836,0.73918,-0.60745,-0.24174,0.46335,-0.21395
-2.1803,1.5342,-0.8182,0.78082,-0.64021,-0.25919,0.49885,-0.22359
-2.2337,1.5565,-0.87807,0.82168,-0.67298,-0.27612,0.53441,-0.23278
-2.2859,1.577,-0.93795,0.86172,-0.70572,-0.29249,0.57001,-0.2415
-2.3368,1.5957,-0.99777,0.90088,-0.73842,-0.30828,0.60564,-0.24975
-2.3865,1.6125,-1.0575,0.93911,-0.77107,-0.32345,0.64127,-0.25749
-2.4349,1.6274,-1.1171,0.97637,-0.80364,-0.33797,0.67689,-0.26472
-2.4818,1.6404,-1.1766,1.0126,-0.83612,-0.35183,0.71247,-0.27141
-2.5273,1.6515,-1.2358,1.0478,-0.86849,-0.36498,0.74799,-0.27755
-2.5714,1.6605,-1.2948,1.0818,-0.90073,-0.37741,0.78343,-0.28313
-2.6139,1.6676,-1.3535,1.1147,-0.93281,-0.38909,0.81877,-0.28814
-2.6548,1.6726,-1.4118,1.1464,-0.96472,-0.4,0.85399,-0.29255
-2.6941,1.6757,-1.4697,1.1768,-0.99644,-0.41011,0.88905,-0.29636
-2.7317,1.6767,-1.5272,1.206,-1.0279,-0.4194,0.92395,-0.29955
-2.7675,1.6756,-1.5842,1.2338,-1.0592,-0.42785,0.95864,-0.30212
-2.8017,1.6725,-1.6407,1.2602,-1.0902,-0.43544,0.99311,-0.30404
-2.834,1.6674,-1.6965,1.2853,-1.1209,-0.44215,1.0273,-0.30532
-2.8644,1.6602,-1.7517,1.3089,-1.1513,-0.44796,1.0613,-0.30593
-2.893,1.6509,-1.8062,1.331,-1.1813,-0.45286,1.0949,-0.30588
-2.9196,1.6395,-1.86,1.3516,-1.211,-0.45683,1.1282,-0.30515
-2.9443,1.6261,-1.9129,1.3706,-1.2403,-0.45986,1.1612,-0.30374
-2.967,1.6107,-1.965,1.3881,-1.2692,-0.46193,1.1937,-0.30164
-2.9876,1.5932,-2.0162,1.4039,-1.2976,-0.46303,1.2259,-0.29884
-3.0062,1.5737,-2.0665,1.4181,-1.3256,-0.46315,1.2576,-0.29534
-3.0227,1.5522,-2.1157,1.4307,-1.3531,-0.46228,1.2888,-0.29114
-3.037,1.5286,-2.1639,1.4416,-1.38,-0.46042,1.3196,-0.28622
-3.0492,1.5031,-2.2109,1.4507,-1.4065,-0.45756,1.3498,-0.28059
-3.0593,1.4757,-2.2568,1.4582,-1.4323,-0.4537,1.3795,-0.27425
-3.0671,1.4463,-2.3015,1.4638,-1.4576,-0.44882,1.4085,-0.2672
-3.0727,1.415,-2.3448,1.4678,-1.4822,-0.44293,1.437,-0.25943
-3.0761,1.3818,-2.3869,1.4699,-1.5062,-0.43603,1.4648,-0.25094
-3.0772,1.3468,-2.4276,1.4703,-1.5295,-0.42812,1.492,-0.24174
-3.0761,1.31,-2.4669,1.4688,-1.552,-0.4192,1.5184,-0.23183
-3.0726,1.2715,-2.5047,1.4655,-1.5739,-0.40927,1.5442,-0.22122
-3.0669,1.2312,-2.541,1.4604,-1.595,-0.39835,1.5692,-0.2099
-3.0589,1.1892,-2.5758,1.4535,-1.6154,-0.38643,1.5934,-0.19789
-3.0486,1.1455,-2.6089,1.4448,-1.6349,-0.37353,1.6168,-0.18518
-3.036,1.1003,-2.6404,1.4343,-1.6536,-0.35965,1.6393,-0.17179
-3.0211,1.0535,-2.6702,1.4219,-1.6714,-0.34481,1.661,-0.15772
-3.0039,1.0053,-2.6982,1.4077,-1.6884,-0.32901,1.6819,-0.14299
-2.9844,0.95555,-2.7245,1.3917,-1.7045,-0.31228,1.7018,-0.1276
-2.9626,0.90446,-2.7489,1.3739,-1.7196,-0.29463,1.7208,-0.11157
-2.9385,0.85204,-2.7715,1.3543,-1.7338,-0.27607,1.7388,-0.094901
-2.9121,0.79836,-2.7922,1.3329,-1.7471,-0.25663,1.7559,-0.077612
-2.8835,0.74348,-2.8109,1.3098,-1.7593,-0.23633,1.7719,-0.059717
-2.8526,0.68745,-2.8277,1.2849,-1.7705,-0.21517,1.7869,-0.04123
-2.8195,0.63036,-2.8425,1.2583,-1.7808,-0.1932,1.8009,-0.022167
-2.7842,0.57227,-2.8553,1.23,-1.7899,-0.17043,1.8138,-0.0025451
-2.7467,0.51324,-2.866,1.2,-1.798,-0.14689,1.8257,0.017617
-2.7071,0.45335,-2.8746,1.1684,-1.8051,-0.12261,1.8364,0.038302
-2.6653,0.39268,-2.8812,1.1352,-1.811,-0.09761,1.846,0.059488
-2.6214,0.33129,-2.8856,1.1004,-1.8158,-0.071926,1.8545,0.081155
-2.5754,0.26927,-2.8878,1.064,-1.8195,-0.045587,1.8618,0.10328
-2.5274,0.2067,-2.8879,1.0261,-1.822,-0.018626,1.8679,0.12584
-2.4774,0.14365,-2.8858,0.98674,-1.8234,0.008922,1.8729,0.14882
-2.4254,0.080211,-2.8816,0.94594,-1.8236,0.037023,1.8767,0.17218
-2.3715,0.016457,-2.8751,0.90375,-1.8227,0.065642,1.8792,0.1959
-2.3156,-0.047525,-2.8664,0.86022,-1.8205,0.094739,1.8806,0.21996
-2.2579,-0.11165,-2.8555,0.81539,-1.8172,0.12428,1.8807,0.24432
-2.1984,-0.17584,-2.8423,0.76931,-1.8126,0.15422,1.8795,0.26897
-2.1371,-0.23999,-2.8269,0.72203,-1.8068,0.18452,1.8771,0.29386
-2.0741,-0.30403,-2.8093,0.67361,-1.7998,0.21513,1.8735,0.31897
-2.0094,-0.36787,-2.7894,0.62409,-1.7916,0.24603,1.8686,0.34426
-1.9431,-0.43142,-2.7674,0.57355,-1.7821,0.27715,1.8624,0.36972
-1.8752,-0.49459,-2.7431,0.52203,-1.7714,0.30846,1.8549,0.39529
-1.8057,-0.55729,-2.7166,0.4696,-1.7595,0.33991,1.8462,0.42095
-1.7348,-0.61944,-2.6878,0.41632,-1.7463,0.37146,1.8362,0.44666
-1.6624,-0.68095,-2.6569,0.36226,-1.7318,0.40305,1.8248,0.4724
-1.5887,-0.74172,-2.6239,0.30748,-1.7161,0.43464,1.8122,0.49811
-1.5136,-0.80167,-2.5886,0.25204,-1.6992,0.46619,1.7984,0.52377
-1.4373,-0.86071,-2.5512,0.19602,-1.681,0.49763,1.7832,0.54934
-1.3597,-0.91876,-2.5117,0.13949,-1.6616,0.52892,1.7667,0.57478
-1.281,-0.97572,-2.4701,0.082519,-1.6409,0.56001,1.749,0.60004
-1.2012,-1.0315,-2.4265,0.025179,-1.619,0.59086,1.7299,0.6251
-1.1203,-1.0861,-2.3807,-0.032456,-1.5959,0.6214,1.7096,0.64992
-1.0384,-1.1393,-2.333,-0.090309,-1.5715,0.65158,1.688,0.67444
-0.95565,-1.191,-2.2833,-0.14831,-1.5459,0.68136,1.6652,0.69863
-0.87198,-1.2413,-2.2316,-0.20637,-1.5191,0.71068,1.6411,0.72246
-0.7875,-1.29,-2.178,-0.26442,-1.491,0.73949,1.6157,0.74587
-0.70226,-1.3371,-2.1225,-0.32239,-1.4618,0.76773,1.5891,0.76883
-0.61632,-1.3823,-2.0652,-0.38018,-1.4314,0.79536,1.5613,0.79129
-0.52974,-1.4258,-2.0061,-0.43773,-1.3998,0.82231,1.5322,0.81322
-0.44257,-1.4674,-1.9452,-0.49495,-1.367,0.84855,1.5019,0.83457
-0.35487,-1.5071,-1.8825,-0.55176,-1.333,0.87401,1.4704,0.85529
-0.26671,-1.5447,-1.8182,-0.60808,-1.2979,0.89864,1.4377,0.87535
-0.17813,-1.5802,-1.7523,-0.66384,-1.2617,0.92239,1.4038,0.8947
-0.089192,-1.6135,-1.6847,-0.71894,-1.2243,0.94522,1.3687,0.9133
4.3582e-05,-1.6447,-1.6156,-0.77332,-1.1858,0.96707,1.3325,0.93111
0.089523,-1.6735,-1.545,-0.82689,-1.1463,0.98788,1.2951,0.94808
0.17919,-1.7,-1.473,-0.87957,-1.1056,1.0076,1.2566,0.96417
0.26899,-1.7241,-1.3995,-0.93129,-1.0639,1.0262,1.217,0.97935
0.35887,-1.7458,-1.3247,-0.98195,-1.0211,1.0436,1.1763,0.99356
0.44877,-1.7649,-1.2486,-1.0315,-0.97722,1.0598,1.1345,1.0068
0.53865,-1.7816,-1.1713,-1.0798,-0.93237,1.0748,1.0916,1.0189
0.62845,-1.7956,-1.0927,-1.1269,-0.88651,1.0884,1.0476,1.03
0.71811,-1.807,-1.0131,-1.1726,-0.83966,1.1006,1.0027,1.04
0.80759,-1.8158,-0.9323,-1.2169,-0.79183,1.1115,0.95667,1.0488
0.89684,-1.8219,-0.85051,-1.2597,-0.74306,1.1209,0.90967,1.0564
0.9858,-1.8252,-0.76775,-1.301,-0.69336,1.1288,0.86169,1.0628
1.0744,-1.8258,-0.68407,-1.3406,-0.64274,1.1352,0.81275,1.0679
1.1627,-1.8237,-0.59953,-1.3784,-0.59123,1.1401,0.76286,1.0717
1.2505,-1.8187,-0.51419,-1.4146,-0.53884,1.1433,0.71204,1.0742
1.3379,-1.811,-0.42809,-1.4488,-0.48561,1.1449,0.66032,1.0752
1.4247,-1.8004,-0.34131,-1.4812,-0.43154,1.1449,0.60772,1.0749
1.511,-1.787,-0.2539,-1.5117,-0.37667,1.1431,0.55425,1.0732
1.5967,-1.7708,-0.1659,-1.5401,-0.32101,1.1396,0.49995,1.0699
1.6817,-1.7518,-0.077395,-1.5664,-0.26458,1.1344,0.44482,1.0652
1.766,-1.7299,0.011576,-1.5906,-0.20742,1.1274,0.3889,1.059
1.8497,-1.7053,0.10095,-1.6127,-0.14953,1.1186,0.3322,1.0512
1.9325,-1.6778,0.19067,-1.6325,-0.090959,1.108,0.27476,1.0418
2.0146,-1.6475,0.28068,-1.65,-0.031715,1.0956,0.21659,1.0309
2.0958,-1.6145,0.37092,-1.6653,0.028171,1.0813,0.15771,1.0183
2.1761,-1.5787,0.46134,-1.6781,0.088676,1.0651,0.098163,1.0041
2.2555,-1.5401,0.55187,-1.6886,0.14977,1.047,0.037959,0.9883
2.3339,-1.4989,0.64247,-1.6967,0.21144,1.0271,-0.022872,0.9708
2.4114,-1.455,0.73308,-1.7023,0.27364,1.0053,-0.084305,0.95162
2.4879,-1.4085,0.82364,-1.7054,0.33635,0.98153,-0.14631,0.93074
2.5633,-1.3594,0.91409,-1.706,0.39955,0.95589,-0.20887,0.90818
2.6376,-1.3078,1.0044,-1.704,0.4632,0.92835,-0.27194,0.8839
2.7108,-1.2536,1.0945,-1.6996,0.52728,0.8989,-0.33551,0.85792
2.7829,-1.197,1.1843,-1.6925,0.59176,0.86756,-0.39955,0.83022
2.8538,-1.138,1.2738,-1.6829,0.6566,0.83433,-0.46401,0.8008
2.9235,-1.0767,1.3629,-1.6706,0.72179,0.79923,-0.52889,0.76967
2.992,-1.0131,1.4516,-1.6558,0.78728,0.76226,-0.59415,0.73683
3.0593,-0.94722,1.5399,-1.6383,0.85305,0.72343,-0.65975,0.70228
3.1253,-0.87923,1.6276,-1.6183,0.91906,0.68278,-0.72567,0.66603
3.19,-0.80915,1.7147,-1.5957,0.98529,0.64031,-0.79187,0.6281
3.2533,-0.73706,1.8012,-1.5704,1.0517,0.59606,-0.85833,0.58849
3.3153,-0.66303,1.887,-1.5426,1.1183,0.55004,-0.92501,0.54721
3.376,-0.58713,1.9721,-1.5122,1.1849,0.50228,-0.99189,0.50429
3.4353,-0.50944,2.0565,-1.4793,1.2517,0.45282,-1.0589,0.45974
3.4931,-0.43005,2.14,-1.4438,1.3185,0.40168,-1.1261,0.41358
3.5496,-0.34904,2.2226,-1.4059,1.3853,0.34891,-1.1933,0.36584
3.6046,-0.26649,2.3044,-1.3654,1.4521,0.29453,-1.2606,0.31655
3.6581,-0.18249,2.3852,-1.3225,1.5188,0.23859,-1.328,0.26572
3.7102,-0.097131,2.465,-1.2772,1.5855,0.18114,-1.3953,0.21339
3.7607,-0.010501,2.5437,-1.2296,1.652,0.12221,-1.4625,0.1596
3.8098,0.077307,2.6214,-1.1795,1.7183,0.061847,-1.5297,0.10437
3.8573,0.1662,2.698,-1.1272,1.7845,0.00010878,-1.5968,0.04774
3.9032,0.25607,2.7734,-1.0727,1.8504,-0.062958,-1.6637,-0.010244
3.9476,0.34684,2.8476,-1.0159,1.916,-0.1273,-1.7304,-0.069546
3.9905,0.4384,2.9205,-0.95701,1.9814,-0.19286,-1.7969,-0.13012
4.0317,0.53065,2.9922,-0.896,2.0463,-0.25959,-1.8631,-0.19193
4.0714,0.6235,3.0625,-0.83297,2.1109,-0.32742,-1.929,-0.25492
4.1094,0.71684,3.1315,-0.76795,2.1751,-0.3963,-1.9946,-0.31904
4.1458,0.81057,3.1992,-0.70103,2.2388,-0.46616,-2.0598,-0.38425
4.1806,0.90459,3.2653,-0.63226,2.3019,-0.53694,-2.1246,-0.45049
4.2137,0.9988,3.3301,-0.56171,2.3646,-0.60857,-2.1889,-0.51771
4.2452,1.0931,3.3933,-0.48945,2.4266,-0.68098,-2.2527,-0.58584
4.275,1.1874,3.455,-0.41555,2.4881,-0.75412,-2.316,-0.65484
4.3032,1.2815,3.5152,-0.34009,2.5488,-0.8279,-2.3787,-0.72465
4.3297,1.3755,3.5738,-0.26315,2.6089,-0.90226,-2.4408,-0.7952
4.3545,1.4691,3.6307,-0.1848,2.6682,-0.97713,-2.5023,-0.86643
4.3775,1.5622,3.6861,-0.10512,2.7268,-1.0524,-2.563,-0.93828
4.3989,1.6549,3.7397,-0.024208,2.7845,-1.1281,-2.623,-1.0107
4.4186,1.7469,3.7917,0.057866,2.8414,-1.204,-2.6823,-1.0836
4.4366,1.8382,3.8419,0.14101,2.8974,-1.2802,-2.7407,-1.1569
4.4528,1.9287,3.8904,0.22515,2.9525,-1.3565,-2.7983,-1.2305
4.4674,2.0183,3.9372,0.31017,3.0066,-1.4328,-2.855,-1.3045
4.4802,2.1068,3.9821,0.39601,3.0597,-1.5091,-2.9108,-1.3786
4.4913,2.1943,4.0253,0.48256,3.1117,-1.5853,-2.9656,-1.4529
4.5006,2.2805,4.0666,0.56974,3.1627,-1.6614,-3.0195,-1.5273
4.5082,2.3654,4.106,0.65744,3.2125,-1.7371,-3.0722,-1.6016
4.5141,2.449,4.1436,0.74558,3.2612,-1.8126,-3.1239,-1.6759
4.5182,2.5311,4.1793,0.83407,3.3087,-1.8876,-3.1745,-1.7501
4.5206,2.6116,4.2131,0.9228,3.3549,-1.9622,-3.2239,-1.824
4.5212,2.6904,4.245,1.0117,3.3999,-2.0362,-3.2722,-1.8976
4.5202,2.7676,4.275,1.1006,3.4436,-2.1095,-3.3192,-1.9709
4.5173,2.8429,4.303,1.1895,3.486,-2.1821,-3.3649,-2.0437
4.5127,2.9164,4.3291,1.2783,3.5269,-2.254,-3.4094,-2.116
4.5064,2.9879,4.3531,1.3669,3.5665,-2.3249,-3.4525,-2.1876
4.4984,3.0574,4.3753,1.4551,3.6047,-2.3949,-3.4943,-2.2587
4.4886,3.1247,4.3954,1.5429,3.6414,-2.4639,-3.5346,-2.329
4.4771,3.19,4.4135,1.6302,3.6766,-2.5318,-3.5736,-2.3985
4.4638,3.2529,4.4297,1.7169,3.7103,-2.5986,-3.611,-2.4671
4.4488,3.3136,4.4438,1.8029,3.7425,-2.6641,-3.647,-2.5347
4.4321,3.372,4.4559,1.8881,3.773,-2.7283,-3.6814,-2.6013
4.4137,3.4279,4.466,1.9724,3.802,-2.7911,-3.7143,-2.6669
4.3936,3.4814,4.4741,2.0557,3.8293,-2.8525,-3.7457,-2.7312
4.3718,3.5323,4.4802,2.138,3.855,-2.9124,-3.7754,-2.7944
4.3482,3.5808,4.4843,2.2191,3.879,-2.9708,-3.8034,-2.8562
4.323,3.6266,4.4863,2.299,3.9013,-3.0275,-3.8299,-2.9167
4.2961,3.6698,4.4864,2.3776,3.9219,-3.0825,-3.8546,-2.9758
4.2675,3.7103,4.4844,2.4548,3.9407,-3.1359,-3.8776,-3.0333
4.2373,3.7481,4.4804,2.5305,3.9578,-3.1874,-3.8989,-3.0894
4.2053,3.7832,4.4744,2.6047,3.9731,-3.237,-3.9184,-3.1438
4.1718,3.8155,4.4664,2.6772,3.9866,-3.2848,-3.9362,-3.1965
4.1366,3.845,4.4564,2.748,3.9982,-3.3306,-3.9522,-3.2476
4.0998,3.8717,4.4445,2.8171,4.0081,-3.3745,-3.9663,-3.2968
4.0613,3.8956,4.4306,2.8843,4.0161,-3.4162,-3.9787,-3.3443
4.0213,3.9167,4.4147,2.9495,4.0222,-3.456,-3.9892,-3.3898
3.9796,3.9349,4.3968,3.0128,4.0265,-3.4936,-3.9979,-3.4335
3.9364,3.9503,4.377,3.074,4.029,-3.529,-4.0046,-3.4751
3.8917,3.9628,4.3553,3.1332,4.0295,-3.5623,-4.0096,-3.5148
3.8454,3.9725,4.3317,3.1901,4.0282,-3.5933,-4.0126,-3.5524
3.7975,3.9793,4.3062,3.2449,4.0249,-3.6221,-4.0138,-3.5879
3.7482,3.9832,4.2788,3.2974,4.0198,-3.6486,-4.013,-3.6212
3.6973,3.9844,4.2496,3.3475,4.0128,-3.6728,-4.0104,-3.6525
3.645,3.9827,4.2185,3.3953,4.0039,-3.6947,-4.0058,-3.6815
3.5912,3.9782,4.1855,3.4407,3.9931,-3.7142,-3.9993,-3.7083
3.536,3.9709,4.1508,3.4837,3.9804,-3.7314,-3.991,-3.7328
3.4793,3.9609,4.1143,3.5241,3.9658,-3.7462,-3.9807,-3.7551
3.4213,3.9481,4.076,3.5621,3.9493,-3.7587,-3.9685,-3.7751
3.3619,3.9327,4.036,3.5975,3.931,-3.7688,-3.9544,-3.7927
3.3011,3.9145,3.9942,3.6303,3.9108,-3.7764,-3.9385,-3.8081
3.239,3.8937,3.9508,3.6605,3.8887,-3.7817,-3.9206,-3.8211
3.1756,3.8703,3.9057,3.6882,3.8648,-3.7846,-3.9009,-3.8317
3.1108,3.8443,3.859,3.7131,3.8391,-3.7851,-3.8793,-3.84
3.0449,3.8158,3.8106,3.7354,3.8116,-3.7833,-3.8558,-3.8459
2.9777,3.7848,3.7607,3.7551,3.7822,-3.779,-3.8306,-3.8494
2.9093,3.7514,3.7092,3.7721,3.7511,-3.7724,-3.8034,-3.8506
2.8397,3.7156,3.6562,3.7864,3.7182,-3.7635,-3.7745,-3.8494
2.7689,3.6774,3.6017,3.798,3.6836,-3.7522,-3.7438,-3.8458
2.6971,3.637,3.5457,3.807,3.6473,-3.7386,-3.7113,-3.8399
2.6241,3.5943,3.4883,3.8133,3.6092,-3.7228,-3.6771,-3.8316
2.5501,3.5495,3.4295,3.8169,3.5695,-3.7047,-3.6411,-3.821
2.475,3.5026,3.3694,3.8178,3.5282,-3.6843,-3.6035,-3.8081
2.3989,3.4536,3.3079,3.8162,3.4852,-3.6618,-3.5641,-3.7929
2.3219,3.4026,3.2451,3.8118,3.4407,-3.637,-3.5232,-3.7754
2.2439,3.3497,3.181,3.8049,3.3946,-3.6102,-3.4806,-3.7557
2.165,3.2949,3.1157,3.7954,3.3469,-3.5812,-3.4364,-3.7338
2.0852,3.2383,3.0493,3.7834,3.2978,-3.5502,-3.3906,-3.7096
2.0046,3.18,2.9817,3.7688,3.2472,-3.5172,-3.3433,-3.6833
1.9231,3.1201,2.9129,3.7517,3.1952,-3.4821,-3.2946,-3.6549
1.8409,3.0585,2.8432,3.7321,3.1418,-3.4452,-3.2443,-3.6243
1.758,2.9955,2.7723,3.7101,3.087,-3.4064,-3.1927,-3.5917
1.6744,2.9309,2.7005,3.6857,3.031,-3.3657,-3.1397,-3.5571
1.5901,2.865,2.6277,3.6589,2.9736,-3.3232,-3.0853,-3.5205
1.5051,2.7979,2.5541,3.6298,2.915,-3.2791,-3.0296,-3.482
1.4196,2.7294,2.4795,3.5985,2.8553,-3.2332,-2.9727,-3.4416
1.3335,2.6598,2.4041,3.5649,2.7943,-3.1857,-2.9145,-3.3993
1.2469,2.5892,2.328,3.5292,2.7323,-3.1366,-2.8552,-3.3553
1.1599,2.5175,2.2511,3.4913,2.6692,-3.086,-2.7947,-3.3095
1.0724,2.4448,2.1734,3.4514,2.6051,-3.034,-2.7331,-3.262
0.98445,2.3714,2.0952,3.4095,2.5399,-2.9806,-2.6705,-3.2129
0.89619,2.2971,2.0163,3.3656,2.4739,-2.9258,-2.6069,-3.1622
0.8076,2.2221,1.9369,3.3198,2.407,-2.8697,-2.5423,-3.11
0.71873,2.1464,1.8569,3.2721,2.3392,-2.8125,-2.4768,-3.0564
0.62962,2.0702,1.7764,3.2227,2.2706,-2.7541,-2.4105,-3.0013
0.54031,1.9934,1.6955,3.1716,2.2013,-2.6946,-2.3433,-2.9449
0.45083,1.9162,1.6143,3.1188,2.1313,-2.6341,-2.2754,-2.8872
0.36123,1.8387,1.5326,3.0644,2.0606,-2.5726,-2.2068,-2.8284
0.27155,1.7609,1.4507,3.0086,1.9893,-2.5103,-2.1375,-2.7683
0.18182,1.6828,1.3685,2.9512,1.9175,-2.4471,-2.0676,-2.7072
0.092091,1.6045,1.2861,2.8925,1.8451,-2.3832,-1.9972,-2.6451
0.0023975,1.5262,1.2035,2.8324,1.7723,-2.3185,-1.9262,-2.582
-0.087221,1.4478,1.1208,2.7711,1.6991,-2.2533,-1.8548,-2.518
-0.17673,1.3695,1.0381,2.7087,1.6255,-2.1874,-1.783,-2.4532
-0.26608,1.2912,0.95524,2.6451,1.5516,-2.1211,-1.7108,-2.3877
-0.35523,1.2131,0.87244,2.5805,1.4774,-2.0543,-1.6383,-2.3215
-0.44416,1.1352,0.7897,2.5149,1.403,-1.9872,-1.5656,-2.2546
-0.53282,1.0576,0.70705,2.4484,1.3284,-1.9197,-1.4926,-2.1873
-0.62117,0.98024,0.62454,2.3811,1.2537,-1.852,-1.4195,-2.1194
-0.70918,0.90328,0.54222,2.313,1.1789,-1.7841,-1.3463,-2.0511
-0.79681,0.82674,0.46013,2.2442,1.1041,-1.7161,-1.273,-1.9825
-0.88402,0.75067,0.37831,2.1749,1.0293,-1.648,-1.1998,-1.9136
-0.97078,0.67512,0.2968,2.1049,0.95458,-1.5799,-1.1265,-1.8444
-1.0571,0.60014,0.21564,2.0346,0.87993,-1.5118,-1.0534,-1.7752
-1.1428,0.52575,0.13489,1.9638,0.80544,-1.4438,-0.98039,-1.7058
-1.228,0.45202,0.054564,1.8926,0.73113,-1.376,-0.90757,-1.6364
-1.3126,0.37897,-0.02528,1.8212,0.65705,-1.3085,-0.83499,-1.5671
-1.3966,0.30664,-0.10461,1.7496,0.58325,-1.2411,-0.76268,-1.4978
-1.4799,0.23507,-0.18338,1.6779,0.50976,-1.1741,-0.6907,-1.4287
-1.5626,0.16429,-0.26156,1.606,0.43662,-1.1075,-0.61908,-1.3599
-1.6445,0.094327,-0.33911,1.5342,0.36387,-1.0413,-0.54787,-1.2913
-1.7257,0.025215,-0.41598,1.4624,0.29156,-0.97548,-0.47711,-1.2231
-1.8061,-0.043023,-0.49216,1.3908,0.21971,-0.91021,-0.40684,-1.1552
-1.8857,-0.11036,-0.56759,1.3193,0.14836,-0.84548,-0.3371,-1.0878
-1.9645,-0.17678,-0.64225,1.248,0.077546,-0.78133,-0.26793,-1.021
-2.0425,-0.24227,-0.71611,1.1771,0.0073046,-0.71781,-0.19937,-0.95462
-2.1195,-0.30679,-0.78912,1.1065,-0.062335,-0.65495,-0.13146,-0.88889
-2.1957,-0.37035,-0.86126,1.0363,-0.13134,-0.59278,-0.064219,-0.82381
-2.271,-0.43292,-0.93249,0.96652,-0.19969,-0.53133,0.0023041,-0.75942
-2.3453,-0.4945,-1.0028,0.89728,-0.26734,-0.47065,0.068081,-0.69576
-2.4186,-0.55508,-1.0721,0.82859,-0.33428,-0.41074,0.13308,-0.63289
-2.491,-0.61465,-1.1405,0.76051,-0.40047,-0.35165,0.19727,-0.57084
-2.5623,-0.6732,-1.2078,0.69307,-0.4659,-0.29339,0.26063,-0.50965
-2.6327,-0.73074,-1.2741,0.62633,-0.53053,-0.23599,0.32312,-0.44935
-2.702,-0.78727,-1.3393,0.56032,-0.59436,-0.17947,0.38472,-0.38998
-2.7702,-0.84278,-1.4035,0.49509,-0.65735,-0.12384,0.44541,-0.33157
-2.8374,-0.89729,-1.4665,0.43067,-0.7195,-0.06912,0.50517,-0.27415
-2.9035,-0.95078,-1.5284,0.36711,-0.78077,-0.015322,0.56396,-0.21775
-2.9685,-1.0033,-1.5891,0.30442,-0.84117,0.037542,0.62178,-0.16238
-3.0325,-1.0548,-1.6487,0.24265,-0.90067,0.089464,0.6786,-0.10808
-3.0953,-1.1053,-1.707,0.18182,-0.95926,0.14044,0.73441,-0.054861
-3.1569,-1.1549,-1.7642,0.12197,-1.0169,0.19046,0.7892,-0.0027442
-3.2175,-1.2035,-1.8202,0.063118,-1.0737,0.23952,0.84294,0.048255
-3.2769,-1.2512,-1.8749,0.0052862,-1.1295,0.28763,0.89562,0.098124
-3.3352,-1.2979,-1.9283,-0.051502,-1.1844,0.33478,0.94724,0.14685
-3.3923,-1.3437,-1.9805,-0.10723,-1.2383,0.38098,0.99779,0.19443
-3.4483,-1.3887,-2.0315,-0.16187,-1.2912,0.42624,1.0473,0.24084
-3.5031,-1.4328,-2.0811,-0.21543,-1.3432,0.47056,1.0956,0.2861
-3.5567,-1.476,-2.1295,-0.26787,-1.3943,0.51395,1.1429,0.33019
-3.6092,-1.5184,-2.1766,-0.31919,-1.4444,0.55643,1.1891,0.37311
-3.6605,-1.5599,-2.2223,-0.36939,-1.4935,0.598,1.2342,0.41487
-3.7106,-1.6007,-2.2668,-0.41845,-1.5417,0.63869,1.2782,0.45548
-3.7596,-1.6408,-2.31,-0.46637,-1.589,0.6785,1.3211,0.49493
-3.8074,-1.6801,-2.3519,-0.51316,-1.6353,0.71746,1.3629,0.53323
-3.854,-1.7186,-2.3924,-0.55879,-1.6807,0.75559,1.4036,0.5704
-3.8995,-1.7565,-2.4317,-0.60329,-1.7251,0.7929,1.4433,0.60645
-3.9438,-1.7937,-2.4697,-0.64664,-1.7686,0.82942,1.4818,0.64138
-3.9869,-1.8303,-2.5063,-0.68886,-1.8112,0.86518,1.5193,0.67522
-4.0288,-1.8663,-2.5417,-0.72995,-1.853,0.90019,1.5557,0.70799
-4.0696,-1.9016,-2.5758,-0.76992,-1.8938,0.93448,1.5911,0.7397
-4.1093,-1.9364,-2.6086,-0.80878,-1.9338,0.96809,1.6254,0.77037
-4.1478,-1.9706,-2.6401,-0.84653,-1.9729,1.001,1.6587,0.80002
-4.1851,-2.0043,-2.6703,-0.8832,-2.0111,1.0333,1.691,0.82869
-4.2213,-2.0375,-2.6993,-0.9188,-2.0486,1.065,1.7223,0.85638
-4.2563,-2.0703,-2.7271,-0.95333,-2.0852,1.0962,1.7526,0.88313
-4.2902,-2.1026,-2.7536,-0.98683,-2.121,1.1268,1.7819,0.90897
-4.323,-2.1344,-2.7789,-1.0193,-2.156,1.1568,1.8103,0.93392
-4.3546,-2.1658,-2.8029,-1.0508,-2.1903,1.1864,1.8377,0.95801
-4.3851,-2.1969,-2.8258,-1.0812,-2.2238,1.2156,1.8642,0.98127
-4.4145,-2.2276,-2.8475,-1.1108,-2.2566,1.2443,1.8898,1.0037
-4.4427,-2.2579,-2.868,-1.1393,-2.2887,1.2726,1.9145,1.0254
-4.4699,-2.2879,-2.8873,-1.167,-2.32,1.3006,1.9384,1.0464
-4.4959,-2.3175,-2.9056,-1.1938,-2.3508,1.3283,1.9614,1.0667
-4.5208,-2.3469,-2.9226,-1.2197,-2.3808,1.3557,1.9836,1.0863
-4.5446,-2.376,-2.9386,-1.2447,-2.4102,1.3828,2.005,1.1052
-4.5673,-2.4048,-2.9535,-1.2689,-2.439,1.4097,2.0256,1.1236
-4.5889,-2.4334,-2.9673,-1.2924,-2.4672,1.4364,2.0455,1.1414
-4.6094,-2.4617,-2.9801,-1.315,-2.4948,1.4629,2.0646,1.1586
-4.6288,-2.4898,-2.9918,-1.3369,-2.5219,1.4892,2.083,1.1754
-4.6471,-2.5176,-3.0025,-1.3582,-2.5484,1.5155,2.1007,1.1917
-4.6643,-2.5452,-3.0122,-1.3787,-2.5743,1.5417,2.1177,1.2075
-4.6804,-2.5727,-3.0209,-1.3986,-2.5998,1.5678,2.1341,1.223
-4.6955,-2.5999,-3.0287,-1.4178,-2.6248,1.5939,2.1498,1.238
-4.7094,-2.6269,-3.0355,-1.4364,-2.6492,1.62,2.165,1.2528
-4.7223,-2.6538,-3.0414,-1.4545,-2.6733,1.6461,2.1795,1.2672
-4.734,-2.6804,-3.0464,-1.472,-2.6968,1.6723,2.1935,1.2814
-4.7447,-2.7069,-3.0504,-1.4889,-2.72,1.6985,2.2069,1.2954
-4.7543,-2.7332,-3.0537,-1.5054,-2.7427,1.7248,2.2198,1.3091
-4.7628,-2.7592,-3.056,-1.5214,-2.765,1.7512,2.2321,1.3226
-4.7702,-2.7851,-3.0575,-1.537,-2.7869,1.7777,2.244,1.336
-4.7765,-2.8108,-3.0582,-1.5521,-2.8084,1.8043,2.2554,1.3493
-4.7818,-2.8363,-3.0581,-1.5668,-2.8296,1.8311,2.2664,1.3625
-4.7859,-2.8616,-3.0573,-1.5812,-2.8504,1.8581,2.2769,1.3756
-4.7889,-2.8866,-3.0556,-1.5952,-2.8708,1.8852,2.287,1.3886
-4.7908,-2.9115,-3.0532,-1.6089,-2.8909,1.9125,2.2966,1.4016
-4.7916,-2.936,-3.0501,-1.6223,-2.9106,1.94,2.3059,1.4147
-4.7913,-2.9604,-3.0463,-1.6354,-2.93,1.9677,2.3148,1.4277
-4.7899,-2.9845,-3.0417,-1.6482,-2.9491,1.9956,2.3234,1.4408
-4.7873,-3.0083,-3.0365,-1.6608,-2.9679,2.0237,2.3316,1.4539
-4.7836,-3.0318,-3.0306,-1.6731,-2.9863,2.0521,2.3394,1.4671
-4.7788,-3.055,-3.024,-1.6853,-3.0045,2.0806,2.3469,1.4804
-4.7729,-3.0779,-3.0168,-1.6972,-3.0223,2.1093,2.3541,1.4939
-4.7657,-3.1005,-3.009,-1.709,-3.0397,2.1383,2.361,1.5074
-4.7575,-3.1227,-3.0005,-1.7206,-3.0569,2.1675,2.3676,1.5211
-4.7481,-3.1445,-2.9915,-1.732,-3.0737,2.1968,2.3739,1.5349
-4.7375,-3.1659,-2.9818,-1.7434,-3.0903,2.2264,2.3799,1.5489
-4.7257,-3.1869,-2.9716,-1.7546,-3.1065,2.2561,2.3856,1.563
-4.7127,-3.2075,-2.9608,-1.7656,-3.1223,2.286,2.3911,1.5773
-4.6986,-3.2276,-2.9494,-1.7766,-3.1378,2.316,2.3962,1.5918
-4.6832,-3.2472,-2.9375,-1.7875,-3.153,2.3462,2.4012,1.6064
-4.6666,-3.2663,-2.9251,-1.7982,-3.1678,2.3765,2.4058,1.6213
-4.6489,-3.2848,-2.9121,-1.8089,-3.1823,2.407,2.4102,1.6363
-4.6299,-3.3028,-2.8986,-1.8196,-3.1964,2.4375,2.4144,1.6515
-4.6096,-3.3202,-2.8845,-1.8301,-3.2101,2.4681,2.4182,1.6669
-4.5881,-3.337,-2.87,-1.8406,-3.2234,2.4987,2.4219,1.6825
-4.5654,-3.3531,-2.855,-1.851,-3.2363,2.5294,2.4252,1.6982
-4.5414,-3.3685,-2.8395,-1.8613,-3.2488,2.56,2.4283,1.7141
-4.5161,-3.3833,-2.8234,-1.8715,-3.2608,2.5907,2.4312,1.7302
-4.4896,-3.3973,-2.8069,-1.8817,-3.2724,2.6213,2.4338,1.7464
-4.4617,-3.4105,-2.79,-1.8918,-3.2836,2.6518,2.4361,1.7628
-4.4326,-3.423,-2.7725,-1.9019,-3.2942,2.6822,2.4381,1.7794
-4.4021,-3.4346,-2.7546,-1.9118,-3.3044,2.7125,2.4399,1.796
-4.3704,-3.4454,-2.7362,-1.9217,-3.314,2.7426,2.4413,1.8128
-4.3373,-3.4553,-2.7174,-1.9315,-3.3231,2.7725,2.4425,1.8296
-4.3029,-3.4643,-2.6981,-1.9411,-3.3316,2.8021,2.4434,1.8466
-4.2672,-3.4724,-2.6783,-1.9507,-3.3396,2.8315,2.444,1.8636
-4.2301,-3.4795,-2.6581,-1.9602,-3.347,2.8606,2.4442,1.8807
-4.1916,-3.4855,-2.6374,-1.9695,-3.3537,2.8894,2.4442,1.8978
-4.1518,-3.4906,-2.6163,-1.9787,-3.3598,2.9178,2.4438,1.9149
-4.1107,-3.4946,-2.5948,-1.9877,-3.3653,2.9457,2.4431,1.932
-4.0681,-3.4975,-2.5727,-1.9966,-3.3701,2.9733,2.442,1.9491
-4.0242,-3.4993,-2.5503,-2.0053,-3.3741,3.0003,2.4406,1.9662
-3.9789,-3.5,-2.5274,-2.0138,-3.3775,3.0268,2.4387,1.9832
-3.9322,-3.4995,-2.5041,-2.0222,-3.3801,3.0528,2.4366,2
-3.8842,-3.4978,-2.4803,-2.0303,-3.3819,3.0781,2.434,2.0168
-3.8347,-3.4948,-2.456,-2.0382,-3.383,3.1028,2.431,2.0335
-3.7838,-3.4907,-2.4314,-2.0458,-3.3832,3.1268,2.4276,2.0499
-3.7316,-3.4852,-2.4062,-2.0532,-3.3826,3.1501,2.4237,2.0662
-3.6779,-3.4785,-2.3807,-2.0603,-3.3811,3.1727,2.4195,2.0823
-3.6228,-3.4704,-2.3547,-2.0671,-3.3787,3.1944,2.4147,2.0981
-3.5664,-3.461,-2.3282,-2.0736,-3.3754,3.2153,2.4095,2.1137
-3.5085,-3.4502,-2.3013,-2.0797,-3.3712,3.2353,2.4039,2.1289
-3.4492,-3.438,-2.274,-2.0855,-3.366,3.2544,2.3977,2.1439
-3.3885,-3.4244,-2.2462,-2.091,-3.3598,3.2725,2.391,2.1584
-3.3265,-3.4094,-2.2179,-2.0961,-3.3526,3.2896,2.3838,2.1726
-3.263,-3.3929,-2.1892,-2.1007,-3.3444,3.3057,2.3761,2.1864
-3.1981,-3.375,-2.1601,-2.105,-3.3352,3.3207,2.3678,2.1998
-3.1318,-3.3556,-2.1305,-2.1088,-3.3249,3.3346,2.359,2.2127
-3.0642,-3.3346,-2.1004,-2.1121,-3.3135,3.3474,2.3496,2.2251
-2.9952,-3.3122,-2.0699,-2.115,-3.3009,3.3589,2.3397,2.237
-2.9248,-3.2883,-2.0389,-2.1173,-3.2873,3.3693,2.3291,2.2483
-2.8531,-3.2628,-2.0075,-2.1192,-3.2724,3.3784,2.318,2.259
-2.78,-3.2358,-1.9756,-2.1205,-3.2564,3.3861,2.3062,2.2692
-2.7056,-3.2072,-1.9433,-2.1212,-3.2393,3.3926,2.2938,2.2787
-2.6298,-3.177,-1.9105,-2.1214,-3.2209,3.3977,2.2807,2.2875
-2.5528,-3.1453,-1.8773,-2.121,-3.2012,3.4014,2.267,2.2957
-2.4744,-3.112,-1.8435,-2.12,-3.1803,3.4037,2.2527,2.3031
-2.3947,-3.0771,-1.8094,-2.1183,-3.1582,3.4046,2.2376,2.3098
-2.3138,-3.0407,-1.7747,-2.116,-3.1348,3.4039,2.2219,2.3158
-2.2317,-3.0026,-1.7397,-2.1131,-3.1101,3.4018,2.2055,2.3209
-2.1483,-2.963,-1.7041,-2.1095,-3.084,3.3981,2.1884,2.3252
-2.0636,-2.9218,-1.6681,-2.1052,-3.0567,3.3929,2.1706,2.3287
-1.9778,-2.8791,-1.6317,-2.1001,-3.028,3.386,2.152,2.3313
-1.8909,-2.8348,-1.5948,-2.0944,-2.998,3.3776,2.1328,2.333
-1.8027,-2.7889,-1.5574,-2.0879,-2.9666,3.3676,2.1128,2.3339
-1.7135,-2.7414,-1.5196,-2.0807,-2.9339,3.3559,2.0921,2.3338
-1.6231,-2.6925,-1.4814,-2.0727,-2.8998,3.3425,2.0706,2.3327
-1.5317,-2.6419,-1.4427,-2.0639,-2.8643,3.3275,2.0483,2.3307
-1.4392,-2.5899,-1.4035,-2.0543,-2.8274,3.3108,2.0253,2.3277
-1.3458,-2.5364,-1.3639,-2.0439,-2.7891,3.2924,2.0016,2.3237
-1.2513,-2.4814,-1.3239,-2.0328,-2.7495,3.2722,1.9771,2.3186
-1.1559,-2.4249,-1.2835,-2.0208,-2.7084,3.2503,1.9518,2.3126
-1.0596,-2.367,-1.2426,-2.008,-2.666,3.2267,1.9257,2.3055
-0.96236,-2.3077,-1.2013,-1.9943,-2.6221,3.2013,1.8989,2.2973
-0.86431,-2.247,-1.1596,-1.9798,-2.5769,3.1742,1.8713,2.2881
-0.76545,-2.1849,-1.1175,-1.9645,-2.5303,3.1453,1.843,2.2778
-0.66582,-2.1214,-1.075,-1.9483,-2.4823,3.1147,1.8138,2.2664
-0.56545,-2.0566,-1.032,-1.9312,-2.4329,3.0823,1.7839,2.2539
-0.4644,-1.9906,-0.98873,-1.9133,-2.3821,3.0481,1.7532,2.2403
-0.36271,-1.9233,-0.94503,-1.8946,-2.33,3.0122,1.7218,2.2256
-0.26041,-1.8547,-0.90096,-1.875,-2.2765,2.9746,1.6896,2.2098
-0.15755,-1.785,-0.85653,-1.8545,-2.2216,2.9352,1.6567,2.1929
-0.054186,-1.7141,-0.81173,-1.8332,-2.1654,2.894,1.623,2.1749
0.049641,-1.6421,-0.76659,-1.811,-2.1079,2.8512,1.5885,2.1558
0.15388,-1.569,-0.72112,-1.788,-2.0491,2.8066,1.5533,2.1356
0.25849,-1.4948,-0.67532,-1.7641,-1.989,2.7603,1.5174,2.1143
0.3634,-1.4197,-0.6292,-1.7394,-1.9276,2.7123,1.4808,2.0918
0.46857,-1.3435,-0.58278,-1.7138,-1.8649,2.6627,1.4435,2.0683
0.57395,-1.2665,-0.53607,-1.6875,-1.8011,2.6114,1.4055,2.0438
0.67948,-1.1886,-0.48909,-1.6603,-1.736,2.5585,1.3668,2.0181
0.78511,-1.1099,-0.44184,-1.6323,-1.6697,2.5039,1.3275,1.9914
0.89076,-1.0304,-0.39435,-1.6036,-1.6022,2.4478,1.2874,1.9636
0.9964,-0.95011,-0.34662,-1.574,-1.5336,2.3902,1.2468,1.9348
1.102,-0.86916,-0.29868,-1.5437,-1.4639,2.331,1.2055,1.905
1.2074,-0.78758,-0.25054,-1.5127,-1.3931,2.2703,1.1636,1.8743
1.3126,-0.70541,-0.20221,-1.4809,-1.3213,2.2081,1.1212,1.8425
1.4175,-0.6227,-0.15372,-1.4484,-1.2484,2.1445,1.0782,1.8098
1.5222,-0.5395,-0.10508,-1.4152,-1.1746,2.0796,1.0346,1.7761
1.6264,-0.45587,-0.05632,-1.3813,-1.0998,2.0132,0.9905,1.7415
1.7302,-0.37185,-0.0074477,-1.3468,-1.024,1.9455,0.9459,1.7061
1.8335,-0.2875,0.041511,-1.3117,-0.94744,1.8765,0.90083,1.6697
1.9361,-0.20287,0.090536,-1.2759,-0.87,1.8063,0.8553,1.6326
2.0382,-0.11802,0.13961,-1.2396,-0.79175,1.7349,0.80935,1.5946
2.1395,-0.033003,0.1887,-1.2027,-0.71275,1.6623,0.76299,1.5559
2.24,0.052133,0.23778,-1.1653,-0.63303,1.5886,0.71626,1.5164
2.3397,0.13733,0.28685,-1.1273,-0.55263,1.5138,0.66919,1.4762
2.4385,0.22253,0.33586,-1.0889,-0.4716,1.438,0.6218,1.4353
2.5363,0.30768,0.3848,-1.0501,-0.38999,1.3612,0.57411,1.3938
2.633,0.39273,0.43363,-1.0108,-0.30785,1.2835,0.52618,1.3517
2.7286,0.47762,0.48234,-0.97113,-0.22522,1.2049,0.47802,1.309
2.823,0.5623,0.53089,-0.93111,-0.14216,1.1255,0.42966,1.2657
2.9162,0.64671,0.57926,-0.89077,-0.058706,1.0453,0.38115,1.222
3.0081,0.7308,0.62742,-0.85013,0.025079,0.96446,0.33251,1.1778
3.0985,0.81451,0.67534,-0.80923,0.10915,0.88291,0.28379,1.1331
3.1875,0.8978,0.72299,-0.7681,0.19344,0.80076,0.23501,1.0881
3.275,0.9806,0.77034,-0.72678,0.2779,0.71806,0.18621,1.0428
3.3609,1.0629,0.81736,-0.68531,0.36249,0.63488,0.13743,0.99713
3.4452,1.1445,0.86402,-0.64371,0.44713,0.55126,0.088705,0.95123
3.5277,1.2256,0.91029,-0.60202,0.53178,0.46728,0.040078,0.90511
3.6085,1.3059,0.95613,-0.56028,0.61637,0.38298,-0.0084166,0.85882
3.6874,1.3855,1.0015,-0.51853,0.70085,0.29843,-0.056738,0.81241
3.7644,1.4643,1.0464,-0.47679,0.78515,0.21369,-0.10485,0.76592
3.8395,1.5423,1.0908,-0.43512,0.86923,0.12882,-0.1527,0.71938
3.9125,1.6194,1.1346,-0.39353,0.95301,0.043886,-0.20027,0.67285
3.9835,1.6956,1.1778,-0.35208,1.0364,-0.041057,-0.2475,0.62638
4.0523,1.7708,1.2204,-0.31079,1.1195,-0.12594,-0.29435,0.57999
4.1189,1.8449,1.2624,-0.26971,1.202,-0.21071,-0.34079,0.53375
4.1833,1.918,1.3036,-0.22887,1.284,-0.2953,-0.38677,0.48769
4.2454,1.99,1.3441,-0.18831,1.3654,-0.37965,-0.43225,0.44186
4.3052,2.0608,1.3839,-0.14805,1.4462,-0.46369,-0.47719,0.3963
4.3626,2.1304,1.4228,-0.10815,1.5262,-0.54736,-0.52155,0.35106
4.4175,2.1988,1.461,-0.068633,1.6055,-0.63061,-0.56529,0.30618
4.4699,2.2659,1.4982,-0.029535,1.6839,-0.71337,-0.60836,0.26171
4.5199,2.3317,1.5345,0.0091077,1.7614,-0.79557,-0.65072,0.21768
4.5672,2.3962,1.57,0.047261,1.8379,-0.87716,-0.69234,0.17414
4.612,2.4593,1.6044,0.08489,1.9134,-0.95808,-0.73317,0.13114
4.6541,2.521,1.6378,0.12196,1.9879,-1.0383,-0.77317,0.088704
4.6936,2.5812,1.6702,0.15844,2.0611,-1.1177,-0.8123,0.046885
4.7303,2.64,1.7015,0.1943,2.1332,-1.1962,-0.85052,0.005719
4.7644,2.6972,1.7317,0.2295,2.204,-1.2738,-0.88779,-0.034754
4.7956,2.753,1.7607,0.26402,2.2735,-1.3505,-0.92408,-0.074495
4.8241,2.8072,1.7886,0.29782,2.3416,-1.4262,-0.95935,-0.11347
4.8498,2.8598,1.8153,0.33088,2.4083,-1.5007,-0.99355,-0.15163
4.8727,2.9108,1.8407,0.36316,2.4735,-1.5742,-1.0267,-0.18896
4.8927,2.9602,1.8648,0.39464,2.5371,-1.6464,-1.0586,-0.22541
4.9099,3.0079,1.8877,0.42529,2.5992,-1.7174,-1.0894,-0.26095
4.9242,3.054,1.9092,0.45509,2.6596,-1.7872,-1.119,-0.29554
4.9357,3.0984,1.9293,0.484,2.7183,-1.8555,-1.1474,-0.32917
4.9443,3.1411,1.9481,0.51201,2.7753,-1.9225,-1.1745,-0.36179
4.95,3.1821,1.9654,0.5391,2.8304,-1.9881,-1.2003,-0.39338
4.9528,3.2214,1.9813,0.56523,2.8837,-2.0522,-1.2248,-0.42391
4.9528,3.259,1.9957,0.5904,2.9352,-2.1147,-1.2479,-0.45335
4.9499,3.2948,2.0086,0.61457,2.9847,-2.1757,-1.2696,-0.48169
4.9442,3.3289,2.02,0.63774,3.0322,-2.235,-1.29,-0.50888
4.9356,3.3613,2.0299,0.65989,3.0777,-2.2927,-1.3089,-0.53493
4.9241,3.3919,2.0382,0.68099,3.1212,-2.3487,-1.3263,-0.55979
4.9099,3.4207,2.0449,0.70103,3.1626,-2.403,-1.3423,-0.58346
4.8929,3.4478,2.05,0.72,3.2018,-2.4555,-1.3567,-0.60592
4.8731,3.4731,2.0535,0.73789,3.2389,-2.5062,-1.3697,-0.62715
4.8505,3.4967,2.0554,0.75469,3.2738,-2.5551,-1.3811,-0.64713
4.8253,3.5185,2.0556,0.77038,3.3065,-2.6021,-1.3909,-0.66586
4.7973,3.5385,2.0542,0.78495,3.337,-2.6472,-1.3992,-0.68332
4.7667,3.5569,2.0511,0.79841,3.3652,-2.6904,-1.4059,-0.6995
4.7335,3.5734,2.0463,0.81073,3.3911,-2.7316,-1.411,-0.71439
4.6977,3.5883,2.0398,0.82193,3.4147,-2.7709,-1.4146,-0.72799
4.6594,3.6014,2.0316,0.83199,3.436,-2.8081,-1.4165,-0.74029
4.6185,3.6129,2.0218,0.84091,3.4549,-2.8434,-1.4168,-0.75129
4.5752,3.6226,2.0102,0.84869,3.4714,-2.8766,-1.4154,-0.76098
4.5295,3.6306,1.9969,0.85533,3.4856,-2.9077,-1.4125,-0.76937
4.4815,3.637,1.9819,0.86083,3.4975,-2.9368,-1.4079,-0.77646
4.4311,3.6417,1.9651,0.86519,3.5069,-2.9638,-1.4017,-0.78225
4.3785,3.6448,1.9467,0.86842,3.5139,-2.9888,-1.3939,-0.78674
4.3237,3.6462,1.9266,0.87053,3.5186,-3.0116,-1.3845,-0.78993
4.2668,3.646,1.9048,0.87151,3.5208,-3.0323,-1.3735,-0.79185
4.2078,3.6443,1.8813,0.87138,3.5207,-3.0509,-1.3608,-0.79249
4.1467,3.6409,1.8561,0.87015,3.5182,-3.0674,-1.3466,-0.79187
4.0838,3.6361,1.8292,0.86782,3.5133,-3.0818,-1.3308,-0.78999
4.0189,3.6296,1.8007,0.8644,3.506,-3.0941,-1.3134,-0.78688
3.9522,3.6217,1.7706,0.85992,3.4964,-3.1042,-1.2945,-0.78254
3.8838,3.6123,1.7388,0.85438,3.4844,-3.1123,-1.274,-0.77699
3.8136,3.6014,1.7054,0.84779,3.4701,-3.1182,-1.252,-0.77025
3.7419,3.5891,1.6705,0.84017,3.4535,-3.122,-1.2285,-0.76233
3.6686,3.5754,1.634,0.83154,3.4346,-3.1238,-1.2036,-0.75327
3.5939,3.5602,1.5959,0.82191,3.4135,-3.1235,-1.1771,-0.74307
3.5177,3.5437,1.5564,0.81131,3.3901,-3.1211,-1.1493,-0.73176
3.4403,3.5258,1.5153,0.79975,3.3644,-3.1167,-1.12,-0.71936
3.3616,3.5067,1.4728,0.78725,3.3366,-3.1102,-1.0894,-0.70591
3.2817,3.4862,1.4289,0.77383,3.3067,-3.1017,-1.0574,-0.69141
3.2007,3.4644,1.3836,0.75952,3.2746,-3.0913,-1.0241,-0.6759
3.1187,3.4414,1.3369,0.74434,3.2405,-3.0788,-0.98948,-0.65941
3.0358,3.4172,1.2889,0.7283,3.2043,-3.0644,-0.95363,-0.64197
2.952,3.3918,1.2396,0.71144,3.1661,-3.0481,-0.91657,-0.6236
2.8675,3.3652,1.189,0.69378,3.1259,-3.0299,-0.87832,-0.60433
2.7822,3.3374,1.1372,0.67534,3.0838,-3.0098,-0.83893,-0.58419
2.6963,3.3086,1.0843,0.65616,3.0398,-2.9879,-0.79844,-0.56322
2.6099,3.2786,1.0302,0.63625,2.9941,-2.9641,-0.75688,-0.54145
2.523,3.2476,0.97504,0.61564,2.9465,-2.9386,-0.71429,-0.5189
2.4357,3.2155,0.91883,0.59436,2.8972,-2.9113,-0.67072,-0.49562
2.3481,3.1824,0.86162,0.57244,2.8462,-2.8823,-0.62621,-0.47163
2.2602,3.1483,0.80346,0.5499,2.7936,-2.8517,-0.5808,-0.44696
2.1722,3.1132,0.74439,0.52678,2.7395,-2.8193,-0.53454,-0.42166
2.0842,3.0772,0.68447,0.50311,2.6838,-2.7854,-0.48747,-0.39576
1.9961,3.0403,0.62374,0.4789,2.6266,-2.7499,-0.43965,-0.36928
1.9081,3.0025,0.56226,0.45419,2.5681,-2.7129,-0.39111,-0.34227
1.8202,2.9637,0.50008,0.42902,2.5083,-2.6744,-0.34191,-0.31476
1.7326,2.9242,0.43725,0.4034,2.4471,-2.6344,-0.29209,-0.28678
1.6452,2.8838,0.37382,0.37737,2.3848,-2.5931,-0.2417,-0.25837
1.5582,2.8426,0.30985,0.35096,2.3213,-2.5503,-0.1908,-0.22956
1.4716,2.8006,0.24539,0.3242,2.2567,-2.5063,-0.13943,-0.20039
1.3856,2.7578,0.18051,0.29711,2.1911,-2.461,-0.087641,-0.17088
1.3001,2.7143,0.11524,0.26972,2.1245,-2.4144,-0.035485,-0.14108
1.2152,2.6701,0.049655,0.24207,2.057,-2.3667,0.016987,-0.11102
1.131,2.6251,-0.016194,0.21418,1.9887,-2.3178,0.069724,-0.080726
1.0476,2.5795,-0.082248,0.18609,1.9197,-2.2678,0.12268,-0.050235
0.96504,2.5332,-0.14845,0.15781,1.8499,-2.2168,0.17579,-0.019578
0.88334,2.4863,-0.21474,0.12937,1.7796,-2.1648,0.22902,0.011213
0.80258,2.4387,-0.28107,0.10082,1.7086,-2.1118,0.28231,0.042108
0.72282,2.3905,-0.34737,0.07216,1.6372,-2.058,0.33561,0.073075
0.64411,2.3418,-0.41359,0.043431,1.5654,-2.0032,0.38887,0.10409
0.56651,2.2924,-0.47967,0.014656,1.4932,-1.9477,0.44205,0.13511
0.49007,2.2425,-0.54555,-0.01414,1.4207,-1.8914,0.49508,0.16612
0.41484,2.1921,-0.61118,-0.04293,1.348,-1.8344,0.54793,0.19709
0.34087,2.1411,-0.67649,-0.071691,1.2751,-1.7767,0.60053,0.22799
0.26819,2.0896,-0.74144,-0.1004,1.2021,-1.7184,0.65286,0.2588
0.19686,2.0376,-0.80596,-0.12903,1.1291,-1.6596,0.70485,0.28949
0.12691,1.9851,-0.87,-0.15756,1.0562,-1.6002,0.75646,0.32003
0.058392,1.9322,-0.93351,-0.18597,0.98333,-1.5404,0.80765,0.35041
-0.008665,1.8788,-0.99642,-0.21423,0.91065,-1.4801,0.85836,0.3806
-0.074224,1.8249,-1.0587,-0.24234,0.83821,-1.4194,0.90856,0.41057
-0.13825,1.7707,-1.1203,-0.27025,0.76605,-1.3585,0.9582,0.44032
-0.20072,1.716,-1.1811,-0.29797,0.69424,-1.2972,1.0072,0.46982
-0.26159,1.6609,-1.2411,-0.32546,0.62285,-1.2357,1.0556,0.49905
-0.32085,1.6054,-1.3003,-0.35271,0.55193,-1.174,1.1034,0.52799
-0.37846,1.5496,-1.3585,-0.3797,0.48155,-1.1122,1.1503,0.55663
-0.43441,1.4934,-1.4159,-0.40642,0.41174,-1.0502,1.1966,0.58495
-0.48867,1.4368,-1.4722,-0.43285,0.34258,-0.98818,1.242,0.61294
-0.54123,1.38,-1.5274,-0.45898,0.27412,-0.92615,1.2866,0.64059
-0.59208,1.3227,-1.5816,-0.48479,0.2064,-0.86414,1.3303,0.66787
-0.64119,1.2652,-1.6347,-0.51027,0.13948,-0.8022,1.3731,0.69479
-0.68855,1.2074,-1.6866,-0.5354,0.073415,-0.74037,1.415,0.72132
-0.73417,1.1493,-1.7372,-0.56018,0.0082431,-0.67868,1.456,0.74747
-0.77802,1.0909,-1.7866,-0.58459,-0.055985,-0.61717,1.4959,0.77322
-0.82011,1.0323,-1.8347,-0.60863,-0.11923,-0.5559,1.5348,0.79856
-0.86043,0.9734,-1.8815,-0.63228,-0.18143,-0.49488,1.5726,0.82349
-0.89898,0.91429,-1.9269,-0.65554,-0.24257,-0.43416,1.6094,0.84801
-0.93576,0.85495,-1.9709,-0.67839,-0.30259,-0.37378,1.6451,0.8721
-0.97078,0.7954,-2.0134,-0.70084,-0.36147,-0.31377,1.6797,0.89577
-1.004,0.73566,-2.0545,-0.72287,-0.41916,-0.25416,1.7131,0.919
-1.0356,0.67574,-2.0941,-0.74448,-0.47563,-0.19499,1.7454,0.94181
-1.0653,0.61565,-2.1322,-0.76566,-0.53084,-0.13629,1.7764,0.96418
-1.0934,0.55541,-2.1687,-0.78642,-0.58478,-0.078087,1.8063,0.98612
-1.1197,0.49504,-2.2037,-0.80674,-0.6374,-0.020416,1.835,1.0076
-1.1443,0.43453,-2.237,-0.82662,-0.68869,0.036697,1.8625,1.0287
-1.1672,0.37393,-2.2688,-0.84606,-0.73862,0.093221,1.8887,1.0494
-1.1885,0.31323,-2.2988,-0.86507,-0.78716,0.14913,1.9137,1.0696
-1.2081,0.25245,-2.3273,-0.88363,-0.83431,0.2044,1.9374,1.0894
-1.226,0.19161,-2.354,-0.90175,-0.88003,0.25901,1.9599,1.1088
-1.2424,0.13073,-2.3791,-0.91943,-0.92431,0.31292,1.9811,1.1277
-1.2572,0.069816,-2.4025,-0.93666,-0.96715,0.36613,2.0011,1.1463
-1.2704,0.0088951,-2.4242,-0.95345,-1.0085,0.4186,2.0198,1.1644
-1.2822,-0.052018,-2.4441,-0.96981,-1.0484,0.47032,2.0372,1.1822
-1.2924,-0.11291,-2.4623,-0.98573,-1.0868,0.52126,2.0533,1.1995
-1.3011,-0.17375,-2.4788,-1.0012,-1.1238,0.57141,2.0682,1.2165
-1.3085,-0.23453,-2.4935,-1.0163,-1.1592,0.62075,2.0818,1.2331
-1.3144,-0.29523,-2.5065,-1.0309,-1.1931,0.66927,2.0942,1.2493
-1.3189,-0.35583,-2.5178,-1.0451,-1.2256,0.71695,2.1053,1.2651
-1.3222,-0.41631,-2.5273,-1.0588,-1.2566,0.76377,2.1151,1.2806
-1.3241,-0.47665,-2.535,-1.0722,-1.286,0.80972,2.1237,1.2957
-1.3248,-0.53682,-2.5411,-1.0851,-1.314,0.8548,2.1311,1.3105
-1.3243,-0.59681,-2.5454,-1.0977,-1.3405,0.89898,2.1372,1.325
-1.3226,-0.6566,-2.5479,-1.1098,-1.3656,0.94227,2.1422,1.3392
-1.3197,-0.71616,-2.5488,-1.1215,-1.3892,0.98464,2.1459,1.353
-1.3158,-0.77547,-2.5479,-1.1328,-1.4114,1.0261,2.1485,1.3665
-1.3108,-0.83451,-2.5454,-1.1438,-1.4321,1.0666,2.1499,1.3797
-1.3048,-0.89326,-2.5412,-1.1543,-1.4514,1.1062,2.1501,1.3927
-1.2979,-0.95169,-2.5352,-1.1645,-1.4693,1.1449,2.1492,1.4053
-1.29,-1.0098,-2.5277,-1.1743,-1.4859,1.1826,2.1472,1.4177
-1.2813,-1.0675,-2.5185,-1.1837,-1.5011,1.2194,2.1441,1.4298
-1.2717,-1.1248,-2.5076,-1.1928,-1.515,1.2553,2.1399,1.4416
-1.2614,-1.1818,-2.4952,-1.2015,-1.5276,1.2901,2.1347,1.4532
-1.2503,-1.2382,-2.4812,-1.2098,-1.5389,1.3241,2.1284,1.4646
-1.2385,-1.2943,-2.4656,-1.2178,-1.5489,1.3571,2.1211,1.4757
-1.2261,-1.3498,-2.4485,-1.2255,-1.5578,1.3892,2.1128,1.4866
-1.2131,-1.4048,-2.4299,-1.2328,-1.5654,1.4203,2.1035,1.4973
-1.1996,-1.4593,-2.4097,-1.2397,-1.5719,1.4505,2.0933,1.5077
-1.1855,-1.5133,-2.3881,-1.2464,-1.5772,1.4797,2.0822,1.518
-1.171,-1.5666,-2.3651,-1.2527,-1.5815,1.5081,2.0702,1.528
-1.1561,-1.6193,-2.3407,-1.2587,-1.5846,1.5355,2.0573,1.5379
-1.1409,-1.6714,-2.3148,-1.2643,-1.5868,1.5619,2.0435,1.5475
-1.1253,-1.7229,-2.2876,-1.2697,-1.5879,1.5875,2.0289,1.5569
-1.1095,-1.7736,-2.2591,-1.2747,-1.5881,1.6122,2.0135,1.5662
-1.0934,-1.8236,-2.2293,-1.2794,-1.5874,1.636,1.9974,1.5752
-1.0772,-1.8729,-2.1983,-1.2838,-1.5858,1.6588,1.9805,1.5841
-1.0609,-1.9214,-2.1659,-1.288,-1.5833,1.6809,1.9629,1.5928
-1.0445,-1.9692,-2.1324,-1.2917,-1.58,1.702,1.9445,1.6013
-1.028,-2.0161,-2.0978,-1.2952,-1.576,1.7223,1.9256,1.6097
-1.0116,-2.0622,-2.062,-1.2984,-1.5712,1.7418,1.906,1.6178
-0.99522,-2.1074,-2.0251,-1.3013,-1.5658,1.7604,1.8857,1.6258
-0.97896,-2.1518,-1.9871,-1.3039,-1.5597,1.7782,1.8649,1.6335
-0.96284,-2.1952,-1.9481,-1.3062,-1.553,1.7952,1.8435,1.6411
-0.94691,-2.2377,-1.9082,-1.3082,-1.5457,1.8114,1.8217,1.6485
-0.93121,-2.2793,-1.8672,-1.3099,-1.5379,1.8268,1.7992,1.6557
-0.91579,-2.3199,-1.8254,-1.3112,-1.5296,1.8415,1.7764,1.6628
-0.90068,-2.3595,-1.7826,-1.3123,-1.5209,1.8554,1.753,1.6696
-0.88592,-2.398,-1.7391,-1.3131,-1.5118,1.8685,1.7293,1.6762
-0.87155,-2.4356,-1.6947,-1.3135,-1.5023,1.881,1.7051,1.6826
-0.85761,-2.472,-1.6495,-1.3137,-1.4925,1.8927,1.6806,1.6888
-0.84415,-2.5074,-1.6037,-1.3135,-1.4824,1.9038,1.6558,1.6948
-0.83118,-2.5417,-1.5571,-1.313,-1.4721,1.9141,1.6306,1.7005
-0.81875,-2.5749,-1.5099,-1.3122,-1.4616,1.9239,1.6051,1.706
-0.80689,-2.607,-1.462,-1.3111,-1.4509,1.9329,1.5793,1.7113
-0.79564,-2.6379,-1.4136,-1.3097,-1.4401,1.9414,1.5533,1.7163
-0.78502,-2.6676,-1.3646,-1.3079,-1.4292,1.9492,1.5271,1.7211
-0.77508,-2.6962,-1.3151,-1.3058,-1.4183,1.9565,1.5007,1.7255
-0.76583,-2.7236,-1.2652,-1.3033,-1.4073,1.9632,1.4741,1.7298
-0.7573,-2.7497,-1.2148,-1.3005,-1.3964,1.9693,1.4474,1.7337
-0.74953,-2.7747,-1.164,-1.2974,-1.3855,1.9749,1.4205,1.7373
-0.74253,-2.7984,-1.1129,-1.2939,-1.3748,1.9799,1.3935,1.7407
-0.73634,-2.8209,-1.0615,-1.29,-1.3642,1.9845,1.3665,1.7437
-0.73098,-2.8421,-1.0098,-1.2858,-1.3537,1.9885,1.3393,1.7464
-0.72646,-2.862,-0.95784,-1.2812,-1.3434,1.9921,1.3122,1.7487
-0.72281,-2.8807,-0.90568,-1.2762,-1.3334,1.9952,1.285,1.7507
-0.72005,-2.8981,-0.85336,-1.2709,-1.3236,1.9979,1.2578,1.7523
-0.7182,-2.9143,-0.8009,-1.2652,-1.3142,2.0002,1.2306,1.7536
-0.71727,-2.9291,-0.74835,-1.2591,-1.305,2.0021,1.2035,1.7545
-0.71729,-2.9427,-0.69573,-1.2525,-1.2962,2.0036,1.1764,1.755
-0.71825,-2.9549,-0.64309,-1.2456,-1.2877,2.0047,1.1494,1.7551
-0.72018,-2.9659,-0.59046,-1.2383,-1.2797,2.0055,1.1224,1.7547
-0.72308,-2.9755,-0.53787,-1.2306,-1.2721,2.0059,1.0956,1.754
-0.72697,-2.9839,-0.48535,-1.2225,-1.2649,2.006,1.0689,1.7528
-0.73185,-2.9909,-0.43295,-1.2139,-1.2582,2.0058,1.0424,1.7511
-0.73774,-2.9967,-0.38069,-1.2049,-1.252,2.0053,1.0159,1.749
-0.74462,-3.0012,-0.32861,-1.1955,-1.2462,2.0045,0.98971,1.7464
-0.75252,-3.0043,-0.27674,-1.1857,-1.2411,2.0035,0.96364,1.7434
-0.76143,-3.0062,-0.2251,-1.1754,-1.2364,2.0023,0.93778,1.7398
-0.77134,-3.0068,-0.17374,-1.1647,-1.2323,2.0008,0.91212,1.7358
-0.78227,-3.0062,-0.12268,-1.1536,-1.2288,1.9991,0.88668,1.7312
-0.79421,-3.0042,-0.071945,-1.142,-1.2259,1.9972,0.86147,1.7261
-0.80715,-3.001,-0.021576,-1.1299,-1.2236,1.9952,0.8365,1.7204
-0.82109,-2.9966,0.028402,-1.1175,-1.2218,1.9929,0.81179,1.7143
-0.83602,-2.9909,0.077962,-1.1045,-1.2207,1.9905,0.78735,1.7076
-0.85193,-2.984,0.12708,-1.0911,-1.2203,1.988,0.76317,1.7003
-0.86881,-2.9759,0.17571,-1.0773,-1.2204,1.9853,0.73928,1.6924
-0.88666,-2.9666,0.22385,-1.0629,-1.2212,1.9826,0.71569,1.684
-0.90546,-2.956,0.27147,-1.0482,-1.2227,1.9797,0.69239,1.675
-0.92519,-2.9444,0.31853,-1.033,-1.2248,1.9767,0.6694,1.6655
-0.94584,-2.9315,0.36501,-1.0173,-1.2276,1.9736,0.64673,1.6553
-0.9674,-2.9175,0.41089,-1.0011,-1.231,1.9705,0.62438,1.6446
-0.98984,-2.9024,0.45615,-0.98456,-1.235,1.9673,0.60236,1.6332
-1.0131,-2.8862,0.50076,-0.96752,-1.2397,1.9641,0.58067,1.6213
-1.0373,-2.8689,0.54471,-0.95002,-1.2451,1.9608,0.55932,1.6087
-1.0623,-2.8506,0.58796,-0.93208,-1.2511,1.9575,0.53832,1.5956
-1.088,-2.8311,0.6305,-0.91369,-1.2577,1.9542,0.51767,1.5818
-1.1146,-2.8107,0.67231,-0.89486,-1.265,1.9509,0.49737,1.5675
-1.1418,-2.7893,0.71337,-0.87559,-1.2728,1.9475,0.47743,1.5525
-1.1699,-2.7668,0.75366,-0.85589,-1.2813,1.9442,0.45785,1.537
-1.1985,-2.7434,0.79316,-0.83575,-1.2904,1.9408,0.43863,1.5208
-1.2279,-2.7191,0.83186,-0.81519,-1.3001,1.9375,0.41978,1.504
-1.2579,-2.6939,0.86974,-0.79421,-1.3104,1.9342,0.40129,1.4866
-1.2885,-2.6677,0.90678,-0.77281,-1.3213,1.931,0.38317,1.4687
-1.3196,-2.6407,0.94296,-0.75101,-1.3327,1.9277,0.36543,1.4501
-1.3513,-2.6129,0.97829,-0.7288,-1.3446,1.9245,0.34805,1.4309
-1.3835,-2.5842,1.0127,-0.7062,-1.3571,1.9213,0.33104,1.4112
-1.4162,-2.5548,1.0463,-0.68321,-1.3701,1.9182,0.3144,1.3909
-1.4492,-2.5245,1.0789,-0.65983,-1.3835,1.9151,0.29813,1.37
-1.4827,-2.4936,1.1107,-0.63609,-1.3975,1.9121,0.28223,1.3486
-1.5165,-2.4619,1.1415,-0.61197,-1.4119,1.9091,0.2667,1.3266
-1.5506,-2.4295,1.1713,-0.5875,-1.4267,1.9061,0.25153,1.304
-1.585,-2.3965,1.2003,-0.56268,-1.4419,1.9032,0.23673,1.2809
-1.6196,-2.3628,1.2282,-0.53753,-1.4576,1.9004,0.22228,1.2573
-1.6545,-2.3285,1.2553,-0.51204,-1.4736,1.8975,0.2082,1.2332
-1.6894,-2.2936,1.2813,-0.48623,-1.4899,1.8948,0.19446,1.2085
-1.7245,-2.2582,1.3064,-0.46011,-1.5065,1.8921,0.18108,1.1834
-1.7597,-2.2222,1.3305,-0.43368,-1.5235,1.8894,0.16805,1.1577
-1.7948,-2.1858,1.3536,-0.40697,-1.5407,1.8867,0.15535,1.1316
-1.83,-2.1488,1.3757,-0.37997,-1.5582,1.8841,0.143,1.105
-1.865,-2.1115,1.3969,-0.3527,-1.5759,1.8815,0.13098,1.078
-1.9,-2.0736,1.4171,-0.32516,-1.5937,1.8789,0.11928,1.0505
-1.9349,-2.0354,1.4362,-0.29738,-1.6118,1.8764,0.10791,1.0226
-1.9695,-1.9968,1.4544,-0.26935,-1.6299,1.8739,0.096849,0.99433
-2.0039,-1.9579,1.4716,-0.2411,-1.6482,1.8713,0.086099,0.96562
-2.038,-1.9187,1.4878,-0.21262,-1.6666,1.8688,0.07565,0.93652
-2.0718,-1.8791,1.503,-0.18393,-1.685,1.8663,0.065497,0.90705
-2.1052,-1.8393,1.5172,-0.15504,-1.7035,1.8637,0.055631,0.87722
-2.1382,-1.7992,1.5305,-0.12596,-1.7219,1.8612,0.046045,0.84705
-2.1707,-1.759,1.5428,-0.096704,-1.7403,1.8586,0.03673,0.81655
-2.2028,-1.7185,1.5541,-0.067277,-1.7587,1.8559,0.027679,0.78574
-2.2343,-1.6778,1.5644,-0.037692,-1.7769,1.8532,0.018881,0.75462
-2.2652,-1.637,1.5738,-0.0079568,-1.795,1.8505,0.010329,0.72322
-2.2954,-1.5961,1.5823,0.021917,-1.813,1.8476,0.0020129,0.69155
-2.325,-1.5551,1.5898,0.05192,-1.8308,1.8447,-0.006077,0.65962
-2.3539,-1.514,1.5963,0.082042,-1.8484,1.8418,-0.01395,0.62745
-2.3821,-1.4729,1.602,0.11227,-1.8658,1.8387,-0.021618,0.59506
-2.4094,-1.4317,1.6067,0.14261,-1.8829,1.8355,-0.029089,0.56245
-2.4359,-1.3905,1.6105,0.17303,-1.8997,1.8321,-0.036376,0.52964
-2.4615,-1.3494,1.6135,0.20354,-1.9162,1.8287,-0.043489,0.49665
-2.4862,-1.3082,1.6156,0.23411,-1.9323,1.825,-0.050439,0.46349
-2.51,-1.2672,1.6168,0.26476,-1.948,1.8213,-0.057237,0.43018
-2.5328,-1.2262,1.6172,0.29545,-1.9634,1.8173,-0.063896,0.39672
-2.5545,-1.1853,1.6167,0.3262,-1.9783,1.8132,-0.070428,0.36314
-2.5752,-1.1445,1.6154,0.35698,-1.9927,1.8089,-0.076844,0.32945
-2.5947,-1.1039,1.6134,0.38779,-2.0066,1.8043,-0.083157,0.29565
-2.6132,-1.0634,1.6105,0.41863,-2.0201,1.7996,-0.089379,0.26178
-2.6305,-1.0231,1.6069,0.44948,-2.033,1.7946,-0.095524,0.22783
-2.6466,-0.98298,1.6026,0.48033,-2.0453,1.7894,-0.1016,0.19382
-2.6614,-0.94309,1.5975,0.51119,-2.0571,1.7839,-0.10763,0.15976
-2.675,-0.90344,1.5917,0.54203,-2.0682,1.7781,-0.11362,0.12568
-2.6874,-0.86405,1.5852,0.57286,-2.0787,1.7721,-0.11958,0.091567
-2.6984,-0.82492,1.5781,0.60367,-2.0885,1.7657,-0.12553,0.05745
-2.7081,-0.78608,1.5703,0.63444,-2.0977,1.7591,-0.13148,0.023337
-2.7164,-0.74755,1.5619,0.66518,-2.1061,1.7521,-0.13745,-0.010761
-2.7233,-0.70933,1.553,0.69587,-2.1138,1.7448,-0.14344,-0.044831
-2.7288,-0.67146,1.5434,0.7265,-2.1208,1.7372,-0.14948,-0.078864
-2.7329,-0.63394,1.5333,0.75708,-2.127,1.7292,-0.15557,-0.11285
-2.7355,-0.59679,1.5227,0.78759,-2.1325,1.7209,-0.16173,-0.14677
-2.7367,-0.56003,1.5115,0.81803,-2.1371,1.7122,-0.16797,-0.18062
-2.7364,-0.52367,1.4999,0.84838,-2.1409,1.7031,-0.17431,-0.21439
-2.7345,-0.48772,1.4879,0.87865,-2.1439,1.6936,-0.18075,-0.24806
-2.7312,-0.4522,1.4754,0.90882,-2.1461,1.6838,-0.18732,-0.28164
-2.7263,-0.41713,1.4625,0.93889,-2.1474,1.6735,-0.19403,-0.3151
-2.7199,-0.38252,1.4493,0.96885,-2.1478,1.6628,-0.20089,-0.34844
-2.7119,-0.34838,1.4357,0.99869,-2.1474,1.6517,-0.20791,-0.38165
-2.7024,-0.31473,1.4218,1.0284,-2.146,1.6401,-0.21511,-0.41473
-2.6913,-0.28157,1.4076,1.058,-2.1438,1.6282,-0.22249,-0.44765
-2.6786,-0.24893,1.3931,1.0874,-2.1406,1.6157,-0.23008,-0.48041
-2.6643,-0.21681,1.3785,1.1167,-2.1365,1.6029,-0.23788,-0.51301
-2.6485,-0.18522,1.3636,1.1459,-2.1315,1.5896,-0.2459,-0.54544
-2.631,-0.15418,1.3485,1.1748,-2.1255,1.5758,-0.25417,-0.57768
-2.612,-0.1237,1.3333,1.2036,-2.1186,1.5616,-0.26269,-0.60974
-2.5913,-0.093791,1.318,1.2322,-2.1107,1.547,-0.27146,-0.64159
-2.5691,-0.06446,1.3025,1.2606,-2.1019,1.5318,-0.28052,-0.67324
-2.5453,-0.035719,1.287,1.2889,-2.0921,1.5163,-0.28985,-0.70468
-2.5199,-0.007577,1.2715,1.3169,-2.0814,1.5002,-0.29948,-0.7359
-2.4929,0.019955,1.256,1.3446,-2.0698,1.4837,-0.30942,-0.76689
-2.4644,0.04687,1.2405,1.3722,-2.0571,1.4668,-0.31966,-0.79765
-2.4343,0.073158,1.225,1.3995,-2.0435,1.4494,-0.33024,-0.82817
-2.4026,0.098812,1.2097,1.4265,-2.029,1.4315,-0.34115,-0.85844
-2.3694,0.12382,1.1944,1.4533,-2.0135,1.4132,-0.3524,-0.88846
-2.3346,0.14819,1.1793,1.4798,-1.9971,1.3944,-0.364,-0.91822
-2.2984,0.17189,1.1643,1.5061,-1.9797,1.3752,-0.37596,-0.94771
-2.2606,0.19493,1.1495,1.532,-1.9614,1.3556,-0.38828,-0.97693
-2.2214,0.21731,1.1349,1.5576,-1.9422,1.3355,-0.40098,-1.0059
-2.1807,0.23901,1.1206,1.5829,-1.922,1.3151,-0.41405,-1.0345
-2.1385,0.26004,1.1065,1.6079,-1.9009,1.2942,-0.42751,-1.0629
-2.0949,0.28038,1.0928,1.6325,-1.8789,1.2728,-0.44136,-1.091
-2.0498,0.30004,1.0793,1.6567,-1.8561,1.2511,-0.45561,-1.1188
-2.0034,0.31901,1.0662,1.6806,-1.8323,1.229,-0.47026,-1.1462
-1.9556,0.33728,1.0534,1.704,-1.8077,1.2066,-0.48531,-1.1734
-1.9065,0.35487,1.0411,1.7271,-1.7822,1.1837,-0.50076,-1.2002
-1.856,0.37176,1.0291,1.7498,-1.7559,1.1605,-0.51663,-1.2267
-1.8042,0.38795,1.0176,1.772,-1.7288,1.1369,-0.5329,-1.2529
-1.7512,0.40346,1.0066,1.7937,-1.7008,1.1131,-0.54959,-1.2788
-1.6969,0.41826,0.99602,1.8151,-1.672,1.0888,-0.56669,-1.3043
-1.6414,0.43238,0.98595,1.8359,-1.6425,1.0643,-0.58421,-1.3295
-1.5847,0.44581,0.9764,1.8562,-1.6122,1.0395,-0.60213,-1.3543
-1.5268,0.45855,0.96738,1.8761,-1.5811,1.0144,-0.62047,-1.3788
-1.4678,0.4706,0.95892,1.8954,-1.5493,0.98904,-0.63923,-1.4029
-1.4078,0.48198,0.95103,1.9142,-1.5168,0.96342,-0.65838,-1.4267
-1.3466,0.49268,0.94372,1.9324,-1.4835,0.93756,-0.67795,-1.4501
-1.2844,0.50271,0.93702,1.95,-1.4497,0.91147,-0.69792,-1.4731
-1.2212,0.51208,0.93094,1.9671,-1.4151,0.88518,-0.71828,-1.4957
-1.1571,0.5208,0.92549,1.9836,-1.3799,0.85869,-0.73904,-1.518
-1.092,0.52887,0.92069,1.9994,-1.3441,0.83202,-0.76019,-1.5399
-1.026,0.53631,0.91654,2.0147,-1.3077,0.80519,-0.78172,-1.5613
-0.95918,0.54311,0.91305,2.0293,-1.2707,0.77822,-0.80362,-1.5824
-0.89152,0.5493,0.91025,2.0432,-1.2332,0.75112,-0.8259,-1.6031
-0.82307,0.55488,0.90812,2.0565,-1.1952,0.7239,-0.84853,-1.6234
-0.75387,0.55987,0.9067,2.069,-1.1566,0.69658,-0.87152,-1.6432
-0.68397,0.56428,0.90597,2.0809,-1.1175,0.66918,-0.89485,-1.6627
-0.61339,0.56812,0.90594,2.0921,-1.078,0.64172,-0.91852,-1.6817
-0.54218,0.57141,0.90663,2.1025,-1.038,0.61421,-0.94251,-1.7003
-0.47037,0.57416,0.90802,2.1122,-0.99765,0.58666,-0.96681,-1.7185
-0.39801,0.57639,0.91013,2.1211,-0.95686,0.55909,-0.99142,-1.7362
-0.32514,0.57812,0.91296,2.1293,-0.9157,0.53152,-1.0163,-1.7535
-0.2518,0.57936,0.9165,2.1367,-0.87419,0.50396,-1.0415,-1.7704
-0.17803,0.58013,0.92076,2.1433,-0.83234,0.47643,-1.0669,-1.7868
-0.10386,0.58045,0.92573,2.1491,-0.79019,0.44893,-1.0926,-1.8028
-0.029351,0.58035,0.9314,2.1541,-0.74775,0.4215,-1.1186,-1.8183
0.045468,0.57983,0.93778,2.1583,-0.70505,0.39413,-1.1447,-1.8333
0.12055,0.57893,0.94486,2.1617,-0.6621,0.36684,-1.1711,-1.8479
0.19586,0.57767,0.95262,2.1642,-0.61894,0.33965,-1.1977,-1.862
0.27135,0.57606,0.96107,2.1659,-0.57558,0.31257,-1.2245,-1.8757
0.34698,0.57413,0.97019,2.1667,-0.53205,0.2856,-1.2514,-1.8889
0.4227,0.57191,0.97998,2.1666,-0.48836,0.25877,-1.2784,-1.9016
0.49847,0.56941,0.99041,2.1657,-0.44454,0.23208,-1.3056,-1.9138
0.57426,0.56668,1.0015,2.164,-0.40062,0.20554,-1.333,-1.9256
0.65001,0.56372,1.0132,2.1613,-0.3566,0.17916,-1.3604,-1.9368
0.72569,0.56056,1.0255,2.1578,-0.31251,0.15296,-1.3879,-1.9476
0.80125,0.55724,1.0384,2.1534,-0.26837,0.12693,-1.4154,-1.9579
0.87665,0.55378,1.0518,2.1482,-0.22421,0.1011,-1.443,-1.9677
0.95184,0.5502,1.0659,2.142,-0.18003,0.07546,-1.4706,-1.977
1.0268,0.54654,1.0804,2.135,-0.13587,0.050022,-1.4983,-1.9858
1.1014,0.54282,1.0955,2.1271,-0.091732,0.024794,-1.5259,-1.9941
1.1758,0.53907,1.1111,2.1183,-0.047646,-0.00022043,-1.5535,-2.0019
1.2497,0.53532,1.1272,2.1087,-0.0036255,-0.025016,-1.581,-2.0092
1.3233,0.53159,1.1437,2.0981,0.04031,-0.049589,-1.6085,-2.016
1.3963,0.52792,1.1606,2.0867,0.084143,-0.073935,-1.6359,-2.0223
1.4689,0.52433,1.1779,2.0745,0.12786,-0.098052,-1.6631,-2.028
1.541,0.52086,1.1956,2.0614,0.17143,-0.12194,-1.6903,-2.0333
1.6124,0.51752,1.2137,2.0475,0.21486,-0.14559,-1.7172,-2.0381
1.6832,0.51435,1.232,2.0327,0.25811,-0.16901,-1.7441,-2.0423
1.7534,0.51138,1.2507,2.0171,0.30118,-0.1922,-1.7707,-2.0461
1.8228,0.50864,1.2696,2.0007,0.34405,-0.21515,-1.7971,-2.0493
1.8915,0.50614,1.2887,1.9835,0.3867,-0.23788,-1.8232,-2.0521
1.9595,0.50393,1.3081,1.9655,0.42913,-0.26037,-1.8491,-2.0543
2.0265,0.50202,1.3276,1.9467,0.47131,-0.28264,-1.8748,-2.056
2.0928,0.50045,1.3472,1.9272,0.51323,-0.30468,-1.9001,-2.0572
2.1581,0.49924,1.367,1.9069,0.55487,-0.3265,-1.9251,-2.058
2.2225,0.49842,1.3868,1.8859,0.59624,-0.34811,-1.9498,-2.0582
2.2858,0.498,1.4067,1.8642,0.6373,-0.3695,-1.9741,-2.0579
2.3482,0.49803,1.4265,1.8418,0.67805,-0.39069,-1.9981,-2.0571
2.4095,0.49851,1.4464,1.8187,0.71848,-0.41168,-2.0216,-2.0558
2.4697,0.49947,1.4661,1.7949,0.75858,-0.43247,-2.0447,-2.0541
2.5288,0.50094,1.4858,1.7706,0.79832,-0.45308,-2.0674,-2.0518
2.5867,0.50294,1.5053,1.7456,0.83771,-0.47351,-2.0896,-2.0491
2.6434,0.50548,1.5246,1.72,0.87674,-0.49376,-2.1113,-2.0458
2.6989,0.5086,1.5437,1.6939,0.91538,-0.51385,-2.1325,-2.0421
2.7531,0.51229,1.5626,1.6673,0.95363,-0.53378,-2.1532,-2.0379
2.806,0.5166,1.5812,1.6401,0.99148,-0.55356,-2.1733,-2.0333
2.8576,0.52152,1.5995,1.6124,1.0289,-0.57319,-2.1929,-2.0282
2.9078,0.52708,1.6174,1.5843,1.0659,-0.5927,-2.2119,-2.0226
2.9566,0.53329,1.6349,1.5557,1.1025,-0.61209,-2.2303,-2.0165
3.0039,0.54017,1.652,1.5267,1.1387,-0.63136,-2.248,-2.01
3.0498,0.54772,1.6686,1.4973,1.1744,-0.65052,-2.2652,-2.0031
3.0942,0.55596,1.6847,1.4676,1.2096,-0.66959,-2.2816,-1.9957
3.1371,0.5649,1.7003,1.4375,1.2444,-0.68857,-2.2974,-1.9879
3.1785,0.57455,1.7153,1.4071,1.2787,-0.70748,-2.3125,-1.9796
3.2182,0.58491,1.7297,1.3765,1.3125,-0.72631,-2.3268,-1.9709
3.2564,0.59599,1.7434,1.3456,1.3458,-0.74509,-2.3405,-1.9618
3.2929,0.6078,1.7565,1.3145,1.3787,-0.76381,-2.3533,-1.9522
3.3278,0.62034,1.7688,1.2832,1.411,-0.7825,-2.3655,-1.9423
3.361,0.6336,1.7804,1.2517,1.4428,-0.80115,-2.3768,-1.9319
3.3925,0.6476,1.7913,1.2201,1.4741,-0.81978,-2.3873,-1.9212
3.4223,0.66233,1.8013,1.1884,1.5048,-0.83839,-2.397,-1.91
3.4503,0.67779,1.8104,1.1566,1.535,-0.85699,-2.4059,-1.8985
3.4766,0.69397,1.8187,1.1248,1.5647,-0.87559,-2.4139,-1.8866
3.5011,0.71088,1.8261,1.093,1.5938,-0.89419,-2.4211,-1.8743
3.5238,0.7285,1.8325,1.0611,1.6223,-0.91281,-2.4274,-1.8616
3.5447,0.74682,1.838,1.0293,1.6503,-0.93144,-2.4328,-1.8486
3.5638,0.76584,1.8424,0.99761,1.6776,-0.9501,-2.4372,-1.8352
3.581,0.78555,1.8459,0.96597,1.7044,-0.9688,-2.4408,-1.8215
3.5963,0.80594,1.8482,0.93444,1.7306,-0.98752,-2.4434,-1.8074
3.6098,0.82699,1.8496,0.90307,1.7562,-1.0063,-2.4451,-1.793
3.6214,0.84869,1.8498,0.87186,1.7812,-1.0251,-2.4459,-1.7782
3.6311,0.87102,1.8489,0.84084,1.8056,-1.044,-2.4457,-1.7631
3.6389,0.89397,1.8468,0.81004,1.8293,-1.0629,-2.4444,-1.7477
3.6448,0.91752,1.8436,0.77948,1.8524,-1.0818,-2.4423,-1.7319
3.6488,0.94165,1.8391,0.74919,1.8749,-1.1008,-2.4391,-1.7159
3.6509,0.96633,1.8335,0.71919,1.8967,-1.1199,-2.4349,-1.6995
3.651,0.99156,1.8266,0.68949,1.9179,-1.139,-2.4296,-1.6829
3.6492,1.0173,1.8185,0.66012,1.9383,-1.1582,-2.4234,-1.6659
3.6454,1.0435,1.8092,0.63109,1.9582,-1.1774,-2.4161,-1.6487
3.6398,1.0702,1.7985,0.60244,1.9773,-1.1967,-2.4078,-1.6311
3.6322,1.0974,1.7866,0.57417,1.9957,-1.2161,-2.3985,-1.6133
3.6227,1.1249,1.7733,0.5463,2.0135,-1.2354,-2.3881,-1.5952
3.6112,1.1529,1.7588,0.51885,2.0305,-1.2549,-2.3766,-1.5768
3.5978,1.1812,1.7429,0.49183,2.0469,-1.2743,-2.3641,-1.5582
3.5826,1.2098,1.7257,0.46525,2.0625,-1.2939,-2.3505,-1.5393
3.5654,1.2387,1.7071,0.43914,2.0774,-1.3134,-2.3359,-1.5202
3.5463,1.2679,1.6872,0.41349,2.0916,-1.333,-2.3202,-1.5007
3.5253,1.2974,1.6659,0.38833,2.105,-1.3525,-2.3034,-1.4811
3.5025,1.327,1.6433,0.36366,2.1177,-1.3721,-2.2855,-1.4612
3.4778,1.3569,1.6193,0.33949,2.1296,-1.3917,-2.2666,-1.441
3.4513,1.3868,1.594,0.31583,2.1407,-1.4113,-2.2466,-1.4207
3.4229,1.4169,1.5673,0.29268,2.1511,-1.4309,-2.2255,-1.4001
3.3928,1.4471,1.5393,0.27005,2.1608,-1.4505,-2.2034,-1.3792
3.3608,1.4773,1.5099,0.24795,2.1696,-1.47,-2.1802,-1.3582
3.3271,1.5075,1.4791,0.22637,2.1777,-1.4895,-2.1559,-1.3369
3.2916,1.5377,1.4471,0.20532,2.1849,-1.5089,-2.1306,-1.3154
3.2544,1.5678,1.4136,0.1848,2.1914,-1.5283,-2.1043,-1.2937
3.2155,1.5978,1.3789,0.1648,2.1971,-1.5476,-2.0768,-1.2718
3.1749,1.6277,1.3429,0.14534,2.202,-1.5668,-2.0484,-1.2497
3.1327,1.6575,1.3055,0.1264,2.206,-1.5858,-2.0189,-1.2274
3.0889,1.687,1.2669,0.10799,2.2093,-1.6048,-1.9884,-1.2049
3.0434,1.7163,1.2269,0.090091,2.2118,-1.6237,-1.9569,-1.1823
2.9965,1.7454,1.1858,0.072707,2.2134,-1.6424,-1.9244,-1.1594
2.948,1.7741,1.1433,0.055829,2.2142,-1.6609,-1.8909,-1.1364
2.898,1.8026,1.0997,0.039451,2.2142,-1.6793,-1.8564,-1.1132
2.8466,1.8306,1.0549,0.023563,2.2133,-1.6975,-1.8209,-1.0899
2.7938,1.8583,1.0088,0.0081582,2.2117,-1.7155,-1.7845,-1.0664
2.7396,1.8856,0.96167,-0.0067749,2.2092,-1.7333,-1.7472,-1.0428
2.684,1.9123,0.91335,-0.021246,2.2059,-1.7508,-1.7089,-1.019
2.6272,1.9386,0.86392,-0.035268,2.2018,-1.7681,-1.6697,-0.99508
2.5691,1.9644,0.81341,-0.048851,2.1968,-1.7852,-1.6297,-0.97103
2.5098,1.9897,0.76184,-0.06201,2.1911,-1.802,-1.5887,-0.94687
2.4494,2.0143,0.70924,-0.074756,2.1845,-1.8185,-1.547,-0.92259
2.3878,2.0384,0.65565,-0.087106,2.1771,-1.8346,-1.5044,-0.89822
2.3251,2.0618,0.60108,-0.099073,2.1689,-1.8505,-1.461,-0.87374
2.2615,2.0846,0.54558,-0.11067,2.1599,-1.866,-1.4168,-0.84918
2.1968,2.1067,0.48917,-0.12192,2.1501,-1.8812,-1.3718,-0.82454
2.1313,2.1281,0.43189,-0.13283,2.1395,-1.8961,-1.3261,-0.79983
2.0648,2.1487,0.37377,-0.14342,2.1281,-1.9105,-1.2797,-0.77506
1.9976,2.1686,0.31486,-0.15372,2.116,-1.9246,-1.2326,-0.75024
1.9295,2.1878,0.25518,-0.16372,2.1031,-1.9382,-1.1848,-0.72537
1.8608,2.2061,0.19477,-0.17346,2.0894,-1.9515,-1.1364,-0.70048
1.7914,2.2236,0.13368,-0.18295,2.0749,-1.9643,-1.0874,-0.67558
1.7214,2.2403,0.071937,-0.1922,2.0597,-1.9767,-1.0378,-0.65066
1.6508,2.2562,0.009585,-0.20124,2.0438,-1.9886,-0.9877,-0.62575
1.5797,2.2711,-0.053335,-0.21008,2.0272,-2.0001,-0.93705,-0.60085
1.5082,2.2852,-0.11678,-0.21875,2.0099,-2.0111,-0.88591,-0.57598
1.4363,2.2984,-0.18072,-0.22725,1.9919,-2.0216,-0.83431,-0.55115
1.364,2.3107,-0.24509,-0.23561,1.9732,-2.0316,-0.7823,-0.52637
1.2915,2.3221,-0.30987,-0.24384,1.9538,-2.0411,-0.72989,-0.50165
1.2188,2.3326,-0.375,-0.25197,1.9338,-2.0501,-0.67712,-0.47701
1.146,2.3421,-0.44044,-0.26,1.9132,-2.0586,-0.62403,-0.45247
1.073,2.3507,-0.50615,-0.26795,1.8919,-2.0665,-0.57066,-0.42803
0.99998,2.3583,-0.57208,-0.27585,1.8701,-2.0739,-0.51703,-0.40371
0.92699,2.3649,-0.63819,-0.28371,1.8477,-2.0808,-0.4632,-0.37952
0.85409,2.3706,-0.70443,-0.29153,1.8247,-2.0871,-0.40918,-0.35548
0.78132,2.3754,-0.77076,-0.29935,1.8012,-2.0928,-0.35502,-0.3316
0.70875,2.3791,-0.83712,-0.30717,1.7772,-2.098,-0.30076,-0.30789
0.63644,2.3819,-0.90348,-0.31501,1.7527,-2.1027,-0.24644,-0.28438
0.56445,2.3838,-0.96979,-0.32287,1.7277,-2.1068,-0.19209,-0.26107
0.49283,2.3846,-1.036,-0.33078,1.7023,-2.1103,-0.13775,-0.23798
0.42165,2.3845,-1.102,-0.33875,1.6765,-2.1132,-0.083464,-0.21513
0.35095,2.3835,-1.1679,-0.34679,1.6502,-2.1156,-0.02927,-0.19253
0.28081,2.3814,-1.2335,-0.3549,1.6236,-2.1174,0.024792,-0.17019
0.21127,2.3785,-1.2989,-0.3631,1.5966,-2.1186,0.078684,-0.14814
0.1424,2.3746,-1.3639,-0.37141,1.5693,-2.1192,0.13236,-0.12638
0.074241,2.3697,-1.4285,-0.37982,1.5417,-2.1193,0.18579,-0.10493
0.0068624,2.3639,-1.4927,-0.38834,1.5138,-2.1188,0.23893,-0.083808
-0.059685,2.3573,-1.5564,-0.39699,1.4857,-2.1178,0.29173,-0.063027
-0.12535,2.3497,-1.6196,-0.40577,1.4574,-2.1162,0.34416,-0.042603
-0.19007,2.3412,-1.6823,-0.41469,1.4289,-2.114,0.39618,-0.022549
-0.2538,2.3318,-1.7443,-0.42375,1.4002,-2.1113,0.44775,-0.0028794
-0.31648,2.3216,-1.8057,-0.43295,1.3714,-2.1081,0.49882,0.01639
-0.37806,2.3105,-1.8664,-0.4423,1.3425,-2.1043,0.54936,0.035247
